Map_Files/Hisorical/bio1Stability.asc
NCOLS 312 
NROWS 528 
XLLCORNER 7 
YLLCORNER -10 
CELLSIZE 0.0416666666666667 
NODATA_value -9999 
[rows 105 to 125 of 528, columns 48 to 95 of 312]
0.105877660214901 0.128995448350906 0.105877660214901 0.105877660214901 0.128995448350906 0.130740568041801 0.127254813909531 0.105877660214901 0.105877660214901 0.105877660214901 0.09918212890625 0.105877660214901 0.128995448350906 0.128995448350906 0.105877660214901 0.09918212890625 0.105877660214901 0.09918212890625 0.105877660214901 0.09918212890625 0.073874868452549 0.09918212890625 0.105877660214901 0.105877660214901 0.107562355697155 0.107562355697155 0.0966890156269073 0.0917314887046814 0.0659209936857224 0.0627673119306564 0.0659209936857224 0.09918212890625 0.109251424670219 0.0868118554353714 0.0557287447154522 0.105877660214901 0.0557287447154522 0.11264280974865 0.09918212890625 0.09918212890625 0.09918212890625 0.0643421784043312 0.09918212890625 0.0659209936857224 0.09918212890625 0.09918212890625 0.0557287447154522 0.09918212890625
0.105877660214901 0.105877660214901 0.105877660214901 0.105877660214901 0.105877660214901 0.09918212890625 0.0675037652254105 0.09918212890625 0.09918212890625 0.09918212890625 0.105877660214901 0.09918212890625 0.105877660214901 0.105877660214901 0.09918212890625 0.0659209936857224 0.09918212890625 0.105877660214901 0.09918212890625 0.105877660214901 0.09918212890625 0.105877660214901 0.09918212890625 0.0690906047821045 0.0803105682134628 0.0966890156269073 0.0675037652254105 0.0900874510407448 0.0690906047821045 0.0627673119306564 0.0675037652254105 0.0884476080536842 0.0722761005163193 0.0917314887046814 0.0950322970747948 0.0675037652254105 0.0966890156269073 0.0596292801201344 0.0659209936857224 0.0643421784043312 0.0917314887046814 0.0675037652254105 0.0933797359466553 0.0659209936857224 0.09918212890625 0.0659209936857224 0.0596292801201344 0.0627673119306564
0.09918212890625 0.128995448350906 0.130740568041801 0.128995448350906 0.105877660214901 0.09918212890625 0.09918212890625 0.09918212890625 0.09918212890625 0.105877660214901 0.09918212890625 0.105877660214901 0.09918212890625 0.105877660214901 0.09918212890625 0.09918212890625 0.0643421784043312 0.0933797359466553 0.073874868452549 0.0950322970747948 0.09918212890625 0.09918212890625 0.09918212890625 0.0917314887046814 0.0690906047821045 0.10252121835947 0.051079947501421 0.0950322970747948 0.09918212890625 0.0690906047821045 0.0933797359466553 0.0722761005163193 0.0900874510407448 0.0643421784043312 0.0659209936857224 0.09918212890625 0.09918212890625 0.09918212890625 0.09918212890625 0.0627673119306564 0.0659209936857224 0.0950322970747948 0.0659209936857224 0.0643421784043312 0.09918212890625 0.09918212890625 0.105877660214901 0.09918212890625
0.0659209936857224 0.105877660214901 0.105877660214901 0.105877660214901 0.09918212890625 0.0659209936857224 0.09918212890625 0.09918212890625 0.105877660214901 0.09918212890625 0.09918212890625 0.09918212890625 0.105877660214901 0.09918212890625 0.0675037652254105 0.09918212890625 0.0643421784043312 0.0675037652254105 0.0884476080536842 0.0659209936857224 0.0675037652254105 0.0933797359466553 0.0690906047821045 0.0557287447154522 0.051079947501421 0.0950322970747948 0.0643421784043312 0.09918212890625 0.105877660214901 0.0950322970747948 0.09918212890625 0.09918212890625 0.09918212890625 0.0659209936857224 0.0933797359466553 0.0643421784043312 0.0643421784043312 0.0627673119306564 0.0596292801201344 0.0659209936857224 0.0627673119306564 0.0596292801201344 0.0596292801201344 0.0611962974071503 0.0659209936857224 0.0950322970747948 0.0659209936857224 0.0596292801201344
0.09918212890625 0.09918212890625 0.09918212890625 0.09918212890625 0.09918212890625 0.09918212890625 0.105877660214901 0.09918212890625 0.09918212890625 0.09918212890625 0.0659209936857224 0.09918212890625 0.105877660214901 0.09918212890625 0.0659209936857224 0.0950322970747948 0.0659209936857224 0.0659209936857224 0.0675037652254105 0.0557287447154522 0.0659209936857224 0.0933797359466553 0.0917314887046814 0.049538042396307 0.0706813484430313 0.0786955580115318 0.073874868452549 0.0722761005163193 0.0659209936857224 0.0722761005163193 0.073874868452549 0.0950322970747948 0.0659209936857224 0.0596292801201344 0.0627673119306564 0.0611962974071503 0.0580661706626415 0.0659209936857224 0.051079947501421 0.09918212890625 0.0917314887046814 0.0643421784043312 0.0596292801201344 0.0596292801201344 0.0557287447154522 0.0596292801201344 0.0596292801201344 0.0596292801201344
0.105877660214901 0.09918212890625 0.0659209936857224 0.0596292801201344 0.0627673119306564 0.0659209936857224 0.09918212890625 0.0675037652254105 0.09918212890625 0.0659209936857224 0.0659209936857224 0.09918212890625 0.09918212890625 0.0659209936857224 0.0643421784043312 0.0643421784043312 0.0659209936857224 0.0917314887046814 0.0917314887046814 0.0675037652254105 0.0659209936857224 0.0643421784043312 0.0722761005163193 0.0418852940201759 0.0900874510407448 0.0950322970747948 0.0627673119306564 0.0675037652254105 0.0418852940201759 0.0659209936857224 0.0690906047821045 0.0675037652254105 0.0611962974071503 0.0596292801201344 0.0611962974071503 0.0611962974071503 0.0572860315442085 0.0643421784043312 0.0557287447154522 0.035830482840538 0.0557287447154522 0.0596292801201344 0.0596292801201344 0.0557287447154522 0.035830482840538 0.035830482840538 0.0557287447154522 0.0557287447154522
0.09918212890625 0.105877660214901 0.09918212890625 0.0643421784043312 0.0611962974071503 0.0659209936857224 0.09918212890625 0.105877660214901 0.09918212890625 0.09918212890625 0.09918212890625 0.09918212890625 0.0643421784043312 0.0643421784043312 0.0933797359466553 0.0690906047821045 0.0900874510407448 0.0659209936857224 0.0659209936857224 0.0917314887046814 0.0933797359466553 0.0643421784043312 0.0526256747543812 0.0418852940201759 0.0722761005163193 0.0675037652254105 0.0434082932770252 0.0526256747543812 0.0526256747543812 0.0706813484430313 0.0526256747543812 0.0434082932770252 0.09918212890625 0.0557287447154522 0.0643421784043312 0.0596292801201344 0.0611962974071503 0.0611962974071503 0.0643421784043312 0.0557287447154522 0.0611962974071503 0.0596292801201344 0.0557287447154522 0.0557287447154522 0.0557287447154522 0.0557287447154522 0.0596292801201344 0.0596292801201344
0.0659209936857224 0.09918212890625 0.0659209936857224 0.0596292801201344 0.0643421784043312 0.0966890156269073 0.0659209936857224 0.09918212890625 0.0675037652254105 0.09918212890625 0.0675037652254105 0.0627673119306564 0.0596292801201344 0.0627673119306564 0.0659209936857224 0.0917314887046814 0.0643421784043312 0.0596292801201344 0.0659209936857224 0.0659209936857224 0.0643421784043312 0.0557287447154522 0.0675037652254105 0.051079947501421 0.073874868452549 0.0388504229485989 0.0449350439012051 0.051079947501421 0.047999944537878 0.0449350439012051 0.0557287447154522 0.0596292801201344 0.0596292801201344 0.0596292801201344 0.0596292801201344 0.0611962974071503 0.0611962974071503 0.0611962974071503 0.0596292801201344 0.0611962974071503 0.0627673119306564 0.0526256747543812 0.035830482840538 0.035830482840538 0.0557287447154522 0.0611962974071503 0.0557287447154522 0.0596292801201344
0.09918212890625 0.09918212890625 0.09918212890625 0.09918212890625 0.09918212890625 0.0627673119306564 0.0557287447154522 0.0611962974071503 0.0643421784043312 0.0643421784043312 0.0900874510407448 0.0627673119306564 0.0643421784043312 0.0950322970747948 0.0643421784043312 0.0643421784043312 0.0572860315442085 0.0659209936857224 0.0900874510407448 0.0659209936857224 0.0643421784043312 0.0643421784043312 0.073874868452549 0.035830482840538 0.049538042396307 0.0373386032879353 0.0690906047821045 0.047999944537878 0.0900874510407448 0.0557287447154522 0.0580661706626415 0.0580661706626415 0.0596292801201344 0.0596292801201344 0.0596292801201344 0.0611962974071503 0.0611962974071503 0.0611962974071503 0.0611962974071503 0.0596292801201344 0.0557287447154522 0.035830482840538 0.0526256747543812 0.0557287447154522 0.0627673119306564 0.0557287447154522 0.0388504229485989 0.051079947501421
0.0643421784043312 0.0627673119306564 0.0643421784043312 0.0643421784043312 0.0596292801201344 0.0580661706626415 0.0596292801201344 0.0596292801201344 0.0627673119306564 0.0643421784043312 0.0627673119306564 0.0596292801201344 0.0596292801201344 0.0643421784043312 0.0611962974071503 0.0596292801201344 0.0611962974071503 0.0596292801201344 0.0659209936857224 0.0659209936857224 0.0557287447154522 0.051079947501421 0.0722761005163193 0.0690906047821045 0.0690906047821045 0.0659209936857224 0.0557287447154522 0.0643421784043312 0.0557287447154522 0.0557287447154522 0.0335751660168171 0.0335751660168171 0.0335751660168171 0.0557287447154522 0.0611962974071503 0.0596292801201344 0.0596292801201344 0.0596292801201344 0.0557287447154522 0.0596292801201344 0.0557287447154522 0.035830482840538 0.0541753247380257 0.0596292801201344 0.0596292801201344 0.0557287447154522 0.0335751660168171 0.0388504229485989
0.0611962974071503 0.0643421784043312 0.09918212890625 0.09918212890625 0.0596292801201344 0.0596292801201344 0.0596292801201344 0.0643421784043312 0.09918212890625 0.09918212890625 0.0627673119306564 0.0557287447154522 0.0596292801201344 0.0611962974071503 0.0596292801201344 0.0596292801201344 0.0596292801201344 0.0596292801201344 0.0659209936857224 0.0900874510407448 0.0675037652254105 0.0557287447154522 0.0659209936857224 0.0557287447154522 0.0464655645191669 0.0557287447154522 0.0464655645191669 0.0643421784043312 0.0580661706626415 0.0335751660168171 0.0335751660168171 0.0572860315442085 0.0557287447154522 0.0343259647488594 0.0580661706626415 0.0611962974071503 0.0572860315442085 0.0557287447154522 0.035830482840538 0.0557287447154522 0.0596292801201344 0.0526256747543812 0.035830482840538 0.0557287447154522 0.0596292801201344 0.0557287447154522 0.035830482840538 0.0526256747543812
0.0627673119306564 0.09918212890625 0.0643421784043312 0.0643421784043312 0.0596292801201344 0.0596292801201344 0.0596292801201344 0.0596292801201344 0.0627673119306564 0.0643421784043312 0.0557287447154522 0.035830482840538 0.0572860315442085 0.0596292801201344 0.0596292801201344 0.0596292801201344 0.0596292801201344 0.0611962974071503 0.0596292801201344 0.0659209936857224 0.0596292801201344 0.0557287447154522 0.051079947501421 0.0388504229485989 0.0202148649841547 0.0231586843729019 0.051079947501421 0.0572860315442085 0.0611962974071503 0.0572860315442085 0.0557287447154522 0.0611962974071503 0.0596292801201344 0.0596292801201344 0.0596292801201344 0.0596292801201344 0.0343259647488594 0.0343259647488594 0.0526256747543812 0.0596292801201344 0.0557287447154522 0.0557287447154522 0.0343259647488594 0.0526256747543812 0.0627673119306564 0.0526256747543812 0.0388504229485989 0.051079947501421
0.0611962974071503 0.0596292801201344 0.0611962974071503 0.09918212890625 0.0643421784043312 0.0596292801201344 0.0596292801201344 0.0596292801201344 0.0611962974071503 0.0611962974071503 0.0596292801201344 0.0572860315442085 0.0611962974071503 0.0596292801201344 0.0596292801201344 0.0611962974071503 0.0596292801201344 0.0596292801201344 0.0611962974071503 0.0596292801201344 0.0659209936857224 0.0596292801201344 0.0868118554353714 0.0373386032879353 0.0690906047821045 0.0343259647488594 0.0335751660168171 0.0335751660168171 0.0335751660168171 0.0611962974071503 0.0343259647488594 0.0557287447154522 0.0343259647488594 0.0557287447154522 0.0335751660168171 0.0580661706626415 0.0580661706626415 0.0557287447154522 0.035830482840538 0.0526256747543812 0.0464655645191669 0.051079947501421 0.0335751660168171 0.035830482840538 0.049538042396307 0.0418852940201759 0.0434082932770252 0.0388504229485989
0.0596292801201344 0.0596292801201344 0.0343259647488594 0.0596292801201344 0.0611962974071503 0.0596292801201344 0.0611962974071503 0.0611962974071503 0.0611962974071503 0.0611962974071503 0.0596292801201344 0.0611962974071503 0.0611962974071503 0.0611962974071503 0.0611962974071503 0.0611962974071503 0.0596292801201344 0.0596292801201344 0.0557287447154522 0.0557287447154522 0.0659209936857224 0.073874868452549 0.0596292801201344 0.04036595672369 0.047999944537878 0.0557287447154522 0.0557287447154522 0.0335751660168171 0.0335751660168171 0.0572860315442085 0.0572860315442085 0.0335751660168171 0.0557287447154522 0.0335751660168171 0.0335751660168171 0.0596292801201344 0.0557287447154522 0.0335751660168171 0.0335751660168171 0.035830482840538 0.0526256747543812 0.0526256747543812 0.0343259647488594 0.0305808689445257 0.0343259647488594 0.0305808689445257 0.0343259647488594 0.0335751660168171
0.0611962974071503 0.0611962974071503 0.0557287447154522 0.0596292801201344 0.0611962974071503 0.0596292801201344 0.0611962974071503 0.0611962974071503 0.0596292801201344 0.0611962974071503 0.0596292801201344 0.0596292801201344 0.0557287447154522 0.0643421784043312 0.0596292801201344 0.0611962974071503 0.0572860315442085 0.0557287447154522 0.0596292801201344 0.035830482840538 0.0580661706626415 0.049538042396307 0.035830482840538 0.0596292801201344 0.0335751660168171 0.0557287447154522 0.0335751660168171 0.0335751660168171 0.0557287447154522 0.0611962974071503 0.0596292801201344 0.0305808689445257 0.0335751660168171 0.0557287447154522 0.0557287447154522 0.0596292801201344 0.0335751660168171 0.0343259647488594 0.051079947501421 0.0557287447154522 0.0557287447154522 0.0343259647488594 0.0335751660168171 0.0335751660168171 0.0335751660168171 0.0305808689445257 0.0343259647488594 0.0557287447154522
0.0343259647488594 0.0557287447154522 0.0596292801201344 0.0596292801201344 0.0611962974071503 0.0596292801201344 0.0596292801201344 0.0580661706626415 0.0611962974071503 0.0596292801201344 0.0611962974071503 0.0596292801201344 0.0611962974071503 0.0596292801201344 0.0596292801201344 0.0580661706626415 0.0343259647488594 0.0572860315442085 0.0611962974071503 0.0596292801201344 0.0580661706626415 0.035830482840538 0.0526256747543812 0.0343259647488594 0.0557287447154522 0.0335751660168171 0.0557287447154522 0.0557287447154522 0.0335751660168171 0.0580661706626415 0.0557287447154522 0.0335751660168171 0.0343259647488594 0.0557287447154522 0.0335751660168171 0.0572860315442085 0.0572860315442085 0.0526256747543812 0.035830482840538 0.0343259647488594 0.0557287447154522 0.0557287447154522 0.0557287447154522 0.0557287447154522 0.0557287447154522 0.035830482840538 0.0526256747543812 0.0596292801201344
0.0335751660168171 0.0557287447154522 0.0611962974071503 0.0596292801201344 0.0572860315442085 0.0596292801201344 0.0611962974071503 0.0343259647488594 0.0596292801201344 0.0611962974071503 0.0596292801201344 0.0596292801201344 0.0596292801201344 0.0611962974071503 0.0596292801201344 0.0611962974071503 0.0596292801201344 0.0596292801201344 0.0343259647488594 0.0572860315442085 0.0596292801201344 0.0557287447154522 0.0343259647488594 0.0557287447154522 0.0580661706626415 0.0335751660168171 0.0335751660168171 0.0335751660168171 0.0320761501789093 0.0305808689445257 0.0335751660168171 0.0557287447154522 0.0596292801201344 0.0596292801201344 0.0572860315442085 0.0596292801201344 0.0557287447154522 0.0418852940201759 0.049538042396307 0.0343259647488594 0.035830482840538 0.0557287447154522 0.0343259647488594 0.0343259647488594 0.0557287447154522 0.0557287447154522 0.0557287447154522 0.0343259647488594
0.0343259647488594 0.0557287447154522 0.0611962974071503 0.0572860315442085 0.0343259647488594 0.0596292801201344 0.09918212890625 0.0596292801201344 0.0611962974071503 0.0611962974071503 0.0596292801201344 0.09918212890625 0.0596292801201344 0.0596292801201344 0.0611962974071503 0.0611962974071503 0.0596292801201344 0.0596292801201344 0.0572860315442085 0.0557287447154522 0.0557287447154522 0.0557287447154522 0.0343259647488594 0.0572860315442085 0.0596292801201344 0.0596292801201344 0.0611962974071503 0.0557287447154522 0.0557287447154522 0.0343259647488594 0.0557287447154522 0.0572860315442085 0.0343259647488594 0.0596292801201344 0.0572860315442085 0.035830482840538 0.0557287447154522 0.051079947501421 0.0434082932770252 0.0557287447154522 0.0557287447154522 0.0611962974071503 0.0557287447154522 0.0343259647488594 0.0526256747543812 0.035830482840538 0.0557287447154522 0.0343259647488594
0.0966890156269073 0.0596292801201344 0.0596292801201344 0.0596292801201344 0.0572860315442085 0.0557287447154522 0.0627673119306564 0.09918212890625 0.0596292801201344 0.0596292801201344 0.0596292801201344 0.0596292801201344 0.0596292801201344 0.0611962974071503 0.0596292801201344 0.0596292801201344 0.035830482840538 0.0572860315442085 0.0557287447154522 0.0557287447154522 0.0388504229485989 0.0557287447154522 0.0596292801201344 0.0596292801201344 0.0343259647488594 0.0596292801201344 0.0611962974071503 0.0343259647488594 0.0596292801201344 0.0611962974071503 0.0596292801201344 0.0611962974071503 0.0580661706626415 0.0596292801201344 0.0557287447154522 0.0557287447154522 0.0596292801201344 0.0596292801201344 0.0557287447154522 0.0596292801201344 0.0596292801201344 0.0611962974071503 0.0596292801201344 0.0335751660168171 0.0343259647488594 0.0557287447154522 0.0596292801201344 0.0343259647488594
0.0596292801201344 0.0596292801201344 0.0611962974071503 0.0596292801201344 0.0572860315442085 0.0343259647488594 0.0343259647488594 0.0627673119306564 0.0596292801201344 0.0611962974071503 0.0596292801201344 0.0596292801201344 0.0611962974071503 0.0611962974071503 0.0596292801201344 0.0596292801201344 0.0950322970747948 0.0611962974071503 0.04036595672369 0.0557287447154522 0.0557287447154522 0.0596292801201344 0.09918212890625 0.0596292801201344 0.0596292801201344 0.09918212890625 0.0627673119306564 0.0572860315442085 0.0596292801201344 0.0596292801201344 0.0596292801201344 0.0596292801201344 0.0596292801201344 0.0557287447154522 0.047999944537878 0.0557287447154522 0.0596292801201344 0.0596292801201344 0.0627673119306564 0.0557287447154522 0.0596292801201344 0.0611962974071503 0.0596292801201344 0.0557287447154522 0.0557287447154522 0.0627673119306564 0.0572860315442085 0.0557287447154522
0.0596292801201344 0.0611962974071503 0.0596292801201344 0.0611962974071503 0.0611962974071503 0.0557287447154522 0.0596292801201344 0.0983499959111214 0.0627673119306564 0.0557287447154522 0.0343259647488594 0.0580661706626415 0.0596292801201344 0.0596292801201344 0.0627673119306564 0.0596292801201344 0.0643421784043312 0.0659209936857224 0.0557287447154522 0.0580661706626415 0.0596292801201344 0.0611962974071503 0.0627673119306564 0.0596292801201344 0.0596292801201344 0.0627673119306564 0.09918212890625 0.0627673119306564 0.0596292801201344 0.0596292801201344 0.0596292801201344 0.0611962974071503 0.0596292801201344 0.0611962974071503 0.0557287447154522 0.0596292801201344 0.0611962974071503 0.0611962974071503 0.0557287447154522 0.0643421784043312 0.0557287447154522 0.0596292801201344 0.0611962974071503 0.0596292801201344 0.0659209936857224 0.051079947501421 0.049538042396307 0.0526256747543812
