Map_Files/Hisorical/bio1Stability.asc
NCOLS 312 
NROWS 528 
XLLCORNER 7 
YLLCORNER -10 
CELLSIZE 0.0416666666666667 
NODATA_value -9999 
[rows 336 to 356 of 528, columns 48 to 95 of 312]
-9999 -9999 -9999 -9999 -9999 -9999 -9999 -9999 -9999 -9999 0.402317941188812 0.397261261940002 0.397261261940002 0.397261261940002 0.39978551864624 0.39978551864624 0.397261261940002 0.340157628059387 0.337818264961243 0.342503994703293 0.337818264961243 0.337818264961243 0.302450060844421 0.337818264961243 0.311420232057571 0.328532069921494 0.344857573509216 0.328532069921494 0.311420232057571 0.323931068181992 0.30916765332222 0.29138645529747 0.302450060844421 0.295792192220688 0.302450060844421 0.300224214792252 0.293586045503616 0.29138645529747 0.279403656721115 0.287006556987762 0.300224214792252 0.29138645529747 0.272948622703552 0.260206550359726 0.19485767185688 0.256008267402649 0.266549825668335 0.262314915657043
-9999 -9999 -9999 -9999 -9999 -9999 -9999 -9999 -9999 -9999 -9999 0.402317941188812 0.402317941188812 0.397261261940002 0.402317941188812 0.402317941188812 0.347218334674835 0.340157628059387 0.342503994703293 0.340157628059387 0.340157628059387 0.342503994703293 0.304682552814484 0.337818264961243 0.337818264961243 0.311420232057571 0.311420232057571 0.328532069921494 0.306921690702438 0.30916765332222 0.302450060844421 0.29800483584404 0.295792192220688 0.302450060844421 0.29800483584404 0.29800483584404 0.272948622703552 0.29138645529747 0.266549825668335 0.272948622703552 0.293586045503616 0.293586045503616 0.266549825668335 0.262314915657043 0.258104383945465 0.266549825668335 0.266549825668335 0.266549825668335
-9999 -9999 -9999 -9999 -9999 -9999 -9999 -9999 -9999 -9999 -9999 -9999 0.39978551864624 0.402317941188812 0.344857573509216 0.402317941188812 0.39978551864624 0.340157628059387 0.342503994703293 0.342503994703293 0.337818264961243 0.342503994703293 0.337818264961243 0.342503994703293 0.342503994703293 0.347218334674835 0.315945655107498 0.323931068181992 0.30916765332222 0.302450060844421 0.302450060844421 0.300224214792252 0.302450060844421 0.29800483584404 0.270809501409531 0.29800483584404 0.29138645529747 0.268676519393921 0.266549825668335 0.266549825668335 0.293586045503616 0.289193212985992 0.266549825668335 0.262314915657043 0.264429301023483 0.266549825668335 0.262314915657043 0.260206550359726
-9999 -9999 -9999 -9999 -9999 -9999 -9999 -9999 -9999 -9999 -9999 -9999 -9999 0.402317941188812 0.347218334674835 0.402317941188812 0.402317941188812 0.39978551864624 0.337818264961243 0.342503994703293 0.304682552814484 0.342503994703293 0.342503994703293 0.337818264961243 0.306921690702438 0.337818264961243 0.328532069921494 0.311420232057571 0.30916765332222 0.300224214792252 0.300224214792252 0.302450060844421 0.29800483584404 0.272948622703552 0.293586045503616 0.29800483584404 0.302450060844421 0.293586045503616 0.29138645529747 0.275093972682953 0.282652497291565 0.279403656721115 0.266549825668335 0.266549825668335 0.266549825668335 0.282652497291565 0.266549825668335 0.253918200731277
-9999 -9999 -9999 -9999 -9999 -9999 -9999 -9999 -9999 -9999 -9999 -9999 -9999 -9999 0.402317941188812 0.402317941188812 0.397261261940002 0.39978551864624 0.340157628059387 0.337818264961243 0.337818264961243 0.342503994703293 0.302450060844421 0.302450060844421 0.337818264961243 0.337818264961243 0.325078666210175 0.30916765332222 0.326228082180023 0.302450060844421 0.302450060844421 0.300224214792252 0.302450060844421 0.29800483584404 0.29800483584404 0.272948622703552 0.29800483584404 0.300224214792252 0.29800483584404 0.29138645529747 0.272948622703552 0.289193212985992 0.29138645529747 0.29138645529747 0.266549825668335 0.266549825668335 0.264429301023483 0.196780771017075
-9999 -9999 -9999 -9999 -9999 -9999 -9999 -9999 -9999 -9999 -9999 -9999 -9999 -9999 -9999 0.344857573509216 0.39978551864624 0.344857573509216 0.340157628059387 0.397261261940002 0.340157628059387 0.342503994703293 0.337818264961243 0.302450060844421 0.342503994703293 0.337818264961243 0.326228082180023 0.325078666210175 0.328532069921494 0.30916765332222 0.337818264961243 0.300224214792252 0.302450060844421 0.300224214792252 0.302450060844421 0.29800483584404 0.29800483584404 0.266549825668335 0.268676519393921 0.29138645529747 0.268676519393921 0.293586045503616 0.300224214792252 0.29138645529747 0.266549825668335 0.266549825668335 0.282652497291565 0.262314915657043
-9999 -9999 -9999 -9999 -9999 -9999 -9999 -9999 -9999 -9999 -9999 -9999 -9999 -9999 -9999 0.39978551864624 0.402317941188812 0.340157628059387 0.340157628059387 0.340157628059387 0.397261261940002 0.340157628059387 0.342503994703293 0.337818264961243 0.337818264961243 0.306921690702438 0.315945655107498 0.326228082180023 0.306921690702438 0.302450060844421 0.337818264961243 0.300224214792252 0.302450060844421 0.302450060844421 0.302450060844421 0.302450060844421 0.293586045503616 0.266549825668335 0.29138645529747 0.266549825668335 0.266549825668335 0.295792192220688 0.295792192220688 0.272948622703552 0.264429301023483 0.262314915657043 0.266549825668335 0.266549825668335
-9999 -9999 -9999 -9999 -9999 -9999 -9999 -9999 -9999 -9999 -9999 -9999 -9999 -9999 -9999 0.402317941188812 0.397261261940002 0.397261261940002 0.340157628059387 0.340157628059387 0.340157628059387 0.340157628059387 0.337818264961243 0.306921690702438 0.337818264961243 0.337818264961243 0.347218334674835 0.318218678236008 0.344857573509216 0.306921690702438 0.337818264961243 0.300224214792252 0.300224214792252 0.302450060844421 0.300224214792252 0.29800483584404 0.272948622703552 0.293586045503616 0.300224214792252 0.266549825668335 0.266549825668335 0.29138645529747 0.295792192220688 0.266549825668335 0.266549825668335 0.266549825668335 0.262314915657043 0.266549825668335
-9999 -9999 -9999 -9999 -9999 -9999 -9999 -9999 -9999 -9999 -9999 -9999 -9999 -9999 -9999 0.402317941188812 0.402317941188812 0.402317941188812 0.397261261940002 0.340157628059387 0.342503994703293 0.342503994703293 0.340157628059387 0.342503994703293 0.342503994703293 0.340157628059387 0.342503994703293 0.344857573509216 0.342503994703293 0.337818264961243 0.337818264961243 0.342503994703293 0.337818264961243 0.302450060844421 0.300224214792252 0.302450060844421 0.293586045503616 0.302450060844421 0.300224214792252 0.29800483584404 0.29138645529747 0.268676519393921 0.29138645529747 0.272948622703552 0.289193212985992 0.29138645529747 0.266549825668335 0.260206550359726
-9999 -9999 -9999 -9999 -9999 -9999 -9999 -9999 -9999 -9999 -9999 -9999 -9999 -9999 -9999 -9999 0.397261261940002 0.402317941188812 0.349586486816406 0.397261261940002 0.340157628059387 0.337818264961243 0.337818264961243 0.340157628059387 0.342503994703293 0.342503994703293 0.340157628059387 0.306921690702438 0.337818264961243 0.302450060844421 0.302450060844421 0.337818264961243 0.337818264961243 0.302450060844421 0.302450060844421 0.300224214792252 0.302450060844421 0.302450060844421 0.302450060844421 0.29800483584404 0.272948622703552 0.29138645529747 0.295792192220688 0.270809501409531 0.272948622703552 0.29138645529747 0.266549825668335 0.262314915657043
-9999 -9999 -9999 -9999 -9999 -9999 -9999 -9999 -9999 -9999 -9999 -9999 -9999 -9999 -9999 -9999 -9999 0.402317941188812 0.402317941188812 0.402317941188812 0.344857573509216 0.394744992256165 0.347218334674835 0.342503994703293 0.340157628059387 0.337818264961243 0.304682552814484 0.337818264961243 0.337818264961243 0.302450060844421 0.300224214792252 0.300224214792252 0.30916765332222 0.344857573509216 0.300224214792252 0.302450060844421 0.344857573509216 0.300224214792252 0.302450060844421 0.302450060844421 0.295792192220688 0.302450060844421 0.302450060844421 0.295792192220688 0.29138645529747 0.29138645529747 0.262314915657043 0.266549825668335
-9999 -9999 -9999 -9999 -9999 -9999 -9999 -9999 -9999 -9999 -9999 -9999 -9999 -9999 -9999 -9999 -9999 -9999 0.397261261940002 0.397261261940002 0.347218334674835 0.397261261940002 0.347218334674835 0.342503994703293 0.340157628059387 0.340157628059387 0.342503994703293 0.402317941188812 0.340157628059387 0.337818264961243 0.337818264961243 0.306921690702438 0.344857573509216 0.302450060844421 0.302450060844421 0.302450060844421 0.302450060844421 0.302450060844421 0.302450060844421 0.295792192220688 0.302450060844421 0.300224214792252 0.302450060844421 0.295792192220688 0.272948622703552 0.262314915657043 0.202582255005836 0.262314915657043
-9999 -9999 -9999 -9999 -9999 -9999 -9999 -9999 -9999 -9999 -9999 -9999 -9999 -9999 -9999 -9999 -9999 -9999 -9999 0.39978551864624 0.397261261940002 0.347218334674835 0.394744992256165 0.340157628059387 0.344857573509216 0.397261261940002 0.347218334674835 0.337818264961243 0.342503994703293 0.342503994703293 0.340157628059387 0.337818264961243 0.30916765332222 0.300224214792252 0.300224214792252 0.300224214792252 0.344857573509216 0.302450060844421 0.295792192220688 0.272948622703552 0.29138645529747 0.295792192220688 0.302450060844421 0.302450060844421 0.29138645529747 0.266549825668335 0.258104383945465 0.262314915657043
-9999 -9999 -9999 -9999 -9999 -9999 -9999 -9999 -9999 -9999 -9999 -9999 -9999 -9999 -9999 -9999 -9999 -9999 -9999 -9999 0.347218334674835 0.340157628059387 0.347218334674835 0.404858261346817 0.349586486816406 0.397261261940002 0.394744992256165 0.347218334674835 0.342503994703293 0.337818264961243 0.340157628059387 0.340157628059387 0.337818264961243 0.302450060844421 0.344857573509216 0.302450060844421 0.302450060844421 0.344857573509216 0.300224214792252 0.29138645529747 0.268676519393921 0.272948622703552 0.29138645529747 0.295792192220688 0.272948622703552 0.262314915657043 0.264429301023483 0.266549825668335
-9999 -9999 -9999 -9999 -9999 -9999 -9999 -9999 -9999 -9999 -9999 -9999 -9999 -9999 -9999 -9999 -9999 -9999 -9999 -9999 -9999 0.39978551864624 0.397261261940002 0.347218334674835 0.397261261940002 0.349586486816406 0.347218334674835 0.404858261346817 0.340157628059387 0.342503994703293 0.342503994703293 0.342503994703293 0.337818264961243 0.302450060844421 0.30916765332222 0.340157628059387 0.300224214792252 0.302450060844421 0.29138645529747 0.272948622703552 0.29138645529747 0.266549825668335 0.270809501409531 0.29138645529747 0.266549825668335 0.262314915657043 0.266549825668335 0.289193212985992
-9999 -9999 -9999 -9999 -9999 -9999 -9999 -9999 -9999 -9999 -9999 -9999 -9999 -9999 -9999 -9999 -9999 -9999 -9999 -9999 -9999 -9999 0.349586486816406 0.347218334674835 0.397261261940002 0.404858261346817 0.340157628059387 0.340157628059387 0.342503994703293 0.342503994703293 0.342503994703293 0.337818264961243 0.342503994703293 0.337818264961243 0.337818264961243 0.337818264961243 0.302450060844421 0.300224214792252 0.272948622703552 0.29138645529747 0.302450060844421 0.29138645529747 0.266549825668335 0.29138645529747 0.266549825668335 0.266549825668335 0.266549825668335 0.268676519393921
-9999 -9999 -9999 -9999 -9999 -9999 -9999 -9999 -9999 -9999 -9999 -9999 -9999 -9999 -9999 -9999 -9999 -9999 -9999 -9999 -9999 -9999 -9999 0.397261261940002 0.344857573509216 0.344857573509216 0.337818264961243 0.342503994703293 0.342503994703293 0.340157628059387 0.337818264961243 0.304682552814484 0.337818264961243 0.337818264961243 0.306921690702438 0.30916765332222 0.344857573509216 0.337818264961243 0.302450060844421 0.302450060844421 0.302450060844421 0.29800483584404 0.272948622703552 0.29138645529747 0.272948622703552 0.29138645529747 0.29138645529747 0.289193212985992
-9999 -9999 -9999 -9999 -9999 -9999 -9999 -9999 -9999 -9999 -9999 -9999 -9999 -9999 -9999 -9999 -9999 -9999 -9999 -9999 -9999 -9999 -9999 -9999 0.349586486816406 0.39978551864624 0.347218334674835 0.340157628059387 0.340157628059387 0.404858261346817 0.340157628059387 0.340157628059387 0.306921690702438 0.337818264961243 0.337818264961243 0.337818264961243 0.306921690702438 0.344857573509216 0.306921690702438 0.337818264961243 0.347218334674835 0.302450060844421 0.29800483584404 0.302450060844421 0.29138645529747 0.29138645529747 0.272948622703552 0.266549825668335
-9999 -9999 -9999 -9999 -9999 -9999 -9999 -9999 -9999 -9999 -9999 -9999 -9999 -9999 -9999 -9999 -9999 -9999 -9999 -9999 -9999 -9999 -9999 -9999 -9999 0.39978551864624 0.397261261940002 0.397261261940002 0.340157628059387 0.340157628059387 0.342503994703293 0.344857573509216 0.337818264961243 0.337818264961243 0.306921690702438 0.337818264961243 0.302450060844421 0.302450060844421 0.337818264961243 0.340157628059387 0.279403656721115 0.29800483584404 0.302450060844421 0.295792192220688 0.272948622703552 0.266549825668335 0.29138645529747 0.266549825668335
-9999 -9999 -9999 -9999 -9999 -9999 -9999 -9999 -9999 -9999 -9999 -9999 -9999 -9999 -9999 -9999 -9999 -9999 -9999 -9999 -9999 -9999 -9999 -9999 -9999 -9999 -9999 0.402317941188812 0.347218334674835 0.340157628059387 0.340157628059387 0.397261261940002 0.342503994703293 0.342503994703293 0.337818264961243 0.337818264961243 0.306921690702438 0.300224214792252 0.340157628059387 0.304682552814484 0.295792192220688 0.302450060844421 0.302450060844421 0.302450060844421 0.289193212985992 0.272948622703552 0.29138645529747 0.29138645529747
-9999 -9999 -9999 -9999 -9999 -9999 -9999 -9999 -9999 -9999 -9999 -9999 -9999 -9999 -9999 -9999 -9999 -9999 -9999 -9999 -9999 -9999 -9999 -9999 -9999 -9999 -9999 -9999 0.39978551864624 0.397261261940002 0.340157628059387 0.342503994703293 0.342503994703293 0.340157628059387 0.342503994703293 0.347218334674835 0.302450060844421 0.304682552814484 0.342503994703293 0.302450060844421 0.302450060844421 0.302450060844421 0.302450060844421 0.293586045503616 0.272948622703552 0.29138645529747 0.272948622703552 0.268676519393921
