Map_Files/Hisorical/bio1Stability.asc
NCOLS 312 
NROWS 528 
XLLCORNER 7 
YLLCORNER -10 
CELLSIZE 0.0416666666666667 
NODATA_value -9999 
[rows 147 to 167 of 528, columns 0 to 47 of 312]
0.105877660214901 0.109251424670219 0.128995448350906 0.114345073699951 0.105877660214901 0.128995448350906 0.130740568041801 0.128995448350906 0.128995448350906 0.128995448350906 0.128995448350906 0.105877660214901 0.127254813909531 0.105877660214901 0.105877660214901 0.105877660214901 0.105877660214901 0.105877660214901 0.105877660214901 0.128995448350906 0.105877660214901 0.105877660214901 0.105877660214901 0.105877660214901 0.105877660214901 0.09918212890625 0.11264280974865 0.122923389077187 0.105877660214901 0.105877660214901 0.121198765933514 0.105877660214901 0.120338104665279 0.107562355697155 0.105877660214901 0.105877660214901 0.130740568041801 0.127254813909531 0.105877660214901 0.105877660214901 0.105877660214901 0.130740568041801 0.120338104665279 0.105877660214901 0.105877660214901 0.123787440359592 0.117762938141823 0.105877660214901
0.105877660214901 0.128995448350906 0.130740568041801 0.12551885843277 0.105877660214901 0.127254813909531 0.114345073699951 0.128995448350906 0.128995448350906 0.128995448350906 0.128995448350906 0.09918212890625 0.105877660214901 0.130740568041801 0.127254813909531 0.105877660214901 0.128995448350906 0.128995448350906 0.128995448350906 0.128995448350906 0.105877660214901 0.09918212890625 0.09918212890625 0.105877660214901 0.122060559689999 0.104197226464748 0.122923389077187 0.107562355697155 0.09918212890625 0.09918212890625 0.105877660214901 0.107562355697155 0.105877660214901 0.127254813909531 0.128995448350906 0.105877660214901 0.128995448350906 0.114345073699951 0.128995448350906 0.128995448350906 0.105877660214901 0.130740568041801 0.11264280974865 0.121198765933514 0.127254813909531 0.12551885843277 0.114345073699951 0.114345073699951
0.130740568041801 0.128995448350906 0.114345073699951 0.105877660214901 0.127254813909531 0.114345073699951 0.128995448350906 0.114345073699951 0.128995448350906 0.130740568041801 0.11264280974865 0.105877660214901 0.105877660214901 0.128995448350906 0.105877660214901 0.105877660214901 0.128995448350906 0.128995448350906 0.128995448350906 0.128995448350906 0.130740568041801 0.105877660214901 0.105877660214901 0.127254813909531 0.128995448350906 0.127254813909531 0.11264280974865 0.105877660214901 0.09918212890625 0.114345073699951 0.122060559689999 0.12551885843277 0.107562355697155 0.105877660214901 0.128995448350906 0.105877660214901 0.128995448350906 0.128995448350906 0.128995448350906 0.105877660214901 0.105877660214901 0.128995448350906 0.128995448350906 0.105877660214901 0.114345073699951 0.105877660214901 0.105877660214901 0.122923389077187
0.128995448350906 0.128995448350906 0.130740568041801 0.128995448350906 0.128995448350906 0.128995448350906 0.128995448350906 0.128995448350906 0.128995448350906 0.128995448350906 0.128995448350906 0.128995448350906 0.130740568041801 0.128995448350906 0.127254813909531 0.114345073699951 0.128995448350906 0.128995448350906 0.128995448350906 0.128995448350906 0.128995448350906 0.105877660214901 0.127254813909531 0.107562355697155 0.127254813909531 0.128995448350906 0.128995448350906 0.122923389077187 0.105877660214901 0.128995448350906 0.128995448350906 0.109251424670219 0.12551885843277 0.128995448350906 0.128995448350906 0.128995448350906 0.128995448350906 0.130740568041801 0.128995448350906 0.130740568041801 0.128995448350906 0.128995448350906 0.128995448350906 0.128995448350906 0.130740568041801 0.130740568041801 0.104197226464748 0.128995448350906
0.128995448350906 0.128995448350906 0.128995448350906 0.130740568041801 0.128995448350906 0.128995448350906 0.128995448350906 0.130740568041801 0.128995448350906 0.128995448350906 0.110944867134094 0.128995448350906 0.105877660214901 0.105877660214901 0.105877660214901 0.120338104665279 0.110944867134094 0.128995448350906 0.105877660214901 0.130740568041801 0.114345073699951 0.128995448350906 0.128995448350906 0.105877660214901 0.107562355697155 0.130740568041801 0.130740568041801 0.104197226464748 0.105877660214901 0.127254813909531 0.128995448350906 0.105877660214901 0.107562355697155 0.130740568041801 0.128995448350906 0.128995448350906 0.130740568041801 0.107562355697155 0.130740568041801 0.105877660214901 0.128995448350906 0.128995448350906 0.128995448350906 0.128995448350906 0.127254813909531 0.128995448350906 0.128995448350906 0.128995448350906
0.128995448350906 0.128995448350906 0.128995448350906 0.128995448350906 0.128995448350906 0.128995448350906 0.128995448350906 0.128995448350906 0.128995448350906 0.128995448350906 0.128995448350906 0.128995448350906 0.128995448350906 0.128995448350906 0.130740568041801 0.114345073699951 0.128995448350906 0.128995448350906 0.105877660214901 0.128995448350906 0.130740568041801 0.130740568041801 0.114345073699951 0.12551885843277 0.130740568041801 0.128995448350906 0.130740568041801 0.128995448350906 0.107562355697155 0.130740568041801 0.128995448350906 0.114345073699951 0.128995448350906 0.128995448350906 0.128995448350906 0.128995448350906 0.128995448350906 0.128995448350906 0.128995448350906 0.130740568041801 0.128995448350906 0.127254813909531 0.169405817985535 0.127254813909531 0.165714159607887 0.130740568041801 0.132490277290344 0.127254813909531
0.128995448350906 0.128995448350906 0.128995448350906 0.128995448350906 0.128995448350906 0.128995448350906 0.128995448350906 0.130740568041801 0.128995448350906 0.127254813909531 0.128995448350906 0.128995448350906 0.130740568041801 0.128995448350906 0.128995448350906 0.130740568041801 0.128995448350906 0.128995448350906 0.128995448350906 0.114345073699951 0.130740568041801 0.128995448350906 0.127254813909531 0.114345073699951 0.130740568041801 0.130740568041801 0.114345073699951 0.128995448350906 0.128995448350906 0.128995448350906 0.128995448350906 0.128995448350906 0.130740568041801 0.128995448350906 0.128995448350906 0.110944867134094 0.128995448350906 0.128995448350906 0.167557537555695 0.110944867134094 0.130740568041801 0.169405817985535 0.127254813909531 0.128995448350906 0.132490277290344 0.167557537555695 0.167557537555695 0.132490277290344
0.128995448350906 0.128995448350906 0.128995448350906 0.128995448350906 0.128995448350906 0.127254813909531 0.128995448350906 0.130740568041801 0.167557537555695 0.169405817985535 0.114345073699951 0.165714159607887 0.114345073699951 0.130740568041801 0.128995448350906 0.128995448350906 0.130740568041801 0.128995448350906 0.130740568041801 0.130740568041801 0.128995448350906 0.130740568041801 0.105877660214901 0.128995448350906 0.130740568041801 0.128995448350906 0.130740568041801 0.128995448350906 0.128995448350906 0.128995448350906 0.128995448350906 0.114345073699951 0.107562355697155 0.128995448350906 0.128995448350906 0.169405817985535 0.127254813909531 0.127254813909531 0.169405817985535 0.167557537555695 0.167557537555695 0.127254813909531 0.127254813909531 0.167557537555695 0.169405817985535 0.169405817985535 0.128995448350906 0.128995448350906
0.128995448350906 0.130740568041801 0.128995448350906 0.127254813909531 0.130740568041801 0.167557537555695 0.169405817985535 0.128995448350906 0.169405817985535 0.132490277290344 0.11264280974865 0.128995448350906 0.128995448350906 0.128995448350906 0.130740568041801 0.105877660214901 0.107562355697155 0.128995448350906 0.114345073699951 0.130740568041801 0.128995448350906 0.130740568041801 0.105877660214901 0.12551885843277 0.114345073699951 0.130740568041801 0.130740568041801 0.105877660214901 0.130740568041801 0.128995448350906 0.128995448350906 0.130740568041801 0.130740568041801 0.128995448350906 0.128995448350906 0.127254813909531 0.169405817985535 0.130740568041801 0.167557537555695 0.130740568041801 0.167557537555695 0.128995448350906 0.167557537555695 0.169405817985535 0.130740568041801 0.169405817985535 0.130740568041801 0.128995448350906
0.169405817985535 0.132490277290344 0.128995448350906 0.167557537555695 0.165714159607887 0.130740568041801 0.132490277290344 0.128995448350906 0.169405817985535 0.127254813909531 0.122923389077187 0.128995448350906 0.159301698207855 0.127254813909531 0.114345073699951 0.105877660214901 0.127254813909531 0.128995448350906 0.130740568041801 0.128995448350906 0.128995448350906 0.128995448350906 0.128995448350906 0.114345073699951 0.128995448350906 0.128995448350906 0.128995448350906 0.105877660214901 0.128995448350906 0.128995448350906 0.128995448350906 0.127254813909531 0.128995448350906 0.169405817985535 0.130740568041801 0.128995448350906 0.128995448350906 0.169405817985535 0.127254813909531 0.127254813909531 0.167557537555695 0.169405817985535 0.169405817985535 0.167557537555695 0.167557537555695 0.169405817985535 0.169405817985535 0.128995448350906
0.169405817985535 0.132490277290344 0.128995448350906 0.169405817985535 0.132490277290344 0.128995448350906 0.169405817985535 0.160214096307755 0.159301698207855 0.114345073699951 0.128995448350906 0.127254813909531 0.114345073699951 0.0933797359466553 0.105877660214901 0.11264280974865 0.107562355697155 0.128995448350906 0.128995448350906 0.128995448350906 0.128995448350906 0.128995448350906 0.128995448350906 0.128995448350906 0.128995448350906 0.128995448350906 0.128995448350906 0.128995448350906 0.128995448350906 0.128995448350906 0.128995448350906 0.169405817985535 0.128995448350906 0.127254813909531 0.128995448350906 0.128995448350906 0.169405817985535 0.127254813909531 0.127254813909531 0.167557537555695 0.128995448350906 0.167557537555695 0.128995448350906 0.127254813909531 0.130740568041801 0.169405817985535 0.171259120106697 0.169405817985535
0.128995448350906 0.132490277290344 0.169405817985535 0.167557537555695 0.130740568041801 0.120338104665279 0.157480657100677 0.14486899971962 0.127254813909531 0.130740568041801 0.12551885843277 0.122923389077187 0.109251424670219 0.09918212890625 0.130740568041801 0.122060559689999 0.130740568041801 0.128995448350906 0.128995448350906 0.128995448350906 0.105877660214901 0.128995448350906 0.128995448350906 0.128995448350906 0.128995448350906 0.130740568041801 0.105877660214901 0.128995448350906 0.128995448350906 0.128995448350906 0.128995448350906 0.128995448350906 0.127254813909531 0.169405817985535 0.130740568041801 0.128995448350906 0.127254813909531 0.127254813909531 0.167557537555695 0.169405817985535 0.169405817985535 0.169405817985535 0.169405817985535 0.169405817985535 0.169405817985535 0.171259120106697 0.167557537555695 0.169405817985535
0.128995448350906 0.137767359614372 0.128995448350906 0.137767359614372 0.127254813909531 0.127254813909531 0.165714159607887 0.159301698207855 0.122923389077187 0.161127641797066 0.132490277290344 0.128995448350906 0.130740568041801 0.122923389077187 0.122060559689999 0.114345073699951 0.117762938141823 0.128995448350906 0.128995448350906 0.128995448350906 0.128995448350906 0.128995448350906 0.128995448350906 0.128995448350906 0.128995448350906 0.105877660214901 0.130740568041801 0.128995448350906 0.128995448350906 0.128995448350906 0.128995448350906 0.130740568041801 0.169405817985535 0.127254813909531 0.128995448350906 0.128995448350906 0.167557537555695 0.169405817985535 0.169405817985535 0.171259120106697 0.169405817985535 0.128995448350906 0.169405817985535 0.169405817985535 0.167557537555695 0.169405817985535 0.167557537555695 0.169405817985535
0.132490277290344 0.157480657100677 0.165714159607887 0.167557537555695 0.137767359614372 0.120338104665279 0.137767359614372 0.127254813909531 0.120338104665279 0.130740568041801 0.128995448350906 0.128995448350906 0.128995448350906 0.107562355697155 0.130740568041801 0.120338104665279 0.127254813909531 0.127254813909531 0.128995448350906 0.128995448350906 0.128995448350906 0.128995448350906 0.128995448350906 0.128995448350906 0.128995448350906 0.128995448350906 0.128995448350906 0.105877660214901 0.128995448350906 0.128995448350906 0.128995448350906 0.128995448350906 0.130740568041801 0.128995448350906 0.128995448350906 0.128995448350906 0.169405817985535 0.169405817985535 0.169405817985535 0.169405817985535 0.169405817985535 0.169405817985535 0.169405817985535 0.132490277290344 0.167557537555695 0.171259120106697 0.171259120106697 0.167557537555695
0.128995448350906 0.14486899971962 0.143086537718773 0.165714159607887 0.132490277290344 0.161127641797066 0.143086537718773 0.127254813909531 0.122923389077187 0.105877660214901 0.10252121835947 0.128995448350906 0.159301698207855 0.132490277290344 0.157480657100677 0.132490277290344 0.120338104665279 0.121198765933514 0.12551885843277 0.114345073699951 0.128995448350906 0.130740568041801 0.105877660214901 0.105877660214901 0.128995448350906 0.128995448350906 0.128995448350906 0.105877660214901 0.130740568041801 0.128995448350906 0.128995448350906 0.128995448350906 0.128995448350906 0.128995448350906 0.128995448350906 0.127254813909531 0.167557537555695 0.128995448350906 0.167557537555695 0.128995448350906 0.169405817985535 0.169405817985535 0.171259120106697 0.167557537555695 0.171259120106697 0.167557537555695 0.167557537555695 0.169405817985535
0.14486899971962 0.162958517670631 0.143086537718773 0.127254813909531 0.128995448350906 0.130740568041801 0.14486899971962 0.122923389077187 0.130740568041801 0.128995448350906 0.128995448350906 0.128995448350906 0.130740568041801 0.128995448350906 0.137767359614372 0.132490277290344 0.128995448350906 0.130740568041801 0.128995448350906 0.130740568041801 0.128995448350906 0.105877660214901 0.128995448350906 0.130740568041801 0.128995448350906 0.128995448350906 0.130740568041801 0.105877660214901 0.105877660214901 0.130740568041801 0.105877660214901 0.128995448350906 0.128995448350906 0.128995448350906 0.128995448350906 0.169405817985535 0.130740568041801 0.167557537555695 0.169405817985535 0.167557537555695 0.171259120106697 0.171259120106697 0.169405817985535 0.167557537555695 0.169405817985535 0.132490277290344 0.167557537555695 0.171259120106697
0.146656230092049 0.161127641797066 0.161127641797066 0.109251424670219 0.120338104665279 0.137767359614372 0.12551885843277 0.10252121835947 0.128995448350906 0.130740568041801 0.159301698207855 0.127254813909531 0.128995448350906 0.128995448350906 0.122923389077187 0.143086537718773 0.130740568041801 0.130740568041801 0.116051778197289 0.128995448350906 0.107562355697155 0.09918212890625 0.105877660214901 0.105877660214901 0.128995448350906 0.105877660214901 0.105877660214901 0.130740568041801 0.128995448350906 0.128995448350906 0.128995448350906 0.128995448350906 0.128995448350906 0.128995448350906 0.128995448350906 0.128995448350906 0.130740568041801 0.167557537555695 0.127254813909531 0.130740568041801 0.167557537555695 0.167557537555695 0.167557537555695 0.132490277290344 0.165714159607887 0.137767359614372 0.167557537555695 0.169405817985535
0.157480657100677 0.143086537718773 0.130740568041801 0.127254813909531 0.120338104665279 0.105877660214901 0.127254813909531 0.128995448350906 0.128995448350906 0.128995448350906 0.127254813909531 0.128995448350906 0.122060559689999 0.114345073699951 0.107562355697155 0.122060559689999 0.10252121835947 0.09918212890625 0.105877660214901 0.09918212890625 0.127254813909531 0.114345073699951 0.105877660214901 0.128995448350906 0.105877660214901 0.127254813909531 0.105877660214901 0.128995448350906 0.128995448350906 0.128995448350906 0.128995448350906 0.130740568041801 0.167557537555695 0.127254813909531 0.167557537555695 0.128995448350906 0.128995448350906 0.167557537555695 0.130740568041801 0.167557537555695 0.128995448350906 0.130740568041801 0.169405817985535 0.128995448350906 0.130740568041801 0.165714159607887 0.167557537555695 0.167557537555695
0.143086537718773 0.127254813909531 0.128995448350906 0.128995448350906 0.128995448350906 0.12551885843277 0.128995448350906 0.128995448350906 0.107562355697155 0.10252121835947 0.130740568041801 0.130740568041801 0.104197226464748 0.105877660214901 0.105877660214901 0.120338104665279 0.10252121835947 0.09918212890625 0.105877660214901 0.105877660214901 0.120338104665279 0.128995448350906 0.114345073699951 0.128995448350906 0.105877660214901 0.105877660214901 0.105877660214901 0.130740568041801 0.128995448350906 0.128995448350906 0.128995448350906 0.128995448350906 0.128995448350906 0.130740568041801 0.167557537555695 0.128995448350906 0.128995448350906 0.127254813909531 0.169405817985535 0.130740568041801 0.127254813909531 0.132490277290344 0.169405817985535 0.128995448350906 0.128995448350906 0.127254813909531 0.128995448350906 0.167557537555695
0.128995448350906 0.128995448350906 0.128995448350906 0.120338104665279 0.107562355697155 0.128995448350906 0.128995448350906 0.120338104665279 0.114345073699951 0.120338104665279 0.128995448350906 0.128995448350906 0.120338104665279 0.110944867134094 0.12551885843277 0.105877660214901 0.120338104665279 0.122060559689999 0.09918212890625 0.105877660214901 0.122923389077187 0.109251424670219 0.122923389077187 0.114345073699951 0.105877660214901 0.128995448350906 0.105877660214901 0.09918212890625 0.105877660214901 0.105877660214901 0.105877660214901 0.130740568041801 0.105877660214901 0.130740568041801 0.128995448350906 0.105877660214901 0.105877660214901 0.130740568041801 0.130740568041801 0.169405817985535 0.169405817985535 0.169405817985535 0.169405817985535 0.128995448350906 0.128995448350906 0.128995448350906 0.132490277290344 0.167557537555695
0.120338104665279 0.130740568041801 0.128995448350906 0.120338104665279 0.105877660214901 0.12551885843277 0.120338104665279 0.107562355697155 0.107562355697155 0.120338104665279 0.127254813909531 0.10252121835947 0.122923389077187 0.109251424670219 0.120338104665279 0.104197226464748 0.122923389077187 0.104197226464748 0.114345073699951 0.116051778197289 0.11264280974865 0.10252121835947 0.110944867134094 0.105877660214901 0.105877660214901 0.105877660214901 0.09918212890625 0.0659209936857224 0.09918212890625 0.105877660214901 0.130740568041801 0.128995448350906 0.130740568041801 0.105877660214901 0.105877660214901 0.130740568041801 0.105877660214901 0.105877660214901 0.165714159607887 0.128995448350906 0.128995448350906 0.128995448350906 0.127254813909531 0.127254813909531 0.165714159607887 0.169405817985535 0.169405817985535 0.167557537555695
