Map_Files/Hisorical/bio12Stability.asc
NCOLS 312 
NROWS 528 
XLLCORNER 7 
YLLCORNER -10 
CELLSIZE 0.0416666666666667 
NODATA_value -9999 
[rows 500 to 519 of 528, columns 225 to 269 of 312]
9.35322077566525e-08 9.14802100737688e-08 8.89845352958218e-08 9.37263138212074e-08 9.48909573139645e-08 9.48077669704617e-08 1.00076405828986e-07 1.0287710239254e-07 1.08838982271209e-07 1.15161348901438e-07 1.18045235808495e-07 1.190989635802e-07 1.23591178180504e-07 1.25227217040447e-07 1.30634504103e-07 1.29553058059173e-07 1.33102460608825e-07 1.38676114147529e-07 1.36513207849021e-07 1.35875424689402e-07 1.37761034579853e-07 1.38398817739471e-07 1.36457742883067e-07 1.35653579036443e-07 1.35709044002397e-07 1.37650118858801e-07 1.38454282705425e-07 1.36845969223032e-07 1.3767784423635e-07 1.36513207849021e-07 1.36513207849021e-07 1.38509747671378e-07 1.3862066339243e-07 1.38204711674916e-07 1.38454282705425e-07 1.32409212483253e-07 1.30856349755959e-07 1.25393597727452e-07 1.22676098612828e-07 1.15854589921582e-07 1.15494110275449e-07 1.09809519699411e-07 1.07757529121955e-07 1.0115785897824e-07 1.00020955073887e-07
9.12583715262372e-08 9.49186826915138e-08 9.42254487767968e-08 9.31994463826413e-08 9.43918223583751e-08 9.64992779017848e-08 9.71925189219291e-08 1.02821644532014e-07 1.08395312281573e-07 1.11112818501624e-07 1.14662213945849e-07 1.16769669489258e-07 1.22731549367927e-07 1.23646628935603e-07 1.29553058059173e-07 1.32852889578317e-07 1.32409212483253e-07 1.36735039291125e-07 1.34738513679622e-07 1.34572132992616e-07 1.36568658604119e-07 1.34627583747715e-07 1.3576450896835e-07 1.35875424689402e-07 1.36735039291125e-07 1.3862066339243e-07 1.37982866021957e-07 1.36624123570073e-07 1.3576450896835e-07 1.37982866021957e-07 1.39868490123263e-07 1.36208171852559e-07 1.3862066339243e-07 1.38204711674916e-07 1.38537473048927e-07 1.33213376329877e-07 1.32686508891311e-07 1.2375755886751e-07 1.23702093901557e-07 1.1671421873416e-07 1.15910054887536e-07 1.10142281073422e-07 1.10391844998503e-07 1.0287710239254e-07 1.01046950362615e-07
8.96223184554401e-08 9.50296055179933e-08 9.61665165277736e-08 9.63328972147792e-08 9.42809066373229e-08 9.62774393542531e-08 9.49186826915138e-08 1.01324239665246e-07 1.07424774853371e-07 1.10890979954092e-07 1.14689946428825e-07 1.16936050176264e-07 1.22343337238817e-07 1.23646628935603e-07 1.32270557173797e-07 1.34267096996155e-07 1.34350287339657e-07 1.35819959723449e-07 1.36679588536026e-07 1.3767784423635e-07 1.35709044002397e-07 1.35930875444501e-07 1.37650118858801e-07 1.37927415266859e-07 1.39813039368164e-07 1.40145800742175e-07 1.38565198426477e-07 1.36568658604119e-07 1.36457742883067e-07 1.38731579113482e-07 1.41449092438961e-07 1.40145800742175e-07 1.38731579113482e-07 1.37067800665136e-07 1.36430017505518e-07 1.32631058136212e-07 1.32104176486791e-07 1.25227217040447e-07 1.25116315530249e-07 1.1671421873416e-07 1.14689946428825e-07 1.10197731828521e-07 1.08672601584203e-07 1.04679536150343e-07 1.01213323944194e-07
8.70989182999438e-08 9.28112342535314e-08 9.4336364497849e-08 9.73588996089347e-08 9.60278754291721e-08 9.49464151744905e-08 9.40036102292652e-08 9.71370610614031e-08 1.0337623734813e-07 1.09476765430827e-07 1.13497577558519e-07 1.15050426074959e-07 1.19320802127731e-07 1.25504527659359e-07 1.34211632030201e-07 1.32963805299369e-07 1.37650118858801e-07 1.38731579113482e-07 1.36568658604119e-07 1.34683034502814e-07 1.35875424689402e-07 1.37705583824754e-07 1.37816499545806e-07 1.37705583824754e-07 1.38038345198765e-07 1.38204711674916e-07 1.37982866021957e-07 1.36624123570073e-07 1.36624123570073e-07 1.38093795953864e-07 1.39923955089216e-07 1.41615458915112e-07 1.39868490123263e-07 1.37067800665136e-07 1.37733309202304e-07 1.33157911363924e-07 1.31715964357682e-07 1.25393597727452e-07 1.23591178180504e-07 1.18877125032668e-07 1.16520105564177e-07 1.11223741328104e-07 1.07646606295475e-07 1.03903097681268e-07 1.02072945651344e-07
8.70711929223944e-08 9.08146944311738e-08 9.34767427906991e-08 9.77471117380446e-08 9.79689502855763e-08 9.69429549968481e-08 9.69429549968481e-08 9.92999673599115e-08 1.04124943334227e-07 1.07424774853371e-07 1.11972447314201e-07 1.16464647703651e-07 1.2242652758232e-07 1.30911814721912e-07 1.34211632030201e-07 1.32464677449207e-07 1.42530538482788e-07 1.4702276018852e-07 1.37927415266859e-07 1.36568658604119e-07 1.37761034579853e-07 1.36513207849021e-07 1.37650118858801e-07 1.38676114147529e-07 1.41615458915112e-07 1.39868490123263e-07 1.41282711751956e-07 1.37123251420235e-07 1.36790504257078e-07 1.40034870810268e-07 1.39868490123263e-07 1.4150454319406e-07 1.43251511985909e-07 1.38038345198765e-07 1.37566942726153e-07 1.32409212483253e-07 1.29553058059173e-07 1.25338146972354e-07 1.23424797493499e-07 1.18128426151998e-07 1.15272271727918e-07 1.10669148511988e-07 1.09532230396781e-07 1.03320786593031e-07 1.0115785897824e-07
8.39931928453552e-08 8.71543761604698e-08 9.14802100737688e-08 9.78025767039981e-08 9.99654830025065e-08 9.83294299317095e-08 1.00658731128078e-07 1.00547808301599e-07 9.96327287339227e-08 1.05539150752065e-07 1.12388377715433e-07 1.17601565818859e-07 1.3576450896835e-07 1.43334702329412e-07 1.4361199873747e-07 1.35348557250836e-07 1.45774919246833e-07 1.35542663315391e-07 1.34627583747715e-07 1.35819959723449e-07 1.36568658604119e-07 1.34627583747715e-07 1.3862066339243e-07 1.38842494834535e-07 1.41615458915112e-07 1.41615458915112e-07 1.41615458915112e-07 1.3862066339243e-07 1.37650118858801e-07 1.3826017664087e-07 1.39868490123263e-07 1.40090321565367e-07 1.42142326353678e-07 1.37982866021957e-07 1.36430017505518e-07 1.30884075133508e-07 1.31715964357682e-07 1.25393597727452e-07 1.23591178180504e-07 1.15910054887536e-07 1.16131893435067e-07 1.10225464311497e-07 1.09254926883295e-07 1.03958562647222e-07 1.02710721705535e-07
8.17193566149399e-08 8.70434533339903e-08 9.16743161383238e-08 9.60278754291721e-08 9.99654830025065e-08 1.03320786593031e-07 1.0498455793595e-07 1.05261861449435e-07 1.04014020507748e-07 1.06454237425169e-07 1.14079888646756e-07 1.18239348978477e-07 1.30662243691404e-07 1.50045281088751e-07 1.5140403775149e-07 1.48464692983907e-07 1.56062625933373e-07 1.39563468337656e-07 1.3576450896835e-07 1.37650118858801e-07 1.37705583824754e-07 1.36845969223032e-07 1.39868490123263e-07 1.39868490123263e-07 1.43556533771516e-07 1.43667463703423e-07 1.42142326353678e-07 1.38787029868581e-07 1.37982866021957e-07 1.38676114147529e-07 1.40034870810268e-07 1.39868490123263e-07 1.39868490123263e-07 1.36624123570073e-07 1.35293106495737e-07 1.29442128127266e-07 1.30856349755959e-07 1.23646628935603e-07 1.21761004834298e-07 1.15910054887536e-07 1.14745404289351e-07 1.11223741328104e-07 1.08728066550157e-07 1.03736716994263e-07 1.02572080606933e-07
7.81145033101893e-08 8.35217903727425e-08 8.73484822250248e-08 9.42254487767968e-08 9.8440352758189e-08 1.02128396406442e-07 1.07313852026891e-07 1.11057360641098e-07 1.11972447314201e-07 1.10280922172024e-07 1.1363621865712e-07 1.16769669489258e-07 1.28027920709428e-07 1.50267112530855e-07 1.58059165755731e-07 1.61885850502586e-07 1.62800930070262e-07 1.46967295222566e-07 1.37123251420235e-07 1.38398817739471e-07 1.36735039291125e-07 1.3862066339243e-07 1.39868490123263e-07 1.42475087727689e-07 1.43889295145527e-07 1.51126741343433e-07 1.43501083016417e-07 1.39119791242592e-07 1.38731579113482e-07 1.3862066339243e-07 1.3939708765065e-07 1.40034870810268e-07 1.3862066339243e-07 1.36568658604119e-07 1.35348557250836e-07 1.28471597804491e-07 1.29331226617069e-07 1.25338146972354e-07 1.23591178180504e-07 1.17989777947969e-07 1.15327729588444e-07 1.11223741328104e-07 1.09698611083786e-07 1.03736716994263e-07 1.04457697602811e-07
8.20521179889511e-08 8.62947544533199e-08 8.87626967482902e-08 9.18961475804281e-08 9.96881936998761e-08 1.05899644609053e-07 1.10225464311497e-07 1.12138813790352e-07 1.15216806761964e-07 1.17546107958333e-07 1.20901390232575e-07 1.28360682083439e-07 1.4150454319406e-07 1.48464692983907e-07 1.55175285954101e-07 1.57781869347673e-07 1.63411002063185e-07 1.60277537020193e-07 1.42475087727689e-07 1.37982866021957e-07 1.37650118858801e-07 1.39064326276639e-07 1.42364157795782e-07 1.4436069761814e-07 1.4436069761814e-07 1.49074750765976e-07 1.44027950454984e-07 1.39563468337656e-07 1.41005415343898e-07 1.39286171929598e-07 1.41781839602118e-07 1.39064326276639e-07 1.37705583824754e-07 1.33823419901091e-07 1.34738513679622e-07 1.27584243614365e-07 1.27334672583856e-07 1.21289602361685e-07 1.21428257671141e-07 1.15161348901438e-07 1.14579023602346e-07 1.09365849709775e-07 1.07424774853371e-07 1.02072945651344e-07 1.0326531452165e-07
8.00555781665935e-08 8.36327060937947e-08 8.91786484658041e-08 9.31994463826413e-08 9.62219814937271e-08 1.03681266239164e-07 1.09199469022769e-07 1.14357192160242e-07 1.17213353689749e-07 1.216501033241e-07 1.25865000200065e-07 1.33019270265322e-07 1.41449092438961e-07 1.49296582208081e-07 1.54925714923593e-07 1.58641483949395e-07 1.63300072131278e-07 1.62329527597649e-07 1.41726374636164e-07 1.34849415189819e-07 1.37067800665136e-07 1.41560008160013e-07 1.38731579113482e-07 1.40034870810268e-07 1.38482008082974e-07 1.41560008160013e-07 1.42031410632626e-07 1.3826017664087e-07 1.38204711674916e-07 1.3826017664087e-07 1.41282711751956e-07 1.38038345198765e-07 1.37566942726153e-07 1.32991530676918e-07 1.34378012717207e-07 1.28416132838538e-07 1.27223771073659e-07 1.21816484011106e-07 1.21012320164482e-07 1.15910054887536e-07 1.15050426074959e-07 1.10946437814619e-07 1.09365849709775e-07 1.02821644532014e-07 1.05483692891539e-07
8.06379034656857e-08 8.2911739696101e-08 8.65997833443544e-08 9.4336364497849e-08 9.916132626131e-08 1.01213323944194e-07 1.08838982271209e-07 1.13331196871513e-07 1.19986310664899e-07 1.25060836353441e-07 1.26724629012642e-07 1.3232602213975e-07 1.39896229711667e-07 1.44083401210082e-07 1.51625883404449e-07 1.55674399593408e-07 1.57726404381719e-07 1.53012351233883e-07 1.43501083016417e-07 1.38204711674916e-07 1.44027950454984e-07 1.42530538482788e-07 1.38398817739471e-07 1.37123251420235e-07 1.36624123570073e-07 1.38204711674916e-07 1.38676114147529e-07 1.38731579113482e-07 1.39868490123263e-07 1.38676114147529e-07 1.38731579113482e-07 1.35598128281345e-07 1.36430017505518e-07 1.31272301473473e-07 1.30800884790006e-07 1.28305217117486e-07 1.25393597727452e-07 1.18904864621072e-07 1.18128426151998e-07 1.14079888646756e-07 1.12776604055398e-07 1.06731526727799e-07 1.08838982271209e-07 1.03847639820742e-07 1.01407430008749e-07
8.09706577342695e-08 8.11924962818011e-08 8.43814049744651e-08 8.91786484658041e-08 9.62774393542531e-08 1.01462894974702e-07 1.07480225608469e-07 1.14495833258843e-07 1.18627561107587e-07 1.25393597727452e-07 1.28360682083439e-07 1.32270557173797e-07 1.37788774168257e-07 1.43501083016417e-07 1.50322591707663e-07 1.50433493217861e-07 1.40700393558291e-07 1.42696919169794e-07 1.3862066339243e-07 1.37067800665136e-07 1.40090321565367e-07 1.40090321565367e-07 1.36624123570073e-07 1.35598128281345e-07 1.37705583824754e-07 1.38676114147529e-07 1.38204711674916e-07 1.38204711674916e-07 1.38676114147529e-07 1.38204711674916e-07 1.40700393558291e-07 1.35819959723449e-07 1.36263636818512e-07 1.32215106418698e-07 1.31993274976594e-07 1.27667433957868e-07 1.25698633723914e-07 1.21428257671141e-07 1.20097240596806e-07 1.16520105564177e-07 1.1402443078623e-07 1.08395312281573e-07 1.08284389455093e-07 1.02683003433413e-07 1.01684726416806e-07
8.37158964372975e-08 8.3410867546263e-08 8.64888605178749e-08 8.90954581223014e-08 9.5695114055161e-08 1.01213323944194e-07 1.06620611006747e-07 1.17435185131853e-07 1.18683018968113e-07 1.23591178180504e-07 1.27722884712966e-07 1.27806075056469e-07 1.33213376329877e-07 1.38204711674916e-07 1.46107680620844e-07 1.45996750688937e-07 1.38731579113482e-07 1.37067800665136e-07 1.35598128281345e-07 1.34793964434721e-07 1.3576450896835e-07 1.35819959723449e-07 1.35819959723449e-07 1.38454282705425e-07 1.38149246708963e-07 1.3997942005517e-07 1.41282711751956e-07 1.39868490123263e-07 1.40145800742175e-07 1.35653579036443e-07 1.36568658604119e-07 1.32409212483253e-07 1.34267096996155e-07 1.29553058059173e-07 1.30856349755959e-07 1.25393597727452e-07 1.23535713214551e-07 1.19320802127731e-07 1.16825127349784e-07 1.12832061915924e-07 1.11972447314201e-07 1.07064280996383e-07 1.06454237425169e-07 1.02183868477823e-07 9.97436515604022e-08
8.4270489253413e-08 8.50746531000368e-08 8.68770797524121e-08 9.0676046227145e-08 9.591695970812e-08 9.93554394312923e-08 1.05483692891539e-07 1.11972447314201e-07 1.15105898146339e-07 1.21178700851488e-07 1.25726359101463e-07 1.27861540022423e-07 1.33213376329877e-07 1.37705583824754e-07 1.44416162584093e-07 1.46856379501514e-07 1.46856379501514e-07 1.45830370001931e-07 1.42142326353678e-07 1.34683034502814e-07 1.35875424689402e-07 1.35875424689402e-07 1.36568658604119e-07 1.36735039291125e-07 1.40145800742175e-07 1.39868490123263e-07 1.39923955089216e-07 1.38204711674916e-07 1.40118061153771e-07 1.35819959723449e-07 1.37788774168257e-07 1.35237627318929e-07 1.34378012717207e-07 1.28471597804491e-07 1.30523588381948e-07 1.25393597727452e-07 1.2489446987729e-07 1.18988047859148e-07 1.18849392549691e-07 1.13386654732039e-07 1.11584220974237e-07 1.07369316992845e-07 1.06287856738163e-07 1.02017487790818e-07 9.98545743868817e-08
8.72375665039726e-08 8.87626967482902e-08 9.08146944311738e-08 9.29776078351097e-08 9.43918223583751e-08 9.7081603200877e-08 1.03736716994263e-07 1.09809519699411e-07 1.16020963503161e-07 1.17712474434484e-07 1.21705554079199e-07 1.23591178180504e-07 1.3024629197389e-07 1.34239371618605e-07 1.38953410555587e-07 1.41615458915112e-07 1.43501083016417e-07 1.44471613339192e-07 1.45414418284417e-07 1.38038345198765e-07 1.37816499545806e-07 1.36402277917114e-07 1.36457742883067e-07 1.35819959723449e-07 1.3862066339243e-07 1.38149246708963e-07 1.38398817739471e-07 1.35653579036443e-07 1.35709044002397e-07 1.33157911363924e-07 1.33074721020421e-07 1.30301756939843e-07 1.32215106418698e-07 1.27667433957868e-07 1.2739013754981e-07 1.22149231174262e-07 1.21871934766205e-07 1.17213353689749e-07 1.15965512748062e-07 1.11196008845127e-07 1.09643139012405e-07 1.05899644609053e-07 1.0459634580684e-07 9.99654830025065e-08 9.82739791766107e-08
8.90122677787986e-08 9.18961475804281e-08 9.27280439100286e-08 9.28666921140575e-08 9.29776078351097e-08 9.45027451848546e-08 1.01795649243286e-07 1.07424774853371e-07 1.13331196871513e-07 1.16520105564177e-07 1.20069501008402e-07 1.23591178180504e-07 1.28804344967648e-07 1.321596556636e-07 1.37733309202304e-07 1.38676114147529e-07 1.43390153084511e-07 1.44111140798486e-07 1.45830370001931e-07 1.41005415343898e-07 1.37067800665136e-07 1.34683034502814e-07 1.35709044002397e-07 1.35709044002397e-07 1.36568658604119e-07 1.36457742883067e-07 1.40090321565367e-07 1.38731579113482e-07 1.38398817739471e-07 1.34516668026663e-07 1.32270557173797e-07 1.29386677372167e-07 1.31826894289588e-07 1.27806075056469e-07 1.27695173546272e-07 1.22565168680921e-07 1.20402262382413e-07 1.16825127349784e-07 1.16298267016646e-07 1.11223741328104e-07 1.09698611083786e-07 1.07202936305839e-07 1.05539150752065e-07 1.0115785897824e-07 9.83849020030902e-08
9.29776078351097e-08 9.30885306615892e-08 9.33103621036935e-08 9.45027451848546e-08 9.49186826915138e-08 9.62219814937271e-08 1.02183868477823e-07 1.05899644609053e-07 1.10724606372514e-07 1.13386654732039e-07 1.15494110275449e-07 1.19986310664899e-07 1.25227217040447e-07 1.270019254207e-07 1.32409212483253e-07 1.34627583747715e-07 1.39286171929598e-07 1.40145800742175e-07 1.41781839602118e-07 1.39813039368164e-07 1.37234181352142e-07 1.3576450896835e-07 1.36624123570073e-07 1.34738513679622e-07 1.35681318624847e-07 1.32409212483253e-07 1.35348557250836e-07 1.33074721020421e-07 1.34322561962108e-07 1.29553058059173e-07 1.29553058059173e-07 1.25809549444966e-07 1.29386677372167e-07 1.252826820064e-07 1.23535713214551e-07 1.18738483934067e-07 1.199308599098e-07 1.15105898146339e-07 1.14301734299715e-07 1.10391844998503e-07 1.10780057127613e-07 1.06731526727799e-07 1.03320786593031e-07 9.99654830025065e-08 9.80798731120558e-08
9.30330656956357e-08 9.37540391987568e-08 9.40036102292652e-08 9.49741476574673e-08 9.50850633785194e-08 9.61665165277736e-08 1.00547808301599e-07 1.0298802521902e-07 1.07258394166365e-07 1.11223741328104e-07 1.16131893435067e-07 1.20124965974355e-07 1.25005385598342e-07 1.27168291896851e-07 1.30357221905797e-07 1.34211632030201e-07 1.37650118858801e-07 1.38565198426477e-07 1.42364157795782e-07 1.42031410632626e-07 1.428078491017e-07 1.37067800665136e-07 1.36679588536026e-07 1.34239371618605e-07 1.34267096996155e-07 1.3232602213975e-07 1.35348557250836e-07 1.33157911363924e-07 1.32908340333415e-07 1.29553058059173e-07 1.31549583670676e-07 1.2739013754981e-07 1.27917004988376e-07 1.25005385598342e-07 1.25504527659359e-07 1.21372792705188e-07 1.21123235885534e-07 1.15715941717554e-07 1.14079888646756e-07 1.09809519699411e-07 1.08838982271209e-07 1.05594608612591e-07 1.03043483079546e-07 9.93554394312923e-08 9.69984128573742e-08
9.43918223583751e-08 9.50296055179933e-08 9.55841983341088e-08 9.6610193622837e-08 9.6610193622837e-08 9.80244081461024e-08 1.004923575465e-07 1.03736716994263e-07 1.06454237425169e-07 1.09532230396781e-07 1.13442105487138e-07 1.16520105564177e-07 1.216501033241e-07 1.23424797493499e-07 1.27778363889774e-07 1.30301756939843e-07 1.32409212483253e-07 1.32991530676918e-07 1.35819959723449e-07 1.37067800665136e-07 1.38398817739471e-07 1.34211632030201e-07 1.32409212483253e-07 1.29969009776687e-07 1.30800884790006e-07 1.28970725654654e-07 1.30856349755959e-07 1.28748894212549e-07 1.28471597804491e-07 1.27556518236815e-07 1.28360682083439e-07 1.25449062693406e-07 1.23535713214551e-07 1.20457713137512e-07 1.20180430940309e-07 1.18627561107587e-07 1.16686479145756e-07 1.12443849786814e-07 1.12138813790352e-07 1.07591155540376e-07 1.07480225608469e-07 1.05650073578545e-07 1.03847639820742e-07 9.89394877137784e-08 9.65547357623109e-08
9.50296055179933e-08 9.60556008067215e-08 9.69984128573742e-08 9.81353309725819e-08 9.73588996089347e-08 9.92445166048128e-08 1.01213323944194e-07 1.0287710239254e-07 1.06454237425169e-07 1.10336387137977e-07 1.14079888646756e-07 1.16825127349784e-07 1.20402262382413e-07 1.22842479299834e-07 1.26031380887071e-07 1.2813883643048e-07 1.3232602213975e-07 1.34100730520004e-07 1.36430017505518e-07 1.36513207849021e-07 1.39923955089216e-07 1.3767784423635e-07 1.36208171852559e-07 1.30024460531786e-07 1.321596556636e-07 1.29386677372167e-07 1.30634504103e-07 1.27778363889774e-07 1.29053915998156e-07 1.26031380887071e-07 1.27223771073659e-07 1.25338146972354e-07 1.24506243537326e-07 1.20180430940309e-07 1.21428257671141e-07 1.17546107958333e-07 1.17435185131853e-07 1.12194278756306e-07 1.12832061915924e-07 1.08561692968578e-07 1.08228931594567e-07 1.04124943334227e-07 1.03098933834644e-07 9.89949455743044e-08 9.61665165277736e-08
