Map_Files/Hisorical/bio12Stability.asc
NCOLS 312 
NROWS 528 
XLLCORNER 7 
YLLCORNER -10 
CELLSIZE 0.0416666666666667 
NODATA_value -9999 
[rows 260 to 279 of 528, columns 225 to 269 of 312]
6.8325924473811e-08 6.60798278317998e-08 6.40832880094422e-08 6.1670803574998e-08 6.00902154701544e-08 5.84818913296203e-08 5.66794575718177e-08 5.47938441286533e-08 5.36569260134456e-08 5.17713090175675e-08 4.93310956528603e-08 4.7750503995303e-08 4.72790979699766e-08 4.60867219942429e-08 4.42011085510785e-08 4.25095976197554e-08 4.07348963449294e-08 3.98752781904932e-08 3.81837672591701e-08 3.67140948753786e-08 3.56880924812231e-08 3.43016104409344e-08 3.31092344652006e-08 3.1750481355175e-08 3.02808089713835e-08 2.87834041046153e-08 2.72582738602978e-08 2.65095714269137e-08 2.49289797693564e-08 2.33761170420621e-08 2.15182289764471e-08 2.0547691548245e-08 1.90502884578336e-08 1.78024546215738e-08 1.61664033271336e-08 1.38371083480138e-08 1.20069501008402e-08 1.120278980693e-08 9.40036137819789e-09 7.90295828778653e-09 6.43328501581664e-09 3.93761423467254e-09 1.99653693577773e-09 2.13518513980659e-09 1.85788850970425e-09
7.09047824898335e-08 6.85754955043194e-08 6.67453363689674e-08 6.46378737201303e-08 6.22531217686628e-08 6.08111818678481e-08 5.86205359809355e-08 5.71785960801208e-08 5.5930762243861e-08 5.37678417344978e-08 5.17158476043278e-08 5.05789294891201e-08 4.9552934200392e-08 4.79723425428347e-08 4.61976448207224e-08 4.4090185724599e-08 4.26759747540473e-08 4.17054337731315e-08 4.04021420763456e-08 3.91543046873721e-08 3.72132262782543e-08 3.54939864166681e-08 3.44125297147002e-08 3.36915562115792e-08 3.2665560922851e-08 3.07244825137332e-08 2.92548101299417e-08 2.7951516656799e-08 2.65095714269137e-08 2.47626044114213e-08 2.31542802708873e-08 2.21837410663284e-08 2.06031511851279e-08 1.90780173880967e-08 1.78024546215738e-08 1.54731605306324e-08 1.40034872586625e-08 1.21733281233105e-08 1.13137090806958e-08 9.67765778625562e-09 8.26344415116864e-09 6.07279959652374e-09 3.93761423467254e-09 2.44021158835039e-09 0
7.28181319686882e-08 7.04888378777468e-08 6.84091148173138e-08 6.74108520115624e-08 6.49706350941415e-08 6.31404759587895e-08 6.13380493064142e-08 5.98961023001721e-08 5.80936720950831e-08 5.60416779649131e-08 5.39896838347431e-08 5.24090886244721e-08 5.08839583801546e-08 5.01075270165074e-08 4.79168846823086e-08 4.60312641337168e-08 4.4783430297457e-08 4.34801350479574e-08 4.27868940278131e-08 4.10121927529872e-08 3.95425203691957e-08 3.75459840995518e-08 3.64090659843441e-08 3.48839321873129e-08 3.39688561723506e-08 3.2665560922851e-08 3.1750481355175e-08 3.02253475581438e-08 2.85615673334405e-08 2.65095714269137e-08 2.46239526546788e-08 2.28215242259466e-08 2.21837410663284e-08 2.0547691548245e-08 1.91889366618625e-08 1.76360757109251e-08 1.50849448488088e-08 1.40034872586625e-08 1.21733281233105e-08 1.14800871031662e-08 9.78857617184303e-09 7.57020224284588e-09 6.12825878931744e-09 4.60312632455384e-09 2.55113019598241e-09
7.44264525565086e-08 7.27626741081622e-08 7.07384089082552e-08 6.96292232760243e-08 6.75494931101639e-08 6.5996637488297e-08 6.3944632699986e-08 6.21976710135641e-08 6.04784275992643e-08 5.84264299163806e-08 5.63467068559476e-08 5.47938441286533e-08 5.37678417344978e-08 5.21317957691281e-08 5.05789294891201e-08 4.82496389508924e-08 4.63640219550143e-08 4.50052688449887e-08 4.44784014064226e-08 4.2953271162105e-08 4.12617602307819e-08 3.9986197464259e-08 3.77400937168204e-08 3.67140948753786e-08 3.52721514218501e-08 3.41906947198822e-08 3.32756151522062e-08 3.1972316349993e-08 3.02253475581438e-08 2.77019474026474e-08 2.65650310637966e-08 2.48180622719474e-08 2.35702266593307e-08 2.23223910467141e-08 2.08249879563027e-08 1.89948288209507e-08 1.72478582527447e-08 1.50849448488088e-08 1.40034872586625e-08 1.23397070339593e-08 1.120278980693e-08 9.15079390040319e-09 7.18198656102231e-09 6.26690699334631e-09 4.3258299164961e-09
7.44264525565086e-08 7.2901322312191e-08 7.12930017243707e-08 7.06552185647524e-08 6.90746233544814e-08 6.81040859262794e-08 6.62184689304013e-08 6.35564205708761e-08 6.24195024556684e-08 6.04229697387382e-08 5.8731458807415e-08 5.67903839510109e-08 5.54038948052948e-08 5.39342224215034e-08 5.19931440123855e-08 5.04125559075419e-08 4.85269353589501e-08 4.70572629751587e-08 4.62531026812485e-08 4.49498074317489e-08 4.31196482963969e-08 4.17608951863713e-08 4.0180303528814e-08 3.90988432741324e-08 3.72686876914941e-08 3.57435538944628e-08 3.44402586449633e-08 3.35529080075503e-08 3.16950199419352e-08 2.96984854486482e-08 2.86724866072063e-08 2.698097745224e-08 2.56222225658576e-08 2.44021158835039e-08 2.23223910467141e-08 2.05199608416251e-08 1.87729920497759e-08 1.76360757109251e-08 1.51958641225747e-08 1.38648390546336e-08 1.21733281233105e-08 9.95495419431336e-09 8.48528181052188e-09 6.82150114172941e-09 5.12999021040628e-09
7.43155368354564e-08 7.29567801727171e-08 7.17366717140067e-08 7.05997607042264e-08 7.06552185647524e-08 6.9185546180961e-08 6.77158737971695e-08 6.52756568797486e-08 6.41664712475176e-08 6.24749674216218e-08 6.1005287932403e-08 5.86205359809355e-08 5.75945406922074e-08 5.63744357862106e-08 5.41837898992981e-08 5.21317957691281e-08 5.0468013768068e-08 4.91092606580423e-08 4.79168846823086e-08 4.72236401094506e-08 4.55321327308411e-08 4.4090185724599e-08 4.2731436167287e-08 4.13172216440216e-08 3.98752781904932e-08 3.77123612338437e-08 3.63536045711044e-08 3.49948550137924e-08 3.360836942079e-08 3.15286428076433e-08 3.03362668319096e-08 2.89497830152641e-08 2.73691913577068e-08 2.65095714269137e-08 2.4346656246621e-08 2.20728235689194e-08 2.04367722744792e-08 1.89948288209507e-08 1.76915335714511e-08 1.50294852119259e-08 1.39480276217796e-08 1.20069501008402e-08 9.62219814937271e-09 8.20798451428573e-09 6.71058231205279e-09
7.27626741081622e-08 7.12930017243707e-08 7.1071163176839e-08 6.97956039630299e-08 6.92964619020131e-08 6.77158737971695e-08 6.76049580761173e-08 6.5996637488297e-08 6.57193339748119e-08 6.35564205708761e-08 6.23640445951423e-08 6.03120469122587e-08 5.98961023001721e-08 5.79272949607912e-08 5.63744357862106e-08 5.39896838347431e-08 5.20763343558883e-08 5.06343909023599e-08 4.99688823651923e-08 4.9552934200392e-08 4.77782364782797e-08 4.53380231135725e-08 4.4090185724599e-08 4.32582965004258e-08 4.15945180520794e-08 3.9986197464259e-08 3.76846323035807e-08 3.75459840995518e-08 3.57435538944628e-08 3.39688561723506e-08 3.27210187833771e-08 3.03362668319096e-08 2.88388655178551e-08 2.7951516656799e-08 2.66759503375624e-08 2.4235738749212e-08 2.19619042951535e-08 2.08249879563027e-08 1.91889366618625e-08 1.79133721189828e-08 1.62773208245426e-08 1.4058946007367e-08 1.22287877601934e-08 1.05650075354902e-08 7.90295828778653e-09
7.28181319686882e-08 7.09602474557869e-08 7.06274860817757e-08 6.94073847284926e-08 6.84091148173138e-08 6.77713316576956e-08 6.64680399609097e-08 6.59689050053203e-08 6.57193339748119e-08 6.3944632699986e-08 6.36673362919282e-08 6.12825843404607e-08 6.08111818678481e-08 6.00902154701544e-08 5.84264299163806e-08 5.63744357862106e-08 5.47383827154135e-08 5.34073585356509e-08 5.19931440123855e-08 5.08839583801546e-08 4.99688823651923e-08 4.72236401094506e-08 4.62531026812485e-08 4.50052688449887e-08 4.34246736347177e-08 4.13172216440216e-08 4.00693842550481e-08 3.94870589559559e-08 3.81005769156673e-08 3.61872309895261e-08 3.46620971924949e-08 3.24437223753193e-08 3.03362668319096e-08 2.98094064987708e-08 2.85061076965576e-08 2.56776804263836e-08 2.38475230673885e-08 2.26551470916547e-08 2.09359072300686e-08 1.9743529477978e-08 1.76360757109251e-08 1.63327804614255e-08 1.49462948684231e-08 1.2117869374606e-08 9.62219814937271e-09
7.09602474557869e-08 6.97124136195271e-08 6.96292232760243e-08 6.8520030538366e-08 6.82150087527589e-08 6.59689050053203e-08 6.5996637488297e-08 6.45824229650316e-08 6.44715001385521e-08 6.36118855368295e-08 6.24749674216218e-08 6.13380493064142e-08 6.04784275992643e-08 5.98961023001721e-08 5.90087552154728e-08 5.77054599659732e-08 5.64021647164736e-08 5.51266019499508e-08 5.33796296053879e-08 5.20763343558883e-08 5.1604928330562e-08 4.98856920216895e-08 4.8637854632716e-08 4.72236401094506e-08 4.55321327308411e-08 4.30087290226311e-08 4.15945180520794e-08 4.04021420763456e-08 3.91543046873721e-08 3.81005769156673e-08 3.64090659843441e-08 3.39688561723506e-08 3.1972316349993e-08 3.09463210612648e-08 3.01976186278807e-08 2.77019474026474e-08 2.54558436552088e-08 2.42911983860949e-08 2.2488768181006e-08 2.08249879563027e-08 1.91334788013364e-08 1.76360757109251e-08 1.62218611876597e-08 1.38925688730751e-08 1.20069501008402e-08
7.04888378777468e-08 6.96846811365504e-08 6.83536569567877e-08 6.78822544841751e-08 6.74108520115624e-08 6.58857146618175e-08 6.50815508151936e-08 6.41942037304943e-08 6.37782591184077e-08 6.31404759587895e-08 6.25304181767206e-08 6.10607528983564e-08 6.03120469122587e-08 5.98961023001721e-08 5.88978323889933e-08 5.82045949215626e-08 5.73449732144127e-08 5.63744357862106e-08 5.47938441286533e-08 5.38233031477375e-08 5.30191428538274e-08 5.11612547882123e-08 5.03570944943021e-08 4.9552934200392e-08 4.78059654085428e-08 4.50052688449887e-08 4.34246736347177e-08 4.22045722814346e-08 4.03466806631059e-08 3.88770082793144e-08 3.75459840995518e-08 3.53830671429023e-08 3.39133947591108e-08 3.29983187441485e-08 3.11126981955567e-08 3.00312414935888e-08 2.75355702683555e-08 2.65650310637966e-08 2.50953586800051e-08 2.20173639320365e-08 2.0464502981099e-08 1.90502884578336e-08 1.76360757109251e-08 1.50849448488088e-08 1.38093794177507e-08
6.96569486535736e-08 6.83536569567877e-08 6.80486280657533e-08 6.72444713245568e-08 6.59134471447942e-08 6.5774791835338e-08 6.4915170128188e-08 6.31404759587895e-08 6.25304181767206e-08 6.15598807485185e-08 6.1670803574998e-08 6.00902154701544e-08 5.99238347831488e-08 5.8953293802233e-08 5.84264299163806e-08 5.65130804375258e-08 5.64576261297134e-08 5.60971393781529e-08 5.49047598497054e-08 5.39896838347431e-08 5.34073585356509e-08 5.1604928330562e-08 5.0468013768068e-08 5.01629884297472e-08 4.91647149658547e-08 4.76118557912741e-08 4.62531026812485e-08 4.38128893165413e-08 4.17608951863713e-08 4.023576138934e-08 3.85719829409936e-08 3.72686876914941e-08 3.60763117157603e-08 3.43570683014605e-08 3.33310730127323e-08 3.06690246532071e-08 3.02808089713835e-08 2.76464895421213e-08 2.63431925162649e-08 2.45130351572698e-08 2.27106049521808e-08 2.0547691548245e-08 1.90502884578336e-08 1.63882400983084e-08 1.49462948684231e-08
6.8520030538366e-08 6.8270466613285e-08 6.73553870456089e-08 6.59689050053203e-08 6.58857146618175e-08 6.51647411586964e-08 6.43605844174999e-08 6.30850180982634e-08 6.24195024556684e-08 6.19480999830557e-08 6.1005287932403e-08 6.00624829871776e-08 5.99238347831488e-08 5.84818913296203e-08 5.7760921379213e-08 5.63744357862106e-08 5.63744357862106e-08 5.53484333920551e-08 5.435016703359e-08 5.36569260134456e-08 5.229817290342e-08 5.08839583801546e-08 5.06343909023599e-08 4.98302306084497e-08 4.94974727871522e-08 4.89983413842765e-08 4.78059654085428e-08 4.59203484126647e-08 4.33137579136655e-08 4.21491073154812e-08 4.09567313397474e-08 3.90988432741324e-08 3.79064708511123e-08 3.66863623924019e-08 3.51612285953706e-08 3.34419922864981e-08 3.1972316349993e-08 3.02808089713835e-08 2.7951516656799e-08 2.65650310637966e-08 2.55944918592377e-08 2.20728235689194e-08 2.08249879563027e-08 1.89948288209507e-08 1.76915335714511e-08
6.82150087527589e-08 6.73553870456089e-08 6.64125749949562e-08 6.60520882433957e-08 6.48042544071359e-08 6.44715001385521e-08 6.3944632699986e-08 6.24195024556684e-08 6.17262614355241e-08 6.03675047727847e-08 6.03120469122587e-08 5.86759973941753e-08 5.8731458807415e-08 5.72340574933605e-08 5.66240032640053e-08 5.60416779649131e-08 5.57089201436156e-08 5.41837898992981e-08 5.37123874266854e-08 5.2520007898238e-08 5.21317957691281e-08 5.13830968884577e-08 5.05789294891201e-08 4.98856920216895e-08 4.94420184793398e-08 4.84714774984241e-08 4.75563979307481e-08 4.61421834074827e-08 4.51716459792806e-08 4.38128893165413e-08 4.28423518883392e-08 4.01248456682879e-08 3.90988432741324e-08 3.78510094378726e-08 3.67418238056416e-08 3.49948550137924e-08 3.42461525804083e-08 3.15286428076433e-08 2.95321065379994e-08 2.82288130648567e-08 2.65095714269137e-08 2.52617375906539e-08 2.22392007032113e-08 2.04922319113621e-08 1.91057480947165e-08
6.80486280657533e-08 6.68007942294935e-08 6.62739338963547e-08 6.4915170128188e-08 6.43051194515465e-08 6.38337169789338e-08 6.34455048498239e-08 6.24749674216218e-08 6.11716686194086e-08 6.03120469122587e-08 6.00624829871776e-08 5.8731458807415e-08 5.79272949607912e-08 5.72895118011729e-08 5.64298971994504e-08 5.53761694277455e-08 5.49047598497054e-08 5.38233031477375e-08 5.24090886244721e-08 5.20763343558883e-08 5.18267704308073e-08 5.10503390671602e-08 5.06343909023599e-08 4.93865570661001e-08 4.88042317670079e-08 4.79168846823086e-08 4.72236401094506e-08 4.61421834074827e-08 4.51716459792806e-08 4.42565664116046e-08 4.33137579136655e-08 4.2038191594429e-08 4.04021420763456e-08 3.97643553640137e-08 3.78510094378726e-08 3.72132262782543e-08 3.59099310287547e-08 3.34419922864981e-08 3.1750481355175e-08 3.01421607673547e-08 2.87279462440893e-08 2.70364353127661e-08 2.5206277953771e-08 2.18509850213877e-08 2.0464502981099e-08
6.74108520115624e-08 6.62739338963547e-08 6.56084182537597e-08 6.42496615910204e-08 6.37228012578817e-08 6.30850180982634e-08 6.22531217686628e-08 6.12271264799347e-08 6.09775625548536e-08 6.00902154701544e-08 5.8731458807415e-08 5.80382177872707e-08 5.72340574933605e-08 5.63744357862106e-08 5.60416779649131e-08 5.46829248548875e-08 5.39896838347431e-08 5.37678417344978e-08 5.30191428538274e-08 5.2104066838865e-08 5.08839583801546e-08 5.0468013768068e-08 4.99688823651923e-08 4.85269353589501e-08 4.75009365175083e-08 4.72236401094506e-08 4.60867219942429e-08 4.50052688449887e-08 4.51716459792806e-08 4.35355964611972e-08 4.2953271162105e-08 4.26759747540473e-08 4.12617602307819e-08 3.98752781904932e-08 3.85719829409936e-08 3.78510094378726e-08 3.72132262782543e-08 3.52721514218501e-08 3.41906947198822e-08 3.11126981955567e-08 2.96984854486482e-08 2.86170287466803e-08 2.66759503375624e-08 2.45684947941527e-08 2.27106049521808e-08
6.61352785868985e-08 6.56638761142858e-08 6.48042544071359e-08 6.38337169789338e-08 6.31404759587895e-08 6.25304181767206e-08 6.13380493064142e-08 6.10607528983564e-08 6.03120469122587e-08 5.93415094840566e-08 5.87869166679411e-08 5.73449732144127e-08 5.70676768063549e-08 5.6208055099205e-08 5.56534658358032e-08 5.38787645609773e-08 5.37123874266854e-08 5.30191428538274e-08 5.24645500377119e-08 5.18267704308073e-08 5.05234751813077e-08 5.00243366730047e-08 4.94420184793398e-08 4.79168846823086e-08 4.75563979307481e-08 4.6835424427627e-08 4.61421834074827e-08 4.52271038398067e-08 4.42565664116046e-08 4.28423518883392e-08 4.2953271162105e-08 4.21491073154812e-08 4.1150840957016e-08 3.95425203691957e-08 3.80173865721645e-08 3.78510094378726e-08 3.76846323035807e-08 3.64090659843441e-08 3.5438528556142e-08 3.36360983510531e-08 3.15841042208831e-08 3.03362668319096e-08 2.84506498360315e-08 2.66204889243227e-08 2.46794140679185e-08
6.60520882433957e-08 6.48042544071359e-08 6.3944632699986e-08 6.32791241628183e-08 6.23640445951423e-08 6.12271264799347e-08 6.10607528983564e-08 6.03120469122587e-08 5.96742637526404e-08 5.84264299163806e-08 5.77054599659732e-08 5.63744357862106e-08 5.62635165124448e-08 5.51266019499508e-08 5.47938441286533e-08 5.37678417344978e-08 5.27418464457696e-08 5.20763343558883e-08 5.2104066838865e-08 5.05789294891201e-08 5.04125559075419e-08 4.93865570661001e-08 4.85823967721899e-08 4.65581280195693e-08 4.60867219942429e-08 4.61421834074827e-08 4.50052688449887e-08 4.50607267055148e-08 4.4090185724599e-08 4.26205133408075e-08 4.22045722814346e-08 4.12063023702558e-08 4.06239770711636e-08 3.91543046873721e-08 3.77400937168204e-08 3.67695527359047e-08 3.64090659843441e-08 3.53830671429023e-08 3.49393936005526e-08 3.39688561723506e-08 3.360836942079e-08 3.20832356237588e-08 3.02253475581438e-08 2.87279462440893e-08 2.65650310637966e-08
6.51092832981703e-08 6.43605844174999e-08 6.36118855368295e-08 6.24195024556684e-08 6.12271264799347e-08 6.1005287932403e-08 6.04784275992643e-08 5.99515601606981e-08 5.85373491901464e-08 5.77054599659732e-08 5.74004310749388e-08 5.62635165124448e-08 5.54316237355579e-08 5.49047598497054e-08 5.41837898992981e-08 5.37123874266854e-08 5.19654150821225e-08 5.17713090175675e-08 5.08284969669148e-08 5.04125559075419e-08 4.94974727871522e-08 4.88042317670079e-08 4.71681822489245e-08 4.55321327308411e-08 4.53934845268122e-08 4.60867219942429e-08 4.54766713176014e-08 4.39792700035468e-08 4.35910543217233e-08 4.22600301419607e-08 4.14281373650738e-08 4.07903577581692e-08 4.00139228418084e-08 3.89047372095774e-08 3.78510094378726e-08 3.67972816661677e-08 3.5632634620697e-08 3.46620971924949e-08 3.45511779187291e-08 3.40797754461164e-08 3.33310730127323e-08 3.14731849471173e-08 3.04471861056754e-08 3.03085379016466e-08 2.93657294037075e-08
6.50260929546675e-08 6.42773940739971e-08 6.3251398785269e-08 6.17262614355241e-08 6.03120469122587e-08 6.00902154701544e-08 6.00070251266516e-08 5.8731458807415e-08 5.83155141953284e-08 5.74004310749388e-08 5.67349189850574e-08 5.39342224215034e-08 5.39896838347431e-08 5.39342224215034e-08 5.36014681529196e-08 5.19931440123855e-08 5.17713090175675e-08 5.09394162406807e-08 5.03570944943021e-08 4.94420184793398e-08 4.83605582246582e-08 4.73900207964562e-08 4.73900207964562e-08 4.44229435458965e-08 4.46170496104514e-08 4.51161845660408e-08 4.48943460185092e-08 4.44784014064226e-08 4.28423518883392e-08 4.1150840957016e-08 4.05685192106375e-08 4.0180303528814e-08 4.00971131853112e-08 3.78510094378726e-08 3.72686876914941e-08 3.67418238056416e-08 3.59653924419945e-08 3.49948550137924e-08 3.43570683014605e-08 3.2665560922851e-08 3.16950199419352e-08 3.07244825137332e-08 3.03917282451494e-08 3.03917282451494e-08 2.98648643592969e-08
6.46933386860837e-08 6.38891819448872e-08 6.3251398785269e-08 6.13935071669403e-08 6.04784275992643e-08 5.96742637526404e-08 5.90642130759989e-08 5.82045949215626e-08 5.75945406922074e-08 5.77054599659732e-08 5.63744357862106e-08 5.36014681529196e-08 5.41837898992981e-08 5.36569260134456e-08 5.35460067396798e-08 5.18267704308073e-08 5.11612547882123e-08 5.05234751813077e-08 5.0468013768068e-08 4.88042317670079e-08 4.7750503995303e-08 4.71681822489245e-08 4.62531026812485e-08 4.57539677256591e-08 4.57539677256591e-08 4.35910543217233e-08 4.40347278640729e-08 4.41456471378388e-08 4.24264072762526e-08 4.023576138934e-08 3.99307360510193e-08 3.97088975034876e-08 3.90433854136063e-08 3.78510094378726e-08 3.67140948753786e-08 3.61872309895261e-08 3.54939864166681e-08 3.48839321873129e-08 3.43570683014605e-08 3.19168584894669e-08 3.15286428076433e-08 3.03362668319096e-08 3.03362668319096e-08 3.03362668319096e-08 2.96984854486482e-08
