Map_Files/Hisorical/bio12Stability.asc
NCOLS 312 
NROWS 528 
XLLCORNER 7 
YLLCORNER -10 
CELLSIZE 0.0416666666666667 
NODATA_value -9999 
[rows 460 to 479 of 528, columns 225 to 269 of 312]
9.22289089544392e-08 8.16361662714371e-08 7.57297513587218e-08 7.69221273344556e-08 8.14697926898589e-08 7.8585905782802e-08 8.7015727956441e-08 8.94004799079084e-08 8.29394650736504e-08 8.26621686655926e-08 8.03883324351773e-08 7.63398020353634e-08 7.675574664745e-08 6.5996637488297e-08 6.79931702052272e-08 7.29290547951678e-08 7.62843441748373e-08 7.70885009160338e-08 8.13588698633794e-08 8.15807155163384e-08 8.1081580560749e-08 8.13588698633794e-08 8.43814049744651e-08 8.5185568821089e-08 8.66552412048804e-08 8.50746531000368e-08 8.4270489253413e-08 8.38822771243031e-08 8.36327060937947e-08 8.30226554171531e-08 8.17748215808933e-08 8.21075758494771e-08 8.26621686655926e-08 8.30226554171531e-08 8.26067108050665e-08 8.54628723345741e-08 8.66552412048804e-08 8.64611351403255e-08 8.50469206170601e-08 8.90399931563479e-08 8.66552412048804e-08 8.69325376129382e-08 8.76257786330825e-08 8.75148629120304e-08 8.75148629120304e-08
8.62670290757706e-08 8.06933613262117e-08 7.8336341857721e-08 7.39550500838959e-08 7.84472575787731e-08 8.30226554171531e-08 8.17193566149399e-08 8.30226554171531e-08 7.71162333990105e-08 7.86413636433281e-08 7.82254190312415e-08 7.63398020353634e-08 7.79481226231837e-08 7.05997607042264e-08 6.60520882433957e-08 7.0156083609163e-08 7.64784502393923e-08 7.80035804837098e-08 7.80590454496632e-08 7.8585905782802e-08 7.89741179119119e-08 7.94732599729286e-08 8.26067108050665e-08 8.50469206170601e-08 8.64334026573488e-08 8.5241026681615e-08 8.50746531000368e-08 8.51023784775862e-08 8.38822771243031e-08 8.35217903727425e-08 8.31890361041587e-08 8.27730843866448e-08 8.31890361041587e-08 8.22184915705293e-08 8.30226554171531e-08 8.25512529445405e-08 8.32999518252109e-08 8.35772482332686e-08 8.54074073686206e-08 8.73484822250248e-08 8.70434533339903e-08 8.88181546088163e-08 8.71266436774931e-08 8.74594050515043e-08 8.75148629120304e-08
8.3410867546263e-08 8.26067108050665e-08 8.13588698633794e-08 7.86413636433281e-08 7.43709946959825e-08 8.04437974011307e-08 8.13588698633794e-08 8.09706577342695e-08 8.27176336315461e-08 8.38822771243031e-08 8.35217903727425e-08 7.82808768917675e-08 7.49810453726241e-08 7.28181319686882e-08 6.58857146618175e-08 6.9241004041487e-08 7.69221273344556e-08 7.86968215038542e-08 7.66448309263978e-08 7.77262840756521e-08 7.72271491200627e-08 7.98892045850152e-08 8.22184915705293e-08 8.35217903727425e-08 8.66552412048804e-08 8.59620001847361e-08 8.65997833443544e-08 8.53519495080945e-08 8.62947544533199e-08 8.51301109605629e-08 8.52133013040657e-08 8.36327060937947e-08 8.35772482332686e-08 8.36881639543208e-08 8.35217903727425e-08 8.30226554171531e-08 8.4991462756534e-08 8.52964916475685e-08 8.64611351403255e-08 8.64611351403255e-08 8.51578363381122e-08 8.77921593200881e-08 8.63779447968227e-08 8.75703207725564e-08 8.62670290757706e-08
8.16639058598412e-08 8.19412022678989e-08 8.5185568821089e-08 8.35217903727425e-08 7.44819104170347e-08 7.75044526335478e-08 7.80035804837098e-08 7.86413636433281e-08 8.35772482332686e-08 7.86968215038542e-08 7.62843441748373e-08 7.39550500838959e-08 7.5840667079774e-08 7.61734284537852e-08 7.28181319686882e-08 6.73553870456089e-08 7.04888378777468e-08 7.14593753059489e-08 7.4010507944422e-08 7.43709946959825e-08 7.67002887869239e-08 7.82808768917675e-08 7.97228238980097e-08 8.02774167141251e-08 8.52133013040657e-08 8.69880025788916e-08 8.79585400070937e-08 8.5185568821089e-08 8.66552412048804e-08 8.55737880556262e-08 8.5185568821089e-08 8.35217903727425e-08 8.30226554171531e-08 8.32444868592574e-08 8.26621686655926e-08 8.17193566149399e-08 8.26067108050665e-08 8.51301109605629e-08 8.70434533339903e-08 8.38822771243031e-08 8.50746531000368e-08 8.82912942756775e-08 8.66552412048804e-08 8.7736701459562e-08 8.66552412048804e-08
7.68666623685021e-08 7.98892045850152e-08 7.49810453726241e-08 7.69775851949817e-08 7.30122451386706e-08 7.11820788978912e-08 7.32340765807749e-08 7.94732599729286e-08 7.94177950069752e-08 8.16084408938877e-08 7.81145033101893e-08 7.69221273344556e-08 7.58961249403001e-08 7.59515899062535e-08 7.79481226231837e-08 7.11266281427925e-08 6.61352785868985e-08 6.84091148173138e-08 7.36777536758382e-08 7.43709946959825e-08 7.69775851949817e-08 7.86968215038542e-08 8.10261155947956e-08 8.28840072131243e-08 8.5185568821089e-08 8.62670290757706e-08 8.74594050515043e-08 8.74039400855509e-08 8.72375665039726e-08 8.51301109605629e-08 8.52133013040657e-08 8.39377349848291e-08 8.35772482332686e-08 8.36327060937947e-08 8.39377349848291e-08 8.3410867546263e-08 8.21630337100032e-08 8.16639058598412e-08 8.51023784775862e-08 8.64611351403255e-08 8.38822771243031e-08 8.66552412048804e-08 8.35772482332686e-08 8.69880025788916e-08 8.63779447968227e-08
7.12375438638446e-08 7.04888378777468e-08 7.29567801727171e-08 7.11820788978912e-08 7.61734284537852e-08 8.17470890979166e-08 7.11820788978912e-08 7.13484595848968e-08 7.61179634878317e-08 7.93068792859231e-08 8.02774167141251e-08 7.87522864698076e-08 7.83917997182471e-08 7.68666623685021e-08 7.94732599729286e-08 7.31786187202488e-08 6.84923051608166e-08 6.80486280657533e-08 7.27626741081622e-08 7.49810453726241e-08 7.68112116134034e-08 7.69775851949817e-08 8.00001203060674e-08 8.36327060937947e-08 8.77921593200881e-08 8.87626967482902e-08 8.75703207725564e-08 8.85408582007585e-08 8.76257786330825e-08 8.65997833443544e-08 8.5241026681615e-08 8.60729159057882e-08 8.5185568821089e-08 8.36327060937947e-08 8.38822771243031e-08 8.36327060937947e-08 8.31890361041587e-08 8.35217903727425e-08 8.62670290757706e-08 8.50746531000368e-08 8.50746531000368e-08 8.66552412048804e-08 8.38822771243031e-08 8.74039400855509e-08 8.64611351403255e-08
6.74385773891117e-08 7.68666623685021e-08 7.69775851949817e-08 7.8336341857721e-08 8.19412022678989e-08 8.06933613262117e-08 7.88077443303337e-08 6.84091148173138e-08 7.54524478452367e-08 7.52860742636585e-08 7.82808768917675e-08 7.62843441748373e-08 7.68666623685021e-08 7.47037489645663e-08 7.56742934981958e-08 7.07106764252785e-08 7.27626741081622e-08 7.1986242744515e-08 7.48146717910458e-08 7.47592139305198e-08 7.83917997182471e-08 7.94732599729286e-08 8.15807155163384e-08 8.62670290757706e-08 8.51023784775862e-08 8.50746531000368e-08 8.8180371449198e-08 8.87072388877641e-08 8.94559448738619e-08 8.89845352958218e-08 8.77921593200881e-08 8.66552412048804e-08 8.51023784775862e-08 8.38822771243031e-08 8.36327060937947e-08 8.39931928453552e-08 8.36881639543208e-08 8.36604385767714e-08 8.4991462756534e-08 8.21075758494771e-08 8.37158964372975e-08 8.51301109605629e-08 8.39377349848291e-08 8.39377349848291e-08 8.52133013040657e-08
7.29290547951678e-08 8.02774167141251e-08 8.03883324351773e-08 7.81699611707154e-08 8.30226554171531e-08 8.26067108050665e-08 7.83917997182471e-08 7.27626741081622e-08 6.98233293405792e-08 7.56742934981958e-08 7.91404985989175e-08 8.02219588535991e-08 7.68112116134034e-08 7.61734284537852e-08 7.61734284537852e-08 6.96292232760243e-08 7.63675345183401e-08 7.53415321241846e-08 7.44264525565086e-08 7.43155368354564e-08 7.97782817585357e-08 8.16639058598412e-08 8.39931928453552e-08 8.43259542193664e-08 8.51301109605629e-08 8.7015727956441e-08 9.08701593971273e-08 8.89290774352958e-08 9.08701593971273e-08 8.90677256393246e-08 8.89290774352958e-08 8.66552412048804e-08 8.66552412048804e-08 8.57401687426318e-08 8.38822771243031e-08 8.4270489253413e-08 8.38268121583496e-08 8.4991462756534e-08 8.36327060937947e-08 8.28840072131243e-08 8.26621686655926e-08 8.66552412048804e-08 8.36881639543208e-08 8.35772482332686e-08 8.5185568821089e-08
7.86413636433281e-08 8.08042841526913e-08 8.49360048960079e-08 8.1081580560749e-08 8.35772482332686e-08 7.98892045850152e-08 7.99446624455413e-08 7.5396997090138e-08 6.8325924473811e-08 7.43709946959825e-08 7.69775851949817e-08 7.70607755384844e-08 7.89741179119119e-08 7.94177950069752e-08 7.69775851949817e-08 7.38441272574164e-08 7.89741179119119e-08 8.0166500993073e-08 7.93623371464491e-08 7.62843441748373e-08 8.10261155947956e-08 8.32999518252109e-08 8.35772482332686e-08 8.5241026681615e-08 8.89845352958218e-08 8.77921593200881e-08 9.03432919585612e-08 9.22289089544392e-08 9.34767427906991e-08 8.99550727240239e-08 9.06483137441683e-08 8.90399931563479e-08 8.70711929223944e-08 8.66552412048804e-08 8.65997833443544e-08 8.50191952395107e-08 8.66552412048804e-08 8.63779447968227e-08 8.5185568821089e-08 8.29394650736504e-08 8.36327060937947e-08 8.31890361041587e-08 8.21630337100032e-08 8.22184915705293e-08 8.35217903727425e-08
8.14143348293328e-08 8.59620001847361e-08 8.05824384997322e-08 8.06933613262117e-08 8.14697926898589e-08 8.15807155163384e-08 7.98892045850152e-08 7.70330430555077e-08 7.28181319686882e-08 7.1930784883989e-08 7.57852092192479e-08 7.76153683545999e-08 7.52860742636585e-08 7.81145033101893e-08 7.43709946959825e-08 7.50919681991036e-08 8.02774167141251e-08 8.22184915705293e-08 8.30226554171531e-08 8.01110360271196e-08 7.95564432110041e-08 8.38822771243031e-08 8.72375665039726e-08 9.12860969037865e-08 9.22843668149653e-08 9.10365329787055e-08 9.29776078351097e-08 9.33658270696469e-08 9.47800415929123e-08 9.0676046227145e-08 9.02323691320817e-08 8.90954581223014e-08 8.88736195747697e-08 8.70989182999438e-08 8.74039400855509e-08 8.57401687426318e-08 8.43814049744651e-08 8.39377349848291e-08 8.36327060937947e-08 8.13588698633794e-08 8.35772482332686e-08 8.21630337100032e-08 8.06933613262117e-08 8.21630337100032e-08 8.35217903727425e-08
8.66552412048804e-08 8.66552412048804e-08 8.67661569259326e-08 7.8585905782802e-08 7.75599104940738e-08 7.70607755384844e-08 8.17470890979166e-08 7.75599104940738e-08 7.52306164031324e-08 7.25962934211566e-08 7.55079128111902e-08 7.63120695523867e-08 7.85304479222759e-08 7.56188285322423e-08 7.98892045850152e-08 7.98892045850152e-08 8.03883324351773e-08 8.39931928453552e-08 8.52133013040657e-08 8.48805470354819e-08 8.35772482332686e-08 8.66552412048804e-08 8.85408582007585e-08 9.07592294652204e-08 9.14802100737688e-08 9.60278754291721e-08 9.94108972918184e-08 9.55841983341088e-08 9.40036102292652e-08 9.40036102292652e-08 9.42809066373229e-08 9.12029065602837e-08 8.94004799079084e-08 8.87626967482902e-08 8.85408582007585e-08 8.68770797524121e-08 8.72375665039726e-08 8.39377349848291e-08 8.70434533339903e-08 8.52964916475685e-08 8.39377349848291e-08 8.31890361041587e-08 8.17193566149399e-08 8.17748215808933e-08 8.27176336315461e-08
8.66552412048804e-08 8.10261155947956e-08 7.76153683545999e-08 7.98892045850152e-08 7.76153683545999e-08 7.27626741081622e-08 7.5396997090138e-08 7.30122451386706e-08 7.52860742636585e-08 7.48701296515719e-08 7.5396997090138e-08 7.53415321241846e-08 7.68666623685021e-08 8.02219588535991e-08 8.16084408938877e-08 8.43814049744651e-08 8.50746531000368e-08 8.66552412048804e-08 8.74039400855509e-08 8.8651781027238e-08 8.89290774352958e-08 8.8402217102157e-08 8.92340992209029e-08 9.29776078351097e-08 9.51959790995716e-08 9.63328972147792e-08 9.96881936998761e-08 9.74143574694608e-08 9.97436515604022e-08 9.82185213160847e-08 9.74698153299869e-08 9.40036102292652e-08 9.19516125463815e-08 9.0676046227145e-08 8.92895641868563e-08 8.78476171806142e-08 8.75703207725564e-08 8.62947544533199e-08 8.39931928453552e-08 8.50746531000368e-08 8.38822771243031e-08 8.38822771243031e-08 8.30226554171531e-08 8.17748215808933e-08 8.10261155947956e-08
8.62392965927938e-08 8.20521179889511e-08 7.86413636433281e-08 7.30122451386706e-08 7.43709946959825e-08 7.11820788978912e-08 7.14039245508502e-08 7.28735898292143e-08 7.63675345183401e-08 8.17748215808933e-08 7.93068792859231e-08 7.94455274899519e-08 8.13588698633794e-08 8.17748215808933e-08 8.61838387322678e-08 8.66552412048804e-08 8.94559448738619e-08 8.96777763159662e-08 9.14524775907921e-08 9.17297739988499e-08 9.15356679342949e-08 9.06205883666189e-08 9.01769112715556e-08 9.74143574694608e-08 9.82185213160847e-08 1.01684726416806e-07 1.03736716994263e-07 9.92167841218361e-08 9.98545743868817e-08 1.01102401117714e-07 9.91058684007839e-08 9.64992779017848e-08 9.49186826915138e-08 9.29776078351097e-08 9.15356679342949e-08 9.0676046227145e-08 8.94004799079084e-08 8.75703207725564e-08 8.7736701459562e-08 8.63779447968227e-08 8.65443254838283e-08 8.38822771243031e-08 8.36604385767714e-08 8.26067108050665e-08 8.16361662714371e-08
7.07938667687813e-08 6.74385773891117e-08 6.81595508922328e-08 6.77713316576956e-08 6.90191725993827e-08 7.1930784883989e-08 7.44264525565086e-08 7.68112116134034e-08 7.89186671568132e-08 8.2440330118061e-08 8.3410867546263e-08 8.2911739696101e-08 8.11924962818011e-08 8.34663325122165e-08 8.78476171806142e-08 8.88181546088163e-08 9.08146944311738e-08 9.69984128573742e-08 9.40036102292652e-08 8.91786484658041e-08 9.23398246754914e-08 9.74143574694608e-08 9.43918223583751e-08 9.93554394312923e-08 1.02128396406442e-07 1.0298802521902e-07 1.00547808301599e-07 9.97436515604022e-08 1.05428242136441e-07 1.05650073578545e-07 1.02072945651344e-07 9.96327287339227e-08 9.96881936998761e-08 9.5695114055161e-08 9.16743161383238e-08 9.14524775907921e-08 9.0676046227145e-08 8.82912942756775e-08 8.72375665039726e-08 8.53519495080945e-08 8.66552412048804e-08 8.4270489253413e-08 8.50191952395107e-08 8.09151998737434e-08 8.05269877446335e-08
7.16257559929545e-08 6.69671749164991e-08 6.74385773891117e-08 7.29567801727171e-08 7.28181319686882e-08 7.83917997182471e-08 7.75599104940738e-08 7.86413636433281e-08 8.10261155947956e-08 8.62392965927938e-08 8.43259542193664e-08 8.50746531000368e-08 8.51301109605629e-08 8.69880025788916e-08 9.07037787101217e-08 9.28666921140575e-08 9.49186826915138e-08 9.66656585887904e-08 9.07592294652204e-08 9.59724104632187e-08 9.94108972918184e-08 1.02821644532014e-07 9.80798731120558e-08 9.80798731120558e-08 1.00658731128078e-07 9.96327287339227e-08 1.004923575465e-07 1.04790444765968e-07 1.06066018190631e-07 1.06232398877637e-07 1.02516622746407e-07 1.01102401117714e-07 9.79689502855763e-08 9.74698153299869e-08 9.33103621036935e-08 9.34767427906991e-08 9.14802100737688e-08 9.05651234006655e-08 8.90954581223014e-08 8.39377349848291e-08 8.4991462756534e-08 8.69880025788916e-08 8.73484822250248e-08 8.13588698633794e-08 8.30226554171531e-08
7.05997607042264e-08 6.82981990962617e-08 7.58961249403001e-08 8.35772482332686e-08 8.22184915705293e-08 8.09151998737434e-08 8.08597420132173e-08 8.17748215808933e-08 8.39931928453552e-08 8.54074073686206e-08 8.95113956289606e-08 8.79030750411403e-08 8.98996148634978e-08 9.23398246754914e-08 9.7081603200877e-08 9.80798731120558e-08 9.62219814937271e-08 9.20070704069076e-08 9.74698153299869e-08 1.03043483079546e-07 1.0287710239254e-07 1.05539150752065e-07 1.06509688180267e-07 1.04291324021233e-07 9.7081603200877e-08 1.05428242136441e-07 1.05899644609053e-07 1.07646606295475e-07 1.07702064156001e-07 1.06398779564643e-07 1.06287856738163e-07 1.07258394166365e-07 1.0498455793595e-07 1.02655270950436e-07 9.81907888331079e-08 9.56396633000622e-08 9.18406968253294e-08 9.08701593971273e-08 8.70711929223944e-08 8.59620001847361e-08 8.36881639543208e-08 8.13034191082807e-08 8.06379034656857e-08 8.03328816800786e-08 8.48805470354819e-08
7.73380719465422e-08 8.02774167141251e-08 1.03320786593031e-07 9.99654830025065e-08 9.62774393542531e-08 9.20070704069076e-08 8.94559448738619e-08 8.62670290757706e-08 8.88736195747697e-08 9.09810751181794e-08 9.33103621036935e-08 9.21734439884858e-08 9.591695970812e-08 9.63328972147792e-08 9.80798731120558e-08 9.58060368816405e-08 9.08701593971273e-08 9.7580731051039e-08 1.004923575465e-07 1.0326531452165e-07 1.08339847315619e-07 1.08617143723677e-07 1.06232398877637e-07 1.08728066550157e-07 1.03736716994263e-07 1.01102401117714e-07 1.08284389455093e-07 1.11861524487722e-07 1.08506220897198e-07 1.06454237425169e-07 1.06731526727799e-07 1.06953372380758e-07 1.0337623734813e-07 1.01795649243286e-07 9.94108972918184e-08 1.00658731128078e-07 9.68874971363221e-08 9.41699838108434e-08 9.28112342535314e-08 8.62670290757706e-08 8.31335711382053e-08 8.38822771243031e-08 9.08146944311738e-08 8.7736701459562e-08 8.36327060937947e-08
1.01740184277332e-07 1.01795649243286e-07 1.11140550984601e-07 1.0498455793595e-07 9.74143574694608e-08 8.51023784775862e-08 8.90954581223014e-08 8.90399931563479e-08 8.91509159828274e-08 9.33103621036935e-08 9.47245766269589e-08 9.33658270696469e-08 9.60278754291721e-08 9.74143574694608e-08 9.7580731051039e-08 9.22843668149653e-08 9.69429549968481e-08 1.02405699919927e-07 1.05317319309961e-07 1.03154405906025e-07 1.05844172537672e-07 1.10225464311497e-07 1.10280922172024e-07 1.11112818501624e-07 1.11251459600226e-07 1.03043483079546e-07 1.09643139012405e-07 1.08339847315619e-07 1.0908854619629e-07 1.10280922172024e-07 1.10336387137977e-07 1.09421307570301e-07 1.08506220897198e-07 1.06398779564643e-07 1.03043483079546e-07 1.04624078289817e-07 9.68874971363221e-08 9.60278754291721e-08 9.15079354513182e-08 8.89290774352958e-08 8.50746531000368e-08 9.09810751181794e-08 8.09151998737434e-08 8.32444868592574e-08 8.02774167141251e-08
1.12942970531549e-07 1.15050426074959e-07 1.12776604055398e-07 1.0326531452165e-07 8.79030750411403e-08 8.89290774352958e-08 9.33658270696469e-08 9.33658270696469e-08 9.67211164493165e-08 9.591695970812e-08 9.46691258718602e-08 9.22289089544392e-08 9.80798731120558e-08 9.92167841218361e-08 9.54732826130567e-08 9.92167841218361e-08 1.05899644609053e-07 1.03736716994263e-07 1.09532230396781e-07 1.08728066550157e-07 1.11417840287231e-07 1.11140550984601e-07 1.08783524410683e-07 1.10197731828521e-07 1.07369316992845e-07 1.07175203822862e-07 1.07424774853371e-07 1.11584220974237e-07 1.08783524410683e-07 1.13442105487138e-07 1.15161348901438e-07 1.16020963503161e-07 1.13164816184508e-07 1.05899644609053e-07 1.05650073578545e-07 1.04624078289817e-07 9.66656585887904e-08 9.80798731120558e-08 9.41699838108434e-08 9.10919908392316e-08 8.37436289202742e-08 9.43918223583751e-08 8.2495787978587e-08 8.8651781027238e-08 8.64611351403255e-08
1.1671421873416e-07 1.12360659443311e-07 9.74143574694608e-08 9.67211164493165e-08 9.8495810618715e-08 1.0498455793595e-07 1.00187321550038e-07 9.80798731120558e-08 9.68320321703686e-08 9.48909573139645e-08 9.3421284930173e-08 9.25616632230231e-08 9.49741476574673e-08 9.60556008067215e-08 9.70538707179003e-08 1.03431695208656e-07 1.07535683468996e-07 1.09421307570301e-07 1.10890979954092e-07 1.11112818501624e-07 1.11972447314201e-07 1.12194278756306e-07 1.1402443078623e-07 1.10890979954092e-07 1.13691676517647e-07 1.11057360641098e-07 1.06287856738163e-07 1.10280922172024e-07 1.14689946428825e-07 1.11861524487722e-07 1.13802599344126e-07 1.15715941717554e-07 1.11528763113711e-07 1.09864984665364e-07 1.08173480839469e-07 1.0337623734813e-07 1.00547808301599e-07 9.91058684007839e-08 9.78580345645241e-08 9.45581959399533e-08 8.62670290757706e-08 9.19516125463815e-08 9.08701593971273e-08 8.14143348293328e-08 8.18857373019455e-08
