Map_Files/Hisorical/bio12Stability.asc
NCOLS 312 
NROWS 528 
XLLCORNER 7 
YLLCORNER -10 
CELLSIZE 0.0416666666666667 
NODATA_value -9999 
[rows 400 to 419 of 528, columns 225 to 269 of 312]
1.02932560253066e-07 1.04014020507748e-07 1.03847639820742e-07 9.95218201182979e-08 1.01795649243286e-07 1.0498455793595e-07 1.02710721705535e-07 9.8440352758189e-08 9.80798731120558e-08 9.50018730350166e-08 9.60278754291721e-08 9.45581959399533e-08 9.10919908392316e-08 8.77921593200881e-08 8.88736195747697e-08 8.62670290757706e-08 8.50746531000368e-08 8.30226554171531e-08 8.50746531000368e-08 8.06379034656857e-08 8.16084408938877e-08 7.93623371464491e-08 7.84472575787731e-08 7.62843441748373e-08 7.59515899062535e-08 7.36222958153121e-08 7.31786187202488e-08 7.12375438638446e-08 7.34559151283065e-08 7.28181319686882e-08 7.11820788978912e-08 7.03224571907413e-08 7.1015705316313e-08 6.8270466613285e-08 6.99897100275848e-08 6.90191725993827e-08 7.0156083609163e-08 7.04333800172208e-08 7.30676958937693e-08 7.12375438638446e-08 7.44819104170347e-08 7.28735898292143e-08 7.81145033101893e-08 7.86968215038542e-08 8.03328816800786e-08
1.02932560253066e-07 1.03736716994263e-07 1.04069478368274e-07 9.95218201182979e-08 1.00547808301599e-07 1.01462894974702e-07 1.01324239665246e-07 9.70538707179003e-08 9.48909573139645e-08 9.50018730350166e-08 9.43918223583751e-08 9.03432919585612e-08 8.9566860594914e-08 8.74594050515043e-08 8.66552412048804e-08 8.50746531000368e-08 8.5185568821089e-08 8.06379034656857e-08 8.30226554171531e-08 8.16639058598412e-08 8.17748215808933e-08 7.81145033101893e-08 7.83917997182471e-08 7.58961249403001e-08 7.57297513587218e-08 7.32895415467283e-08 7.28181319686882e-08 7.1071163176839e-08 7.11820788978912e-08 7.03779221566947e-08 7.11820788978912e-08 7.0156083609163e-08 7.0100625748637e-08 6.77713316576956e-08 6.99897100275848e-08 6.79931702052272e-08 7.09047824898335e-08 6.8270466613285e-08 7.0156083609163e-08 6.92964619020131e-08 7.28735898292143e-08 7.27626741081622e-08 7.57852092192479e-08 7.61734284537852e-08 7.83917997182471e-08
1.0298802521902e-07 1.03736716994263e-07 1.01906564964338e-07 9.95218201182979e-08 9.8440352758189e-08 9.916132626131e-08 9.90504176456852e-08 9.35876585117512e-08 9.32549113485948e-08 9.25616632230231e-08 8.98441570029718e-08 8.66552412048804e-08 8.62670290757706e-08 8.39377349848291e-08 8.50746531000368e-08 8.34663325122165e-08 8.16639058598412e-08 7.93068792859231e-08 7.94732599729286e-08 7.95564432110041e-08 7.95564432110041e-08 7.47037489645663e-08 7.82254190312415e-08 7.47037489645663e-08 7.36222958153121e-08 7.28735898292143e-08 7.29567801727171e-08 7.06552185647524e-08 7.11266281427925e-08 6.8741876191325e-08 7.09047824898335e-08 6.90746233544814e-08 7.09047824898335e-08 6.67453363689674e-08 6.84091148173138e-08 6.79931702052272e-08 6.99897100275848e-08 6.81040859262794e-08 7.09047824898335e-08 6.99342450616314e-08 7.23189970130989e-08 7.28181319686882e-08 7.36222958153121e-08 7.47037489645663e-08 7.61734284537852e-08
1.03043483079546e-07 1.03736716994263e-07 1.0298802521902e-07 9.8440352758189e-08 9.60556008067215e-08 9.916132626131e-08 9.78025767039981e-08 9.10365329787055e-08 8.99550727240239e-08 9.09810751181794e-08 8.89290774352958e-08 8.50746531000368e-08 8.50746531000368e-08 8.39377349848291e-08 8.34663325122165e-08 8.10261155947956e-08 8.17748215808933e-08 7.84472575787731e-08 7.93623371464491e-08 7.70885009160338e-08 7.92514143199696e-08 7.48701296515719e-08 7.81145033101893e-08 7.47592139305198e-08 7.44819104170347e-08 7.12375438638446e-08 7.27626741081622e-08 6.9185546180961e-08 7.04333800172208e-08 6.85754955043194e-08 6.98787872011053e-08 6.78267895182216e-08 6.86864112253716e-08 6.64125749949562e-08 6.77713316576956e-08 6.64680399609097e-08 6.99897100275848e-08 6.79931702052272e-08 7.02670064356425e-08 6.8325924473811e-08 7.02670064356425e-08 7.27626741081622e-08 7.32895415467283e-08 7.29290547951678e-08 7.48146717910458e-08
1.04069478368274e-07 1.04929100075424e-07 1.0298802521902e-07 9.48632319364151e-08 9.49186826915138e-08 9.6610193622837e-08 9.64992779017848e-08 8.89845352958218e-08 8.89290774352958e-08 8.79585400070937e-08 8.8596323166712e-08 8.34663325122165e-08 8.5185568821089e-08 8.22184915705293e-08 8.02774167141251e-08 7.87522864698076e-08 7.93068792859231e-08 7.68112116134034e-08 7.675574664745e-08 7.68666623685021e-08 7.68666623685021e-08 7.59515899062535e-08 7.59515899062535e-08 7.35113800942599e-08 7.32340765807749e-08 6.99897100275848e-08 7.00451607826835e-08 7.06552185647524e-08 7.02670064356425e-08 6.89637076334293e-08 6.85754955043194e-08 6.85754955043194e-08 6.75494931101639e-08 6.63571171344302e-08 6.84091148173138e-08 6.77158737971695e-08 7.0156083609163e-08 6.85754955043194e-08 7.09047824898335e-08 7.02670064356425e-08 7.09602474557869e-08 7.31786187202488e-08 7.28181319686882e-08 7.35113800942599e-08 7.38441272574164e-08
1.03736716994263e-07 1.03736716994263e-07 1.01573803590327e-07 9.40036102292652e-08 9.591695970812e-08 9.65547357623109e-08 9.47800415929123e-08 8.90954581223014e-08 8.90399931563479e-08 8.75148629120304e-08 8.75148629120304e-08 8.51301109605629e-08 8.38268121583496e-08 8.10261155947956e-08 8.01110360271196e-08 7.83917997182471e-08 7.86968215038542e-08 7.69221273344556e-08 7.69775851949817e-08 7.68666623685021e-08 7.64507248618429e-08 7.48701296515719e-08 7.59515899062535e-08 7.32895415467283e-08 7.22635391525728e-08 6.95737583100708e-08 7.07106764252785e-08 7.0156083609163e-08 6.99897100275848e-08 6.85754955043194e-08 6.89082497729032e-08 6.98787872011053e-08 6.78822544841751e-08 6.56638761142858e-08 6.77713316576956e-08 6.74940352496378e-08 6.98787872011053e-08 6.67453363689674e-08 6.8520030538366e-08 6.8325924473811e-08 7.1071163176839e-08 7.06552185647524e-08 7.44264525565086e-08 7.43709946959825e-08 7.29845126556938e-08
1.01851107103812e-07 1.04624078289817e-07 1.004923575465e-07 9.24507403965436e-08 9.48909573139645e-08 9.58060368816405e-08 9.33103621036935e-08 8.89845352958218e-08 8.89845352958218e-08 8.87626967482902e-08 9.02878269926077e-08 8.26067108050665e-08 8.06379034656857e-08 7.94177950069752e-08 7.69775851949817e-08 7.46482911040403e-08 7.93068792859231e-08 7.47037489645663e-08 7.59515899062535e-08 7.36777536758382e-08 7.70330430555077e-08 7.14039245508502e-08 7.43709946959825e-08 7.34004572677804e-08 7.11820788978912e-08 6.8741876191325e-08 7.02115414696891e-08 6.81040859262794e-08 6.99342450616314e-08 6.99342450616314e-08 6.99897100275848e-08 6.80486280657533e-08 6.85754955043194e-08 6.77158737971695e-08 7.03779221566947e-08 6.8520030538366e-08 6.82981990962617e-08 6.67453363689674e-08 6.76049580761173e-08 6.77158737971695e-08 7.02670064356425e-08 6.99897100275848e-08 7.43709946959825e-08 7.35113800942599e-08 7.44264525565086e-08
1.03736716994263e-07 1.02655270950436e-07 9.92167841218361e-08 9.0676046227145e-08 9.23398246754914e-08 9.35322077566525e-08 9.43918223583751e-08 8.90954581223014e-08 8.77921593200881e-08 8.64334026573488e-08 9.12029065602837e-08 8.27176336315461e-08 8.19412022678989e-08 7.68666623685021e-08 7.63952598958895e-08 7.45373753829881e-08 7.86968215038542e-08 7.48701296515719e-08 7.35113800942599e-08 7.36777536758382e-08 7.65893659604444e-08 7.13484595848968e-08 7.38995922233698e-08 7.25962934211566e-08 6.9185546180961e-08 7.04333800172208e-08 6.86309533648455e-08 6.79377123447011e-08 6.85754955043194e-08 6.99897100275848e-08 6.99897100275848e-08 6.68562520900196e-08 6.79377123447011e-08 6.75494931101639e-08 6.84091148173138e-08 6.85754955043194e-08 6.84091148173138e-08 6.80486280657533e-08 7.00451607826835e-08 6.9185546180961e-08 7.27072091422087e-08 7.07106764252785e-08 7.28735898292143e-08 7.70885009160338e-08 7.59515899062535e-08
1.04707254422465e-07 9.83849020030902e-08 9.35322077566525e-08 8.79585400070937e-08 9.10365329787055e-08 9.45581959399533e-08 9.21179932333871e-08 8.96777763159662e-08 9.12029065602837e-08 8.26621686655926e-08 8.77921593200881e-08 8.16639058598412e-08 7.81145033101893e-08 7.52860742636585e-08 7.68666623685021e-08 7.47592139305198e-08 7.68666623685021e-08 7.58961249403001e-08 7.05997607042264e-08 7.36777536758382e-08 7.56742934981958e-08 7.27626741081622e-08 7.28181319686882e-08 7.11820788978912e-08 7.11820788978912e-08 6.8520030538366e-08 6.79931702052272e-08 6.77158737971695e-08 6.65234978214357e-08 6.85754955043194e-08 6.98787872011053e-08 6.86864112253716e-08 6.90746233544814e-08 7.00451607826835e-08 6.91300883204349e-08 6.86309533648455e-08 6.98787872011053e-08 6.99897100275848e-08 6.9185546180961e-08 7.04333800172208e-08 7.25962934211566e-08 7.12375438638446e-08 7.03779221566947e-08 7.27626741081622e-08 7.57297513587218e-08
1.04707254422465e-07 9.81353309725819e-08 9.33658270696469e-08 8.75148629120304e-08 9.45581959399533e-08 9.33658270696469e-08 9.45581959399533e-08 8.90954581223014e-08 9.22289089544392e-08 8.26621686655926e-08 8.62670290757706e-08 8.03883324351773e-08 7.70885009160338e-08 7.43709946959825e-08 7.52860742636585e-08 7.43709946959825e-08 7.82254190312415e-08 7.36222958153121e-08 7.11820788978912e-08 7.04888378777468e-08 7.41214236654741e-08 7.23189970130989e-08 7.04333800172208e-08 7.29567801727171e-08 7.09602474557869e-08 6.83813894397645e-08 6.78267895182216e-08 6.78822544841751e-08 6.8520030538366e-08 6.85754955043194e-08 6.98787872011053e-08 6.6689871403014e-08 6.8520030538366e-08 6.9185546180961e-08 7.1986242744515e-08 7.03224571907413e-08 7.32340765807749e-08 6.81040859262794e-08 7.04333800172208e-08 6.9185546180961e-08 7.11820788978912e-08 7.43709946959825e-08 7.36222958153121e-08 7.48701296515719e-08 7.82808768917675e-08
1.03736716994263e-07 9.29776078351097e-08 9.03432919585612e-08 8.43259542193664e-08 9.09810751181794e-08 9.21179932333871e-08 9.33103621036935e-08 8.89845352958218e-08 9.03432919585612e-08 8.03328816800786e-08 8.66552412048804e-08 8.21630337100032e-08 7.69221273344556e-08 7.29845126556938e-08 7.38995922233698e-08 7.265175838711e-08 8.02774167141251e-08 7.45373753829881e-08 7.29845126556938e-08 7.14039245508502e-08 7.31786187202488e-08 7.30676958937693e-08 7.14593753059489e-08 7.27626741081622e-08 7.28181319686882e-08 6.9185546180961e-08 6.77713316576956e-08 6.79377123447011e-08 6.85754955043194e-08 6.84923051608166e-08 7.1015705316313e-08 6.79377123447011e-08 6.90191725993827e-08 6.84923051608166e-08 7.0156083609163e-08 7.12375438638446e-08 7.09047824898335e-08 7.05443028437003e-08 6.9185546180961e-08 6.92964619020131e-08 7.36222958153121e-08 7.37332115363643e-08 7.59515899062535e-08 7.48701296515719e-08 7.84472575787731e-08
9.82739791766107e-08 9.22843668149653e-08 9.10919908392316e-08 8.41595735323608e-08 8.62670290757706e-08 8.90399931563479e-08 9.12029065602837e-08 8.75148629120304e-08 9.12029065602837e-08 8.39377349848291e-08 8.50746531000368e-08 8.30226554171531e-08 7.35113800942599e-08 7.25408426660579e-08 7.5396997090138e-08 7.1986242744515e-08 8.03328816800786e-08 7.16812209589079e-08 7.29845126556938e-08 7.31786187202488e-08 7.44264525565086e-08 7.75599104940738e-08 7.4010507944422e-08 7.34004572677804e-08 7.44819104170347e-08 7.26794837646594e-08 7.11266281427925e-08 6.83813894397645e-08 6.79377123447011e-08 7.00451607826835e-08 7.09047824898335e-08 6.77713316576956e-08 6.9185546180961e-08 6.90746233544814e-08 7.22080812920467e-08 7.28735898292143e-08 7.23744619790523e-08 7.04888378777468e-08 7.11820788978912e-08 7.27072091422087e-08 7.45373753829881e-08 7.70330430555077e-08 7.91959635648709e-08 7.50919681991036e-08 8.14143348293328e-08
1.00131863689512e-07 9.56396633000622e-08 9.01769112715556e-08 8.34663325122165e-08 8.39377349848291e-08 8.97332412819196e-08 9.18961475804281e-08 8.5241026681615e-08 8.99550727240239e-08 8.17748215808933e-08 8.51023784775862e-08 8.09151998737434e-08 7.32895415467283e-08 7.11820788978912e-08 7.5396997090138e-08 7.43709946959825e-08 7.80590454496632e-08 7.13484595848968e-08 7.18198620575095e-08 7.43709946959825e-08 7.75044526335478e-08 7.81699611707154e-08 7.61734284537852e-08 7.43155368354564e-08 7.71716912595366e-08 7.37332115363643e-08 7.06552185647524e-08 6.81595508922328e-08 7.00451607826835e-08 7.27626741081622e-08 7.30122451386706e-08 6.96846811365504e-08 7.11820788978912e-08 7.13484595848968e-08 7.55079128111902e-08 7.58961249403001e-08 7.27626741081622e-08 7.13484595848968e-08 7.28735898292143e-08 7.61179634878317e-08 7.81145033101893e-08 7.83917997182471e-08 7.84472575787731e-08 7.84472575787731e-08 8.16639058598412e-08
1.02516622746407e-07 9.33658270696469e-08 8.90399931563479e-08 8.31890361041587e-08 8.30226554171531e-08 8.39931928453552e-08 8.74039400855509e-08 8.50746531000368e-08 8.9566860594914e-08 8.03328816800786e-08 8.66552412048804e-08 7.81145033101893e-08 7.33449994072544e-08 6.92964619020131e-08 7.23189970130989e-08 7.70330430555077e-08 7.89186671568132e-08 7.43155368354564e-08 7.05997607042264e-08 7.12375438638446e-08 7.87522864698076e-08 7.89741179119119e-08 7.68666623685021e-08 7.675574664745e-08 7.41214236654741e-08 7.03779221566947e-08 6.83813894397645e-08 7.00451607826835e-08 7.27626741081622e-08 7.66448309263978e-08 7.44819104170347e-08 7.05997607042264e-08 7.28181319686882e-08 7.80590454496632e-08 7.70330430555077e-08 7.60070477667796e-08 7.14593753059489e-08 7.12375438638446e-08 7.69221273344556e-08 7.83917997182471e-08 8.03883324351773e-08 8.05269877446335e-08 8.35772482332686e-08 8.07488191867378e-08 8.30226554171531e-08
9.68874971363221e-08 9.22289089544392e-08 8.43259542193664e-08 8.09706577342695e-08 8.34663325122165e-08 8.51301109605629e-08 8.66552412048804e-08 8.39377349848291e-08 8.74594050515043e-08 7.94455274899519e-08 8.30226554171531e-08 7.28735898292143e-08 7.05997607042264e-08 6.77713316576956e-08 7.35113800942599e-08 7.68112116134034e-08 8.1081580560749e-08 7.43155368354564e-08 7.07384089082552e-08 7.41214236654741e-08 7.30122451386706e-08 7.69221273344556e-08 7.92514143199696e-08 7.82254190312415e-08 7.5396997090138e-08 6.73553870456089e-08 7.03779221566947e-08 6.94073847284926e-08 7.97782817585357e-08 7.84472575787731e-08 7.38995922233698e-08 7.52306164031324e-08 7.69775851949817e-08 8.06379034656857e-08 7.99446624455413e-08 7.6256618797288e-08 7.37332115363643e-08 7.29845126556938e-08 7.94732599729286e-08 8.26621686655926e-08 8.30226554171531e-08 8.5185568821089e-08 8.39931928453552e-08 8.31890361041587e-08 8.51301109605629e-08
9.6610193622837e-08 8.90399931563479e-08 8.39377349848291e-08 8.09706577342695e-08 7.94732599729286e-08 7.85304479222759e-08 8.63779447968227e-08 8.5185568821089e-08 8.8651781027238e-08 8.16639058598412e-08 7.48701296515719e-08 6.91300883204349e-08 6.76049580761173e-08 6.79931702052272e-08 7.44819104170347e-08 7.69775851949817e-08 7.68666623685021e-08 7.36777536758382e-08 7.27072091422087e-08 7.38995922233698e-08 7.56742934981958e-08 7.60070477667796e-08 7.98892045850152e-08 7.68666623685021e-08 7.16812209589079e-08 6.70226327770251e-08 7.07106764252785e-08 7.28735898292143e-08 7.99446624455413e-08 8.03883324351773e-08 7.41214236654741e-08 8.06933613262117e-08 8.14143348293328e-08 8.30226554171531e-08 8.02774167141251e-08 8.14697926898589e-08 7.43155368354564e-08 7.64507248618429e-08 8.30226554171531e-08 8.53519495080945e-08 8.41595735323608e-08 8.74594050515043e-08 8.88736195747697e-08 8.50746531000368e-08 8.74594050515043e-08
1.02516622746407e-07 9.12583715262372e-08 8.39377349848291e-08 8.10261155947956e-08 7.61734284537852e-08 7.70885009160338e-08 7.94732599729286e-08 7.98892045850152e-08 8.36881639543208e-08 8.06379034656857e-08 7.11266281427925e-08 7.28735898292143e-08 6.77158737971695e-08 6.44715001385521e-08 6.70226327770251e-08 7.37332115363643e-08 7.77817490416055e-08 7.38441272574164e-08 7.38441272574164e-08 7.05443028437003e-08 7.59515899062535e-08 7.69775851949817e-08 8.0166500993073e-08 7.63952598958895e-08 7.54524478452367e-08 7.05997607042264e-08 7.06552185647524e-08 7.40659729103754e-08 8.14697926898589e-08 8.13588698633794e-08 7.52860742636585e-08 7.97782817585357e-08 8.37158964372975e-08 8.51301109605629e-08 8.37713542978236e-08 8.39377349848291e-08 7.97228238980097e-08 7.74489876675943e-08 8.64888605178749e-08 8.66552412048804e-08 8.88736195747697e-08 8.90399931563479e-08 8.96223184554401e-08 8.65997833443544e-08 9.09810751181794e-08
1.004923575465e-07 9.33658270696469e-08 8.51301109605629e-08 7.97228238980097e-08 7.61734284537852e-08 7.27349487306128e-08 7.82808768917675e-08 8.35772482332686e-08 8.62392965927938e-08 8.10261155947956e-08 7.67002887869239e-08 7.47037489645663e-08 7.0156083609163e-08 6.59411725223435e-08 6.77713316576956e-08 7.45928332435142e-08 8.01110360271196e-08 7.48701296515719e-08 7.57852092192479e-08 7.06552185647524e-08 7.59515899062535e-08 7.675574664745e-08 8.02774167141251e-08 7.81145033101893e-08 7.59515899062535e-08 7.05997607042264e-08 7.15702981324284e-08 7.99446624455413e-08 8.4991462756534e-08 8.16639058598412e-08 7.95564432110041e-08 8.06379034656857e-08 8.50746531000368e-08 8.66552412048804e-08 8.72375665039726e-08 8.34663325122165e-08 8.1081580560749e-08 7.8585905782802e-08 8.87626967482902e-08 8.90399931563479e-08 9.09810751181794e-08 9.09810751181794e-08 9.22289089544392e-08 9.09810751181794e-08 9.18961475804281e-08
1.03736716994263e-07 9.61665165277736e-08 8.50746531000368e-08 7.67002887869239e-08 7.47037489645663e-08 7.27626741081622e-08 7.29845126556938e-08 7.61734284537852e-08 7.93623371464491e-08 8.14697926898589e-08 7.41214236654741e-08 7.57297513587218e-08 7.1071163176839e-08 6.4915170128188e-08 6.69671749164991e-08 7.75599104940738e-08 7.89186671568132e-08 7.40659729103754e-08 7.69775851949817e-08 7.16257559929545e-08 7.57852092192479e-08 7.69775851949817e-08 8.03328816800786e-08 8.0166500993073e-08 7.69221273344556e-08 7.39550500838959e-08 7.38441272574164e-08 7.86968215038542e-08 8.35217903727425e-08 8.38822771243031e-08 8.39377349848291e-08 8.09706577342695e-08 8.66552412048804e-08 8.62670290757706e-08 8.62670290757706e-08 8.74594050515043e-08 8.74039400855509e-08 8.11924962818011e-08 8.90399931563479e-08 9.12029065602837e-08 9.32549113485948e-08 9.15356679342949e-08 9.45581959399533e-08 9.33658270696469e-08 9.33103621036935e-08
1.01795649243286e-07 9.71370610614031e-08 8.32444868592574e-08 7.70607755384844e-08 7.36222958153121e-08 7.44819104170347e-08 7.85304479222759e-08 7.43155368354564e-08 8.01110360271196e-08 7.94455274899519e-08 7.61179634878317e-08 7.68666623685021e-08 7.27626741081622e-08 6.60520882433957e-08 6.64125749949562e-08 7.12375438638446e-08 7.56188285322423e-08 7.68666623685021e-08 7.81145033101893e-08 7.48701296515719e-08 7.4010507944422e-08 7.8336341857721e-08 8.03328816800786e-08 8.03328816800786e-08 7.91404985989175e-08 7.64784502393923e-08 7.4925587512098e-08 7.9500985350478e-08 8.64056772797994e-08 8.50746531000368e-08 8.62670290757706e-08 8.19412022678989e-08 8.75148629120304e-08 9.09810751181794e-08 9.12029065602837e-08 8.98996148634978e-08 8.98996148634978e-08 8.65997833443544e-08 8.97332412819196e-08 9.34767427906991e-08 9.66656585887904e-08 9.60278754291721e-08 9.80798731120558e-08 9.49741476574673e-08 9.68874971363221e-08
