Map_Files/Hisorical/bio1Stability.asc
NCOLS 312 
NROWS 528 
XLLCORNER 7 
YLLCORNER -10 
CELLSIZE 0.0416666666666667 
NODATA_value -9999 
[rows 315 to 335 of 528, columns 192 to 239 of 312]
0.173117458820343 0.173117458820343 0.173117458820343 0.197744369506836 0.173117458820343 0.178723007440567 0.202582255005836 0.208432272076607 0.173117458820343 0.208432272076607 0.171259120106697 0.173117458820343 0.208432272076607 0.173117458820343 0.208432272076607 0.173117458820343 0.173117458820343 0.171259120106697 0.173117458820343 0.204526796936989 0.173117458820343 0.206476762890816 0.204526796936989 0.210393145680428 0.18816827237606 0.195818513631821 0.195818513631821 0.19198289513588 0.201611950993538 0.208432272076607 0.204526796936989 0.210393145680428 0.212359488010406 0.202582255005836 0.202582255005836 0.208432272076607 0.212359488010406 0.204526796936989 0.204526796936989 0.200642988085747 0.206476762890816 0.210393145680428 0.218291789293289 0.202582255005836 0.196780771017075 0.204526796936989 0.204526796936989 0.202582255005836
0.173117458820343 0.169405817985535 0.171259120106697 0.173117458820343 0.173117458820343 0.173117458820343 0.208432272076607 0.173117458820343 0.208432272076607 0.173117458820343 0.171259120106697 0.208432272076607 0.173117458820343 0.206476762890816 0.173117458820343 0.171259120106697 0.208432272076607 0.202582255005836 0.204526796936989 0.204526796936989 0.204526796936989 0.210393145680428 0.210393145680428 0.200642988085747 0.186268866062164 0.182485654950142 0.18816827237606 0.193898051977158 0.200642988085747 0.202582255005836 0.202582255005836 0.200642988085747 0.212359488010406 0.202582255005836 0.204526796936989 0.202582255005836 0.208432272076607 0.200642988085747 0.200642988085747 0.202582255005836 0.204526796936989 0.206476762890816 0.202582255005836 0.206476762890816 0.200642988085747 0.202582255005836 0.208432272076607 0.204526796936989
0.173117458820343 0.171259120106697 0.171259120106697 0.173117458820343 0.198709204792976 0.212359488010406 0.200642988085747 0.206476762890816 0.173117458820343 0.171259120106697 0.208432272076607 0.173117458820343 0.171259120106697 0.204526796936989 0.171259120106697 0.169405817985535 0.174980953335762 0.202582255005836 0.174980953335762 0.202582255005836 0.204526796936989 0.173117458820343 0.186268866062164 0.199675485491753 0.184374675154686 0.174980953335762 0.182485654950142 0.199675485491753 0.210393145680428 0.204526796936989 0.193898051977158 0.204526796936989 0.208432272076607 0.202582255005836 0.206476762890816 0.204526796936989 0.202582255005836 0.208432272076607 0.210393145680428 0.200642988085747 0.226279690861702 0.206476762890816 0.200642988085747 0.202582255005836 0.204526796936989 0.202582255005836 0.206476762890816 0.198709204792976
0.195818513631821 0.173117458820343 0.173117458820343 0.195818513631821 0.173117458820343 0.173117458820343 0.204526796936989 0.173117458820343 0.169405817985535 0.208432272076607 0.173117458820343 0.208432272076607 0.204526796936989 0.173117458820343 0.171259120106697 0.202582255005836 0.208432272076607 0.174980953335762 0.171259120106697 0.208432272076607 0.178723007440567 0.173117458820343 0.178723007440567 0.199675485491753 0.201611950993538 0.18816827237606 0.190073013305664 0.199675485491753 0.200642988085747 0.210393145680428 0.193898051977158 0.210393145680428 0.200642988085747 0.200642988085747 0.202582255005836 0.204526796936989 0.210393145680428 0.199675485491753 0.200642988085747 0.200642988085747 0.21630884706974 0.196780771017075 0.202582255005836 0.202582255005836 0.200642988085747 0.18816827237606 0.197744369506836 0.212359488010406
0.195818513631821 0.173117458820343 0.173117458820343 0.173117458820343 0.173117458820343 0.208432272076607 0.173117458820343 0.204526796936989 0.169405817985535 0.173117458820343 0.204526796936989 0.173117458820343 0.173117458820343 0.167557537555695 0.173117458820343 0.208432272076607 0.173117458820343 0.218291789293289 0.204526796936989 0.208432272076607 0.210393145680428 0.199675485491753 0.182485654950142 0.18816827237606 0.197744369506836 0.210393145680428 0.195818513631821 0.197744369506836 0.18816827237606 0.210393145680428 0.206476762890816 0.208432272076607 0.204526796936989 0.200642988085747 0.200642988085747 0.200642988085747 0.202582255005836 0.214331358671188 0.210393145680428 0.204526796936989 0.206476762890816 0.206476762890816 0.202582255005836 0.202582255005836 0.202582255005836 0.199675485491753 0.200642988085747 0.208432272076607
0.173117458820343 0.174980953335762 0.198709204792976 0.210393145680428 0.171259120106697 0.173117458820343 0.169405817985535 0.171259120106697 0.169405817985535 0.204526796936989 0.204526796936989 0.173117458820343 0.208432272076607 0.173117458820343 0.208432272076607 0.173117458820343 0.169405817985535 0.171259120106697 0.173117458820343 0.178723007440567 0.200642988085747 0.200642988085747 0.18816827237606 0.18816827237606 0.195818513631821 0.210393145680428 0.200642988085747 0.18816827237606 0.18816827237606 0.199675485491753 0.208432272076607 0.204526796936989 0.204526796936989 0.204526796936989 0.214331358671188 0.212359488010406 0.210393145680428 0.210393145680428 0.206476762890816 0.200642988085747 0.200642988085747 0.202582255005836 0.202582255005836 0.202582255005836 0.198709204792976 0.200642988085747 0.197744369506836 0.21630884706974
0.167557537555695 0.169405817985535 0.174980953335762 0.212359488010406 0.173117458820343 0.202582255005836 0.206476762890816 0.171259120106697 0.167557537555695 0.173117458820343 0.204526796936989 0.202582255005836 0.173117458820343 0.171259120106697 0.171259120106697 0.167557537555695 0.167557537555695 0.173117458820343 0.198709204792976 0.178723007440567 0.19198289513588 0.198709204792976 0.195818513631821 0.199675485491753 0.199675485491753 0.199675485491753 0.190073013305664 0.18816827237606 0.19198289513588 0.206476762890816 0.202582255005836 0.208432272076607 0.218291789293289 0.204526796936989 0.200642988085747 0.195818513631821 0.200642988085747 0.197744369506836 0.202582255005836 0.202582255005836 0.202582255005836 0.202582255005836 0.202582255005836 0.206476762890816 0.198709204792976 0.198709204792976 0.210393145680428 0.202582255005836
0.169405817985535 0.169405817985535 0.169405817985535 0.169405817985535 0.169405817985535 0.202582255005836 0.173117458820343 0.204526796936989 0.169405817985535 0.171259120106697 0.204526796936989 0.204526796936989 0.173117458820343 0.169405817985535 0.169405817985535 0.169405817985535 0.173117458820343 0.173117458820343 0.193898051977158 0.182485654950142 0.190073013305664 0.199675485491753 0.201611950993538 0.200642988085747 0.210393145680428 0.201611950993538 0.18816827237606 0.186268866062164 0.198709204792976 0.210393145680428 0.218291789293289 0.210393145680428 0.200642988085747 0.198709204792976 0.195818513631821 0.200642988085747 0.200642988085747 0.204526796936989 0.202582255005836 0.202582255005836 0.202582255005836 0.202582255005836 0.202582255005836 0.206476762890816 0.200642988085747 0.201611950993538 0.210393145680428 0.202582255005836
0.169405817985535 0.171259120106697 0.169405817985535 0.167557537555695 0.171259120106697 0.204526796936989 0.169405817985535 0.171259120106697 0.171259120106697 0.204526796936989 0.204526796936989 0.204526796936989 0.202582255005836 0.171259120106697 0.167557537555695 0.171259120106697 0.210393145680428 0.195818513631821 0.18816827237606 0.193898051977158 0.19198289513588 0.18816827237606 0.201611950993538 0.195818513631821 0.199675485491753 0.195818513631821 0.193898051977158 0.199675485491753 0.200642988085747 0.199675485491753 0.19198289513588 0.201611950993538 0.193898051977158 0.195818513631821 0.195818513631821 0.214331358671188 0.202582255005836 0.200642988085747 0.202582255005836 0.202582255005836 0.202582255005836 0.202582255005836 0.202582255005836 0.200642988085747 0.206476762890816 0.210393145680428 0.204526796936989 0.208432272076607
0.169405817985535 0.173117458820343 0.208432272076607 0.173117458820343 0.169405817985535 0.171259120106697 0.169405817985535 0.167557537555695 0.171259120106697 0.173117458820343 0.173117458820343 0.173117458820343 0.204526796936989 0.171259120106697 0.167557537555695 0.173117458820343 0.210393145680428 0.184374675154686 0.178723007440567 0.201611950993538 0.199675485491753 0.186268866062164 0.201611950993538 0.18816827237606 0.210393145680428 0.208432272076607 0.218291789293289 0.197744369506836 0.186268866062164 0.171259120106697 0.173117458820343 0.173117458820343 0.182485654950142 0.201611950993538 0.182485654950142 0.182485654950142 0.210393145680428 0.202582255005836 0.202582255005836 0.202582255005836 0.202582255005836 0.202582255005836 0.202582255005836 0.200642988085747 0.204526796936989 0.202582255005836 0.202582255005836 0.204526796936989
0.173117458820343 0.208432272076607 0.173117458820343 0.208432272076607 0.171259120106697 0.167557537555695 0.171259120106697 0.171259120106697 0.204526796936989 0.202582255005836 0.204526796936989 0.169405817985535 0.173117458820343 0.169405817985535 0.169405817985535 0.167557537555695 0.174980953335762 0.200642988085747 0.173117458820343 0.173117458820343 0.182485654950142 0.210393145680428 0.180601716041565 0.180601716041565 0.212359488010406 0.204526796936989 0.206476762890816 0.184374675154686 0.171259120106697 0.173117458820343 0.173117458820343 0.174980953335762 0.173117458820343 0.173117458820343 0.173117458820343 0.173117458820343 0.178723007440567 0.218291789293289 0.202582255005836 0.202582255005836 0.202582255005836 0.202582255005836 0.202582255005836 0.202582255005836 0.206476762890816 0.202582255005836 0.208432272076607 0.182485654950142
0.167557537555695 0.173117458820343 0.169405817985535 0.171259120106697 0.167557537555695 0.173117458820343 0.212359488010406 0.171259120106697 0.173117458820343 0.173117458820343 0.169405817985535 0.173117458820343 0.208432272076607 0.171259120106697 0.169405817985535 0.167557537555695 0.173117458820343 0.173117458820343 0.208432272076607 0.208432272076607 0.206476762890816 0.204526796936989 0.206476762890816 0.202582255005836 0.204526796936989 0.204526796936989 0.204526796936989 0.202582255005836 0.202582255005836 0.204526796936989 0.208432272076607 0.212359488010406 0.173117458820343 0.171259120106697 0.173117458820343 0.173117458820343 0.174980953335762 0.210393145680428 0.204526796936989 0.202582255005836 0.204526796936989 0.202582255005836 0.202582255005836 0.202582255005836 0.210393145680428 0.206476762890816 0.208432272076607 0.198709204792976
0.173117458820343 0.208432272076607 0.208432272076607 0.171259120106697 0.171259120106697 0.208432272076607 0.173117458820343 0.167557537555695 0.171259120106697 0.214331358671188 0.173117458820343 0.208432272076607 0.173117458820343 0.167557537555695 0.169405817985535 0.173117458820343 0.202582255005836 0.204526796936989 0.202582255005836 0.173117458820343 0.202582255005836 0.204526796936989 0.200642988085747 0.200642988085747 0.202582255005836 0.202582255005836 0.202582255005836 0.202582255005836 0.202582255005836 0.204526796936989 0.173117458820343 0.173117458820343 0.171259120106697 0.173117458820343 0.210393145680428 0.200642988085747 0.182485654950142 0.218291789293289 0.202582255005836 0.173117458820343 0.204526796936989 0.204526796936989 0.202582255005836 0.208432272076607 0.200642988085747 0.206476762890816 0.218291789293289 0.178723007440567
0.171259120106697 0.173117458820343 0.173117458820343 0.167557537555695 0.132490277290344 0.171259120106697 0.167557537555695 0.171259120106697 0.167557537555695 0.171259120106697 0.169405817985535 0.173117458820343 0.169405817985535 0.167557537555695 0.167557537555695 0.171259120106697 0.208432272076607 0.173117458820343 0.173117458820343 0.169405817985535 0.173117458820343 0.206476762890816 0.204526796936989 0.204526796936989 0.204526796936989 0.204526796936989 0.204526796936989 0.202582255005836 0.202582255005836 0.202582255005836 0.173117458820343 0.208432272076607 0.173117458820343 0.210393145680428 0.202582255005836 0.204526796936989 0.218291789293289 0.202582255005836 0.200642988085747 0.174980953335762 0.173117458820343 0.204526796936989 0.208432272076607 0.202582255005836 0.206476762890816 0.200642988085747 0.212359488010406 0.173117458820343
0.173117458820343 0.218291789293289 0.212359488010406 0.173117458820343 0.169405817985535 0.169405817985535 0.132490277290344 0.169405817985535 0.169405817985535 0.169405817985535 0.173117458820343 0.208432272076607 0.169405817985535 0.169405817985535 0.171259120106697 0.169405817985535 0.173117458820343 0.208432272076607 0.208432272076607 0.173117458820343 0.204526796936989 0.173117458820343 0.202582255005836 0.173117458820343 0.171259120106697 0.173117458820343 0.204526796936989 0.204526796936989 0.202582255005836 0.204526796936989 0.173117458820343 0.204526796936989 0.204526796936989 0.204526796936989 0.204526796936989 0.173117458820343 0.173117458820343 0.178723007440567 0.197744369506836 0.200642988085747 0.218291789293289 0.208432272076607 0.208432272076607 0.202582255005836 0.206476762890816 0.206476762890816 0.208432272076607 0.173117458820343
0.169405817985535 0.173117458820343 0.173117458820343 0.171259120106697 0.167557537555695 0.132490277290344 0.167557537555695 0.169405817985535 0.169405817985535 0.171259120106697 0.204526796936989 0.202582255005836 0.173117458820343 0.171259120106697 0.171259120106697 0.171259120106697 0.171259120106697 0.171259120106697 0.171259120106697 0.171259120106697 0.202582255005836 0.202582255005836 0.206476762890816 0.171259120106697 0.167557537555695 0.171259120106697 0.202582255005836 0.173117458820343 0.204526796936989 0.173117458820343 0.173117458820343 0.171259120106697 0.173117458820343 0.204526796936989 0.173117458820343 0.171259120106697 0.174980953335762 0.197744369506836 0.198709204792976 0.202582255005836 0.18816827237606 0.198709204792976 0.182485654950142 0.196780771017075 0.210393145680428 0.210393145680428 0.204526796936989 0.173117458820343
0.171259120106697 0.171259120106697 0.169405817985535 0.169405817985535 0.169405817985535 0.169405817985535 0.208432272076607 0.169405817985535 0.130740568041801 0.167557537555695 0.173117458820343 0.173117458820343 0.208432272076607 0.169405817985535 0.169405817985535 0.171259120106697 0.167557537555695 0.167557537555695 0.169405817985535 0.171259120106697 0.173117458820343 0.208432272076607 0.173117458820343 0.169405817985535 0.169405817985535 0.171259120106697 0.204526796936989 0.173117458820343 0.171259120106697 0.171259120106697 0.218291789293289 0.173117458820343 0.210393145680428 0.210393145680428 0.173117458820343 0.204526796936989 0.202582255005836 0.173117458820343 0.173117458820343 0.204526796936989 0.210393145680428 0.18816827237606 0.210393145680428 0.218291789293289 0.210393145680428 0.202582255005836 0.204526796936989 0.208432272076607
0.169405817985535 0.169405817985535 0.169405817985535 0.169405817985535 0.169405817985535 0.169405817985535 0.171259120106697 0.169405817985535 0.167557537555695 0.171259120106697 0.212359488010406 0.171259120106697 0.173117458820343 0.173117458820343 0.169405817985535 0.169405817985535 0.171259120106697 0.167557537555695 0.173117458820343 0.206476762890816 0.204526796936989 0.173117458820343 0.171259120106697 0.208432272076607 0.173117458820343 0.169405817985535 0.173117458820343 0.212359488010406 0.171259120106697 0.169405817985535 0.173117458820343 0.171259120106697 0.173117458820343 0.173117458820343 0.173117458820343 0.202582255005836 0.204526796936989 0.204526796936989 0.173117458820343 0.173117458820343 0.208432272076607 0.210393145680428 0.210393145680428 0.208432272076607 0.202582255005836 0.173117458820343 0.206476762890816 0.202582255005836
0.167557537555695 0.132490277290344 0.167557537555695 0.169405817985535 0.169405817985535 0.167557537555695 0.167557537555695 0.171259120106697 0.171259120106697 0.169405817985535 0.173117458820343 0.173117458820343 0.208432272076607 0.204526796936989 0.173117458820343 0.173117458820343 0.204526796936989 0.173117458820343 0.204526796936989 0.204526796936989 0.202582255005836 0.171259120106697 0.169405817985535 0.173117458820343 0.208432272076607 0.173117458820343 0.208432272076607 0.173117458820343 0.167557537555695 0.173117458820343 0.169405817985535 0.169405817985535 0.169405817985535 0.173117458820343 0.208432272076607 0.204526796936989 0.204526796936989 0.208432272076607 0.208432272076607 0.204526796936989 0.210393145680428 0.178723007440567 0.174980953335762 0.218291789293289 0.210393145680428 0.173117458820343 0.204526796936989 0.200642988085747
0.169405817985535 0.167557537555695 0.169405817985535 0.169405817985535 0.169405817985535 0.169405817985535 0.171259120106697 0.169405817985535 0.169405817985535 0.169405817985535 0.167557537555695 0.204526796936989 0.204526796936989 0.173117458820343 0.171259120106697 0.169405817985535 0.204526796936989 0.171259120106697 0.171259120106697 0.169405817985535 0.171259120106697 0.169405817985535 0.171259120106697 0.167557537555695 0.173117458820343 0.171259120106697 0.206476762890816 0.208432272076607 0.173117458820343 0.208432272076607 0.171259120106697 0.169405817985535 0.173117458820343 0.218291789293289 0.173117458820343 0.204526796936989 0.208432272076607 0.186268866062164 0.173117458820343 0.208432272076607 0.184374675154686 0.206476762890816 0.174980953335762 0.200642988085747 0.204526796936989 0.204526796936989 0.200642988085747 0.202582255005836
0.173117458820343 0.169405817985535 0.167557537555695 0.169405817985535 0.171259120106697 0.169405817985535 0.169405817985535 0.167557537555695 0.13424463570118 0.169405817985535 0.171259120106697 0.173117458820343 0.171259120106697 0.169405817985535 0.173117458820343 0.171259120106697 0.171259120106697 0.169405817985535 0.169405817985535 0.169405817985535 0.167557537555695 0.171259120106697 0.212359488010406 0.171259120106697 0.167557537555695 0.169405817985535 0.173117458820343 0.173117458820343 0.173117458820343 0.208432272076607 0.171259120106697 0.173117458820343 0.169405817985535 0.173117458820343 0.171259120106697 0.167557537555695 0.210393145680428 0.212359488010406 0.204526796936989 0.202582255005836 0.210393145680428 0.200642988085747 0.202582255005836 0.204526796936989 0.200642988085747 0.202582255005836 0.204526796936989 0.204526796936989
