Map_Files/Hisorical/ForestStability.asc
NCOLS 312 
NROWS 528 
XLLCORNER 7 
YLLCORNER -10 
CELLSIZE 0.0416666666666667 
NODATA_value -3.4e+38 
[rows 154 to 175 of 528, columns 96 to 143 of 312]
861.698669433594 854.253479003906 866.413146972656 839.277099609375 853.358154296875 881.289611816406 834.164916992188 877.043518066406 853.84375 842.055786132812 844.946228027344 838.874328613281 854.012634277344 859.741638183594 822.628540039062 826.289794921875 833.419006347656 839.183227539062 882.489624023438 889.281982421875 892.918090820312 925.266784667969 912.983154296875 969.264953613281 980.1396484375 960.849548339844 957.119201660156 1013.66491699219 983.229675292969 1015.08575439453 1040.60168457031 968.209289550781 918.36962890625 927.334106445312 982.937561035156 898.060607910156 877.609069824219 886.759765625 898.376708984375 871.489685058594 829.324584960938 842.259643554688 820.458251953125 815.617065429688 793.245788574219 810.678039550781 796.599853515625 796.738891601562
876.533935546875 897.056396484375 880.207885742188 870.691772460938 855.763000488281 883.467529296875 850.351440429688 854.928405761719 860.725219726562 845.2783203125 851.041076660156 845.912780761719 838.743286132812 856.603515625 823.743957519531 827.161499023438 861.560607910156 881.947143554688 914.780822753906 918.965759277344 929.242248535156 945.160461425781 959.695007324219 944.644714355469 951.141723632812 979.640197753906 986.879211425781 1004.82385253906 1033.69311523438 1008.74645996094 933.757385253906 905.729553222656 894.203125 866.841247558594 930.198120117188 869.626831054688 877.130004882812 911.066955566406 875.843200683594 904.835327148438 879.757568359375 849.041259765625 840.939453125 824.795166015625 785.307067871094 798.510070800781 793.872131347656 780.123718261719
888.051330566406 914.09375 907.934997558594 842.049560546875 888.247375488281 893.080810546875 874.6728515625 868.124694824219 841.565612792969 813.284484863281 832.540832519531 835.144165039062 838.259521484375 840.039489746094 820.999145507812 877.422485351562 932.342651367188 979.963745117188 940.178344726562 883.722290039062 875.499389648438 847.250793457031 887.698181152344 923.908081054688 955.603088378906 977.052795410156 985.905151367188 995.0830078125 963.6357421875 952.281066894531 894.094299316406 854.446105957031 885.446716308594 904.011596679688 918.09033203125 876.585327148438 894.605590820312 871.959289550781 861.926208496094 854.2060546875 878.2470703125 834.187255859375 854.321838378906 835.423522949219 821.711303710938 847.174438476562 811.718444824219 810.421264648438
881.673156738281 902.774841308594 880.058471679688 865.938720703125 876.164123535156 887.399108886719 876.369445800781 871.577575683594 815.8251953125 824.071899414062 821.668029785156 826.540710449219 835.510375976562 829.173461914062 848.836547851562 840.0615234375 858.825744628906 863.393676757812 851.150085449219 856.634094238281 790.139770507812 830.960327148438 840.514953613281 865.123962402344 859.26123046875 873.456665039062 918.719177246094 897.585266113281 865.133056640625 876.844909667969 855.782653808594 846.860473632812 882.774108886719 917.472412109375 885.953369140625 904.150939941406 895.67822265625 905.007202148438 877.318542480469 889.184020996094 877.020751953125 854.258239746094 825.882690429688 827.139404296875 824.227355957031 823.51025390625 823.16796875 818.068298339844
910.997863769531 930.200134277344 895.794982910156 878.533752441406 890.048400878906 878.975341796875 873.883361816406 877.28857421875 839.103515625 824.928833007812 812.139282226562 828.597900390625 830.028442382812 829.359924316406 830.724304199219 806.342346191406 799.37744140625 795.14404296875 778.579956054688 785.073059082031 790.955749511719 815.130065917969 813.225524902344 819.882263183594 837.971557617188 811.950317382812 822.87353515625 822.164367675781 821.885681152344 883.606628417969 859.474975585938 857.998168945312 850.175109863281 881.310729980469 876.542907714844 911.654541015625 949.577087402344 891.942810058594 884.442504882812 895.013366699219 883.537292480469 858.442077636719 836.915832519531 817.266052246094 826.354797363281 835.233093261719 817.574890136719 829.098754882812
912.570556640625 908.088195800781 886.903442382812 911.535705566406 921.510620117188 889.754150390625 892.301452636719 888.96240234375 858.721496582031 829.686157226562 833.058532714844 833.888610839844 834.140380859375 826.231018066406 838.485717773438 863.811828613281 858.535888671875 843.479797363281 842.788208007812 834.905395507812 835.321960449219 827.940490722656 853.085754394531 891.2080078125 884.340942382812 893.273620605469 873.134643554688 866.162963867188 879.404541015625 827.267211914062 836.719787597656 843.86083984375 846.414306640625 828.710632324219 828.337951660156 892.325134277344 917.162353515625 879.720336914062 869.584838867188 875.213623046875 866.804077148438 857.662963867188 836.013916015625 834.92919921875 816.737976074219 832.913757324219 845.965637207031 807.964050292969
920.096435546875 899.165222167969 914.982360839844 928.356140136719 906.831481933594 912.489135742188 886.780822753906 862.684265136719 883.11328125 832.937805175781 853.447265625 846.386657714844 843.59423828125 833.974792480469 853.4814453125 866.727905273438 850.502258300781 844.845092773438 841.077941894531 836.513732910156 853.044860839844 843.553039550781 865.3466796875 874.672485351562 875.066833496094 868.331359863281 899.067016601562 881.4951171875 864.66748046875 854.866455078125 860.956787109375 869.369079589844 874.914978027344 853.174438476562 838.308776855469 882.187133789062 896.860534667969 867.864196777344 870.555725097656 858.003967285156 850.324157714844 834.7548828125 824.046142578125 815.612365722656 837.507629394531 825.381958007812 848.650695800781 825.792297363281
899.884704589844 902.434875488281 957.879516601562 974.304504394531 919.35888671875 903.01416015625 911.997680664062 852.173217773438 849.992553710938 826.811218261719 853.669738769531 841.589782714844 835.806396484375 859.276428222656 854.657409667969 845.94580078125 876.639587402344 836.756652832031 858.300964355469 841.797119140625 841.921875 847.424194335938 861.835632324219 872.645690917969 893.435363769531 875.391540527344 876.943786621094 862.169372558594 840.279418945312 826.706359863281 848.246887207031 898.32275390625 882.008056640625 839.418579101562 861.474975585938 874.984375 896.179321289062 877.038879394531 876.981872558594 859.992736816406 837.890197753906 828.099975585938 807.951721191406 819.390380859375 826.864196777344 813.220703125 836.619201660156 842.001586914062
889.585327148438 916.564880371094 913.488403320312 915.55712890625 931.823425292969 905.175537109375 898.170227050781 879.600158691406 871.679565429688 845.847961425781 837.685607910156 846.448608398438 844.318969726562 841.080017089844 855.324096679688 847.530700683594 843.296691894531 845.570556640625 866.132873535156 867.105224609375 849.899841308594 862.187072753906 887.093200683594 866.881042480469 882.0673828125 864.50048828125 890.429443359375 857.09326171875 855.641540527344 862.074829101562 866.425842285156 904.771057128906 880.825744628906 847.627746582031 863.205505371094 853.888122558594 866.317687988281 878.661010742188 881.948974609375 868.128967285156 862.132568359375 838.41455078125 826.371398925781 801.8544921875 822.296875 801.83642578125 822.469848632812 826.058288574219
982.858337402344 934.796630859375 900.8583984375 933.19482421875 929.20458984375 857.779663085938 928.091857910156 849.668395996094 842.826293945312 830.838073730469 835.925170898438 819.933776855469 850.998413085938 846.928344726562 878.145263671875 892.265258789062 858.8642578125 868.574645996094 856.027893066406 860.796325683594 836.515991210938 878.597961425781 885.882019042969 856.74560546875 921.458618164062 897.372985839844 867.361145019531 836.034118652344 853.105529785156 840.405517578125 856.861145019531 885.132019042969 881.646606445312 840.854309082031 839.024291992188 832.726501464844 820.83935546875 849.303161621094 846.493957519531 857.340515136719 856.131286621094 858.912414550781 820.16455078125 830.867919921875 825.897277832031 807.646484375 785.173461914062 785.299011230469
951.452026367188 942.729370117188 896.577880859375 915.126647949219 903.189208984375 896.590576171875 864.605285644531 891.460693359375 872.935974121094 835.40087890625 832.693115234375 832.184143066406 840.346313476562 832.245971679688 854.209350585938 852.107666015625 836.978149414062 895.190063476562 898.232238769531 895.307434082031 883.370239257812 868.908996582031 863.843444824219 871.501831054688 860.407470703125 847.824523925781 844.925354003906 836.798767089844 837.109558105469 849.417114257812 793.599853515625 901.111267089844 875.355102539062 832.249389648438 838.963806152344 822.248779296875 822.292602539062 861.699890136719 857.06298828125 844.015319824219 855.841796875 880.918029785156 842.359924316406 839.793395996094 811.857543945312 809.075805664062 817.962097167969 807.541870117188
961.235473632812 934.692504882812 910.468200683594 886.354248046875 887.417907714844 884.552062988281 910.087646484375 930.15283203125 856.1240234375 839.864562988281 865.653137207031 861.563598632812 841.705749511719 860.15869140625 852.030212402344 848.601928710938 846.803588867188 861.022888183594 861.581970214844 862.668273925781 873.205810546875 845.006408691406 893.063598632812 837.062744140625 875.710021972656 848.315063476562 843.710571289062 842.119506835938 810.513854980469 802.213317871094 828.421691894531 884.989990234375 877.731018066406 889.695678710938 831.637329101562 860.825134277344 871.046020507812 848.673828125 850.167663574219 852.105285644531 836.274963378906 837.443542480469 844.608093261719 796.948364257812 807.257873535156 794.361328125 815.763916015625 826.861938476562
977.476989746094 963.510986328125 931.438354492188 924.107177734375 875.233520507812 873.112976074219 953.9814453125 921.298889160156 855.796936035156 855.413635253906 877.023803710938 848.525024414062 861.075073242188 863.991455078125 828.945556640625 831.628173828125 830.343017578125 810.949157714844 854.844421386719 843.471618652344 837.180053710938 872.101501464844 885.3603515625 901.976318359375 869.824951171875 851.025756835938 848.297912597656 832.987243652344 821.359985351562 845.556457519531 871.241455078125 883.32470703125 845.17431640625 874.795104980469 894.600219726562 868.470825195312 877.479370117188 858.739990234375 861.743591308594 833.563659667969 835.495361328125 827.123352050781 832.139099121094 816.651550292969 812.538635253906 796.208251953125 814.138549804688 822.134948730469
1003.44488525391 942.281372070312 940.729675292969 905.755004882812 907.740356445312 877.920776367188 885.213500976562 881.384643554688 834.057067871094 839.915283203125 819.750732421875 844.463989257812 829.187622070312 850.906494140625 835.197082519531 826.540710449219 809.7529296875 803.8291015625 837.326843261719 877.394226074219 835.65771484375 873.982727050781 870.938293457031 854.385192871094 845.579650878906 829.830383300781 867.803100585938 849.458251953125 816.0673828125 873.403564453125 851.950561523438 880.789184570312 842.448486328125 846.717834472656 830.068969726562 852.075012207031 848.70849609375 859.131042480469 847.653076171875 845.180541992188 830.963562011719 839.187438964844 822.915161132812 823.952880859375 799.596130371094 794.536315917969 804.031799316406 800.111389160156
959.911865234375 976.467712402344 950.587036132812 904.403503417969 913.084289550781 912.774780273438 820.542663574219 801.038391113281 803.438171386719 799.434265136719 807.776062011719 817.672546386719 825.684936523438 858.998840332031 860.852600097656 831.01513671875 826.940185546875 808.5634765625 823.094970703125 885.514709472656 886.1748046875 876.85009765625 832.93994140625 868.108581542969 850.988220214844 896.250671386719 839.343322753906 822.616638183594 922.252624511719 880.574645996094 826.909790039062 852.868530273438 836.917602539062 838.803833007812 820.953857421875 898.024169921875 847.594970703125 809.430541992188 830.628295898438 837.724548339844 809.49560546875 849.32666015625 804.193176269531 809.967468261719 820.712036132812 801.447143554688 794.186340332031 775.138122558594
997.670043945312 988.862609863281 960.779174804688 921.628234863281 916.290222167969 929.356323242188 837.119689941406 844.407409667969 822.484985351562 843.067138671875 812.066345214844 804.586791992188 802.794311523438 820.250305175781 815.05029296875 822.989135742188 817.979431152344 848.797973632812 885.119262695312 886.899597167969 874.038024902344 893.336486816406 923.032775878906 872.448791503906 848.0029296875 848.963195800781 840.20703125 828.616149902344 863.70458984375 828.410888671875 818.554077148438 834.365112304688 878.135131835938 827.289611816406 816.580322265625 829.461791992188 811.85791015625 837.013977050781 832.421936035156 786.641418457031 814.940246582031 791.91259765625 830.776733398438 819.571899414062 775.844848632812 819.7021484375 808.630126953125 801.435485839844
992.897583007812 979.509155273438 940.9462890625 929.052429199219 889.75537109375 900.796630859375 859.51416015625 818.400268554688 809.99169921875 826.249755859375 808.621520996094 822.260559082031 778.078674316406 840.11962890625 860.438049316406 839.121887207031 877.344482421875 873.725646972656 906.499938964844 888.552185058594 866.778869628906 921.51513671875 846.768676757812 852.2724609375 835.814025878906 859.410278320312 897.436218261719 837.255737304688 820.454528808594 830.487487792969 861.8583984375 844.888488769531 828.86279296875 826.666748046875 874.800415039062 837.215515136719 831.952453613281 826.27490234375 833.600341796875 831.907836914062 810.835327148438 828.485778808594 822.014465332031 820.347961425781 810.36669921875 809.120727539062 812.390930175781 840.207946777344
976.89599609375 954.104553222656 943.121215820312 957.783203125 906.3515625 885.107421875 884.307739257812 817.6669921875 828.169311523438 830.543762207031 825.817504882812 815.44775390625 788.093566894531 808.788330078125 869.290344238281 900.245666503906 849.667236328125 860.23583984375 824.4033203125 844.244079589844 917.844848632812 899.835021972656 812.002563476562 840.783874511719 830.729797363281 818.380676269531 799.897705078125 862.969787597656 845.016967773438 835.755126953125 837.398742675781 851.81005859375 868.2841796875 870.517456054688 864.930603027344 855.734069824219 808.673767089844 839.233947753906 826.189270019531 865.768127441406 850.026123046875 848.815673828125 844.2255859375 835.004821777344 870.75 824.248168945312 814.125183105469 758.42919921875
976.774597167969 958.331970214844 930.18017578125 896.081298828125 910.137939453125 859.680847167969 841.2890625 830.207397460938 819.776916503906 816.377502441406 833.130798339844 823.703247070312 824.403076171875 803.582214355469 876.697631835938 896.477355957031 845.295654296875 865.984802246094 899.905517578125 922.153442382812 893.728210449219 887.518676757812 897.431457519531 827.694946289062 877.245178222656 843.74267578125 877.223205566406 886.590270996094 841.41552734375 895.975280761719 892.624145507812 896.266723632812 883.828002929688 862.554565429688 848.359252929688 811.744201660156 811.711303710938 829.83984375 854.454711914062 875.972595214844 859.023132324219 820.595275878906 802.681823730469 816.871032714844 839.578063964844 802.473205566406 811.183044433594 776.943054199219
1056.1572265625 972.356506347656 933.689758300781 937.836608886719 877.345092773438 815.663513183594 850.703735351562 834.566101074219 851.716125488281 841.561706542969 825.657104492188 831.222595214844 814.947265625 814.108337402344 831.033264160156 884.845947265625 872.863952636719 853.525329589844 894.220642089844 919.455200195312 886.780395507812 837.336791992188 872.320495605469 857.570678710938 887.184204101562 844.750854492188 818.869445800781 864.073120117188 837.534606933594 895.104187011719 847.663391113281 834.14453125 861.901489257812 835.955200195312 838.968994140625 817.739685058594 828.713928222656 831.325073242188 821.382446289062 804.432861328125 811.232849121094 800.523864746094 813.27783203125 811.394836425781 825.073547363281 795.503234863281 783.235473632812 779.592956542969
1036.6904296875 1006.86389160156 927.657592773438 910.644775390625 884.316101074219 832.814208984375 861.756042480469 836.779235839844 826.745849609375 836.992736816406 832.870910644531 836.741455078125 823.169128417969 854.361999511719 870.555236816406 935.166320800781 909.112854003906 920.915222167969 922.309936523438 893.670837402344 879.419738769531 884.79541015625 878.923706054688 837.567993164062 878.158752441406 884.058349609375 880.62158203125 852.933532714844 879.715759277344 855.020690917969 851.03271484375 827.771606445312 825.886474609375 814.177795410156 798.83984375 815.645202636719 850.279968261719 847.261535644531 818.93603515625 847.293212890625 804.486755371094 835.161865234375 817.041137695312 801.229431152344 821.927062988281 789.128356933594 810.6875 812.478637695312
988.158874511719 989.99267578125 941.824096679688 900.749328613281 877.471740722656 855.661071777344 863.451965332031 810.740356445312 831.343139648438 829.191040039062 829.113952636719 812.350891113281 835.44091796875 834.421203613281 878.266540527344 909.683288574219 899.518615722656 905.253356933594 900.278198242188 936.784851074219 904.225036621094 885.599182128906 837.883605957031 811.30322265625 890.824951171875 920.388244628906 903.488220214844 872.745788574219 798.396179199219 865.043884277344 817.320617675781 777.417053222656 756.8623046875 791.360534667969 814.356018066406 815.10791015625 836.664794921875 857.212890625 810.993591308594 794.683776855469 831.422424316406 821.83740234375 803.74169921875 790.741333007812 819.719360351562 841.369445800781 834.384704589844 838.900451660156
