Map_Files/Hisorical/ForestStability.asc
NCOLS 312 
NROWS 528 
XLLCORNER 7 
YLLCORNER -10 
CELLSIZE 0.0416666666666667 
NODATA_value -3.4e+38 
[rows 308 to 329 of 528, columns 96 to 143 of 312]
983.502563476562 947.736999511719 975.772583007812 961.055847167969 975.493286132812 954.386352539062 939.943237304688 912.814270019531 1034.51794433594 1009.52288818359 1018.90417480469 1054.07263183594 1057.28649902344 988.802856445312 988.92529296875 923.105590820312 1011.70733642578 892.388427734375 839.911315917969 814.192077636719 850.3876953125 852.784851074219 810.251342773438 969.565185546875 866.863464355469 877.709350585938 881.346801757812 878.989440917969 867.255493164062 894.238098144531 886.600769042969 933.21435546875 1023.89147949219 953.176940917969 916.871398925781 899.718627929688 963.492553710938 1023.44909667969 915.726257324219 908.413391113281 951.742126464844 1026.15112304688 979.228210449219 952.508728027344 970.239501953125 931.830749511719 938.156616210938 965.523376464844
980.288208007812 921.187866210938 965.565002441406 953.838623046875 967.872314453125 960.166198730469 905.487976074219 967.862243652344 1057.94543457031 1031.27258300781 1002.58911132812 1034.13488769531 1048.91003417969 974.363159179688 899.002136230469 922.455505371094 954.1298828125 842.743103027344 876.873840332031 835.828674316406 862.979858398438 793.443908691406 869.983642578125 919.192321777344 916.677856445312 859.807861328125 873.181762695312 866.26220703125 927.267150878906 914.701843261719 936.081115722656 961.960205078125 958.484802246094 902.377807617188 900.690185546875 938.296875 903.93408203125 922.840576171875 924.690368652344 892.248474121094 1031.71520996094 1059.77673339844 1098.99719238281 1072.67736816406 993.212097167969 994.79150390625 971.363525390625 957.330383300781
964.366516113281 959.453552246094 935.873474121094 938.320556640625 949.879577636719 951.282836914062 903.791625976562 953.055358886719 1041.443359375 1007.66461181641 996.035278320312 1080.95812988281 1019.90069580078 946.544738769531 950.314697265625 940.450012207031 861.00439453125 842.928405761719 866.117248535156 781.587707519531 845.632629394531 867.93798828125 948.909240722656 949.019348144531 896.951599121094 899.573547363281 880.594482421875 903.961853027344 919.498107910156 940.416564941406 982.988220214844 958.816650390625 922.9580078125 950.694946289062 896.30517578125 908.31787109375 927.784912109375 951.516845703125 911.101623535156 889.581481933594 1006.80950927734 1064.63244628906 1124.91198730469 1045.41687011719 965.022155761719 1014.26165771484 1033.51525878906 973.730407714844
959.958374023438 997.408569335938 881.681518554688 940.098999023438 933.9267578125 922.546936035156 938.419128417969 972.92822265625 1035.07568359375 1001.89910888672 992.259033203125 1047.94689941406 1070.1123046875 980.950927734375 908.508972167969 904.774658203125 878.749206542969 836.821594238281 828.726745605469 924.91259765625 957.353820800781 883.782958984375 895.703491210938 995.082153320312 1014.25720214844 947.495483398438 931.187255859375 918.331237792969 862.084350585938 877.991271972656 898.910827636719 895.724792480469 878.400024414062 889.604919433594 896.185424804688 905.8837890625 951.049072265625 925.943481445312 919.740783691406 947.301574707031 1009.56579589844 982.9248046875 1062.36535644531 1054.03100585938 1019.60333251953 1009.47100830078 1055.33032226562 978.449523925781
869.747619628906 947.2958984375 895.084289550781 961.990661621094 941.343078613281 952.436218261719 928.734802246094 927.60107421875 993.662353515625 988.104858398438 967.671447753906 1003.13641357422 1058.60717773438 970.898376464844 975.750122070312 996.793151855469 823.432312011719 828.682495117188 848.437805175781 861.569946289062 858.876953125 846.253967285156 784.700317382812 856.715637207031 1003.24090576172 978.744812011719 914.454956054688 927.382507324219 856.873474121094 860.518859863281 885.086730957031 860.367919921875 883.579833984375 877.490661621094 894.875610351562 926.472229003906 902.696716308594 930.257202148438 931.507629394531 949.121765136719 965.195495605469 987.68359375 986.322143554688 1033.0673828125 994.71142578125 1016.71112060547 1101.34094238281 1014.5048828125
820.428955078125 948.556396484375 984.869689941406 955.738037109375 942.382995605469 1005.63232421875 969.463256835938 966.705627441406 1007.16418457031 1022.37878417969 973.661804199219 989.755065917969 1049.28820800781 998.254699707031 1016.34173583984 984.425476074219 906.983764648438 845.233459472656 853.517517089844 866.199462890625 865.409912109375 857.822021484375 849.339294433594 864.268676757812 877.793701171875 1055.2490234375 939.609130859375 854.324523925781 876.646667480469 944.043090820312 934.300109863281 866.805786132812 850.478088378906 882.216674804688 883.329528808594 928.293151855469 904.685485839844 919.851013183594 925.226318359375 930.644714355469 988.88134765625 985.957336425781 960.130249023438 1012.3466796875 1022.78259277344 1022.56195068359 1012.40313720703 1000.37072753906
762.906799316406 891.105651855469 1038.98156738281 924.814392089844 921.117858886719 990.141906738281 977.472717285156 935.48974609375 939.703857421875 996.0380859375 959.836547851562 975.750671386719 1057.09924316406 1099.52209472656 1019.51098632812 996.550903320312 962.422546386719 868.31494140625 878.050964355469 870.075439453125 884.790283203125 871.022827148438 878.386840820312 862.451538085938 952.315734863281 950.801452636719 1019.48321533203 843.402954101562 882.27783203125 955.318359375 913.682861328125 861.35986328125 858.391357421875 852.949157714844 883.297668457031 884.544189453125 911.820861816406 907.197875976562 912.996337890625 915.440063476562 931.063781738281 954.78564453125 944.820129394531 971.937866210938 1039.48962402344 1091.08703613281 1093.55322265625 1024.67370605469
868.148559570312 844.356689453125 981.276550292969 927.817016601562 933.857177734375 931.049865722656 962.502868652344 968.893981933594 1006.14404296875 953.197326660156 971.172607421875 967.943725585938 992.496276855469 1083.02966308594 1031.07775878906 970.823181152344 924.549438476562 891.150512695312 893.237915039062 865.5166015625 864.716918945312 867.465026855469 869.83251953125 935.432312011719 971.166870117188 943.675170898438 892.860412597656 889.574768066406 919.203002929688 976.466064453125 932.8056640625 884.100219726562 884.600891113281 850.804931640625 896.731018066406 900.53759765625 863.370910644531 864.146301269531 853.651062011719 874.271667480469 919.625 928.965026855469 925.9833984375 968.657043457031 1011.56018066406 1003.84100341797 1073.95678710938 1046.63659667969
909.419921875 799.802490234375 947.930358886719 900.184814453125 940.130920410156 918.782409667969 940.236755371094 1017.93804931641 1036.12170410156 993.009582519531 974.938720703125 1006.53393554688 989.795166015625 1019.74786376953 1056.283203125 970.428161621094 955.822631835938 956.560241699219 998.620178222656 999.126403808594 864.857177734375 949.503234863281 937.779235839844 944.731689453125 941.013305664062 967.524841308594 945.918334960938 981.267578125 955.346496582031 943.607055664062 874.481750488281 871.682312011719 876.854614257812 848.828063964844 909.611328125 832.710266113281 866.814392089844 885.232727050781 913.302551269531 1006.08422851562 960.196105957031 919.376525878906 970.344055175781 954.831726074219 1073.25 1039.65075683594 1080.5615234375 1029.52124023438
926.049560546875 804.412048339844 885.646179199219 1022.41101074219 946.800109863281 956.282836914062 989.727355957031 1015.744140625 1039.61743164062 1037.20446777344 1023.56433105469 993.551452636719 1010.18267822266 974.328674316406 1087.9677734375 994.945617675781 987.922546386719 971.858459472656 974.110595703125 960.94970703125 944.768493652344 957.763427734375 957.886962890625 1000.65655517578 969.369079589844 969.369689941406 949.040649414062 923.719970703125 943.759094238281 895.044311523438 905.296142578125 959.519714355469 839.477905273438 860.653259277344 879.255249023438 852.472045898438 952.40185546875 896.162475585938 985.076782226562 987.484680175781 1021.59466552734 942.412658691406 950.679809570312 953.345092773438 1078.35180664062 1094.84826660156 1059.33325195312 1039.47705078125
945.943176269531 862.765625 810.413940429688 960.973205566406 968.087829589844 968.193969726562 954.053771972656 968.146057128906 1073.3466796875 1107.51831054688 1059.40759277344 1039.97619628906 1033.08825683594 1026.978515625 1062.61206054688 1050.69409179688 996.080322265625 955.094543457031 984.596984863281 947.362243652344 985.363647460938 968.815673828125 954.493835449219 945.928283691406 996.216674804688 1032.3427734375 975.438232421875 887.748840332031 934.3173828125 995.952514648438 891.75390625 849.199829101562 868.465454101562 862.12353515625 852.632934570312 832.59228515625 919.220886230469 1003.64910888672 1049.52368164062 1006.05981445312 1007.8291015625 1023.10754394531 973.442199707031 1011.08197021484 1015.90576171875 1013.67431640625 1053.92651367188 1081.20239257812
1005.75286865234 912.450073242188 782.47705078125 911.479736328125 1048.95581054688 952.318664550781 950.894714355469 1017.9326171875 1089.00622558594 1058.40209960938 1064.18054199219 1085.75085449219 1046.29272460938 1046.29455566406 1044.84057617188 1061.94860839844 1019.99847412109 968.576782226562 970.469299316406 995.685363769531 975.728820800781 1006.20501708984 1001.61474609375 988.976318359375 1000.79699707031 1029.88427734375 982.032043457031 963.412292480469 990.157043457031 950.794738769531 974.535949707031 840.237915039062 852.968688964844 898.176818847656 862.5625 964.535583496094 944.664855957031 1040.85693359375 1069.0654296875 1042.64819335938 1053.13366699219 1026.85546875 998.640808105469 1019.26055908203 1016.08190917969 1019.55700683594 1054.96997070312 1031.4873046875
1070.92419433594 905.382568359375 899.816162109375 847.297424316406 1021.86987304688 992.33154296875 1035.59997558594 1027.11340332031 1059.23937988281 1070.34375 1036.91345214844 1080.07250976562 1050.50158691406 1032.57006835938 1082.93237304688 1112.07556152344 1082.04248046875 998.990478515625 1006.87390136719 1005.47595214844 994.252258300781 986.396789550781 1003.67205810547 1048.41723632812 1028.00927734375 1026.36206054688 1009.34716796875 999.092163085938 977.018493652344 938.241455078125 1053.73852539062 924.499206542969 839.787475585938 853.310363769531 878.352661132812 975.600830078125 1019.90496826172 1008.29229736328 1065.17639160156 1038.53393554688 1038.91235351562 1043.74743652344 975.824523925781 1032.3759765625 1007.91577148438 1068.904296875 1026.56262207031 967.927734375
1061.94287109375 957.472045898438 884.513549804688 807.199279785156 958.55029296875 1033.28186035156 1025.34375 1047.69152832031 997.820434570312 1048.87744140625 1056.61889648438 1081.5625 1093.63049316406 1106.83996582031 1065.48327636719 1035.80798339844 1059.82983398438 1063.98767089844 1013.03558349609 1005.56732177734 1005.50592041016 987.4990234375 1028.84814453125 1062.05285644531 1049.23181152344 1053.94311523438 1006.11553955078 959.865112304688 1026.07946777344 990.283874511719 1014.86877441406 1009.52838134766 931.645446777344 909.058837890625 863.742797851562 985.961547851562 1035.52880859375 936.442443847656 1057.5419921875 1033.2158203125 1092.13171386719 1064.82775878906 1032.10852050781 1055.70837402344 1024.63562011719 1079.978515625 961.517028808594 939.047668457031
949.746459960938 1028.89245605469 881.665344238281 808.190979003906 933.591796875 1076.91809082031 1006.11096191406 1025.39086914062 1016.31353759766 1032.0595703125 1107.65185546875 1113.80895996094 1033.74816894531 973.724670410156 1058.89868164062 1045.68859863281 1021.62274169922 1075.76318359375 1070.90759277344 1008.30340576172 1032.03833007812 1022.98156738281 1024.44104003906 1028.32824707031 1033.82824707031 1027.86804199219 1054.37646484375 999.2744140625 1013.01361083984 1031.36206054688 1032.5576171875 983.252746582031 878.056945800781 857.557312011719 900.159851074219 958.67578125 978.526672363281 941.670349121094 1100.60729980469 1036.41467285156 1068.33117675781 1094.21997070312 1065.42907714844 1057.65710449219 1062.32092285156 1083.78601074219 945.23876953125 1021.05255126953
876.961608886719 948.378845214844 974.062622070312 893.469299316406 943.547241210938 1094.18664550781 1036.36071777344 1019.57818603516 1043.63000488281 1046.20922851562 1121.10681152344 1077.92895507812 981.512817382812 1038.45971679688 1112.20715332031 1004.67913818359 1037.31848144531 1013.39154052734 1081.29125976562 1018.09149169922 1004.42486572266 1011.341796875 1019.24212646484 1031.96936035156 1046.47583007812 1035.94494628906 1051.59997558594 1039.15625 1005.95178222656 1039.75830078125 1066.78186035156 988.319580078125 946.492492675781 834.286987304688 861.152587890625 905.640075683594 1031.76184082031 1073.46691894531 1096.0380859375 1082.99938964844 1092.18640136719 1131.18029785156 1083.81909179688 1043.35046386719 1066.45397949219 1030.91906738281 989.45458984375 1004.46313476562
818.65380859375 858.78515625 1088.30395507812 981.308410644531 965.707885742188 1049.27124023438 1082.66748046875 1049.36633300781 1079.93176269531 1124.61267089844 1132.21691894531 1071.02856445312 1014.47253417969 1042.61352539062 1028.64282226562 1015.39404296875 1056.56652832031 997.726318359375 1040.18701171875 1020.95989990234 1006.11248779297 1011.57440185547 1012.92840576172 1024.478515625 1018.46258544922 1066.90148925781 1074.75109863281 1065.13732910156 1059.71313476562 1068.990234375 1096.89782714844 1018.51214599609 933.567810058594 899.203735351562 924.855102539062 927.778137207031 1037.41357421875 1063.7197265625 1080.44067382812 1092.86669921875 1107.05883789062 1105.31201171875 1102.73425292969 1059.05322265625 1068.86047363281 1012.77661132812 1035.25439453125 1029.49853515625
786.672180175781 833.732604980469 910.798034667969 1046.22448730469 1020.97485351562 1001.50445556641 1010.61578369141 999.538391113281 1053.66931152344 1088.74670410156 1042.51989746094 1000.11999511719 1005.34893798828 993.044006347656 1016.30285644531 1043.39697265625 1047.36962890625 970.243408203125 984.335144042969 1026.65002441406 1032.81115722656 1025.69738769531 1017.60888671875 1033.00158691406 1047.14367675781 1067.92053222656 1083.46545410156 1071.17626953125 1094.31384277344 1089.7578125 1109.33764648438 1066.91369628906 981.448303222656 981.062744140625 1011.83093261719 1011.32952880859 1081.69714355469 1021.88653564453 1072.43225097656 1087.39685058594 1052.81298828125 1059.52551269531 1060.85583496094 1057.3505859375 1069.34204101562 1054.44079589844 1021.96563720703 1034.28454589844
771.435119628906 822.402893066406 833.584899902344 877.868774414062 968.847595214844 969.964294433594 964.434265136719 969.853332519531 1006.72515869141 1040.36560058594 957.416259765625 989.722229003906 1053.96984863281 983.798583984375 1038.02856445312 1040.64880371094 1031.49255371094 953.797058105469 1016.54479980469 1148.25952148438 1158.80834960938 1072.07312011719 1026.23779296875 1083.52966308594 1111.28149414062 1086.3232421875 1078.85498046875 1088.39050292969 1081.95959472656 1088.26733398438 1100.04968261719 1101.97741699219 1083.84204101562 1066.81579589844 1049.70678710938 1006.61822509766 1029.11779785156 995.465270996094 1052.7333984375 1060.31787109375 1051.12768554688 1058.19213867188 1052.87573242188 1073.06127929688 1087.20654296875 1074.33581542969 1029.46020507812 961.26611328125
735.697937011719 755.696228027344 758.543212890625 812.299621582031 906.936645507812 926.908630371094 917.666931152344 974.920104980469 999.722229003906 1032.43713378906 939.981872558594 990.091064453125 1074.87426757812 994.207946777344 1054.77648925781 1013.49194335938 1024.90478515625 971.858642578125 1026.74462890625 1078.38525390625 1055.79504394531 1144.74645996094 1097.90026855469 1094.92883300781 1077.02600097656 1077.19958496094 1090.38305664062 1109.00244140625 1094.36877441406 1094.38708496094 1085.59826660156 1101.24194335938 1108.40600585938 1123.63708496094 1078.29895019531 1048.45764160156 1064.27966308594 1052.51330566406 1057.41174316406 1056.76123046875 1073.26672363281 1078.18823242188 1086.88024902344 1097.39392089844 1086.76586914062 1099.62573242188 1027.37731933594 961.181823730469
748.396789550781 788.404479980469 811.467651367188 770.179443359375 902.279113769531 895.960083007812 884.805541992188 948.724365234375 1009.62243652344 1008.7998046875 951.731018066406 1004.52526855469 1040.33044433594 1001.89782714844 1042.806640625 1042.32666015625 1002.11871337891 984.207702636719 1122.92272949219 1088.37097167969 1077.44348144531 1131.72998046875 1135.7998046875 1133.51794433594 1144.59643554688 1066.89819335938 1115.69665527344 1109.42395019531 1116.21105957031 1120.25244140625 1110.16662597656 1079.41613769531 1051.26403808594 1068.560546875 1086.75024414062 1089.08874511719 1079.6474609375 1070.0234375 1070.958984375 1077.23449707031 1113.21594238281 1115.97204589844 1098.96606445312 1105.18347167969 1096.35144042969 1090.30383300781 1026.12280273438 1005.07049560547
733.355407714844 740.607360839844 762.279418945312 792.366821289062 928.602966308594 856.464050292969 826.391540527344 875.707458496094 980.517883300781 977.698181152344 959.408874511719 999.547180175781 1050.00964355469 1004.18444824219 1019.0234375 1020.63360595703 965.848266601562 978.152404785156 1041.20239257812 1101.85900878906 1103.92016601562 1166.71350097656 1114.16271972656 1074.12548828125 1141.08349609375 1160.52624511719 1146.91442871094 1122.05676269531 1123.10290527344 1108.08728027344 1110.60974121094 1113.05419921875 1128.54772949219 1060.22082519531 1060.84326171875 1077.81103515625 1075.45971679688 1085.18737792969 1097.35778808594 1104.08325195312 1114.14172363281 1141.84887695312 1093.2568359375 1102.84313964844 1119.01257324219 1095.01196289062 1064.13171386719 1040.60620117188
