Map_Files/Hisorical/ForestStability.asc
NCOLS 312 
NROWS 528 
XLLCORNER 7 
YLLCORNER -10 
CELLSIZE 0.0416666666666667 
NODATA_value -3.4e+38 
[rows 242 to 263 of 528, columns 192 to 239 of 312]
674.277709960938 706.342468261719 707.305725097656 719.970458984375 630.694030761719 669.150390625 672.438293457031 622.015930175781 614.599365234375 600.849243164062 634.674560546875 684.146179199219 734.688781738281 613.409851074219 598.140930175781 724.873962402344 620.577758789062 578.771118164062 617.95458984375 580.763977050781 580.8515625 584.132446289062 636.024475097656 586.494323730469 567.106018066406 569.965576171875 617.595275878906 555.922729492188 589.743041992188 582.22705078125 570.638366699219 553.339538574219 561.895935058594 568.543884277344 575.42138671875 572.393310546875 575.922058105469 558.800109863281 632.236450195312 594.953063964844 576.457763671875 611.63818359375 613.376647949219 580.11865234375 574.129821777344 586.386352539062 586.968139648438 602.008544921875
689.633728027344 693.041625976562 726.729553222656 662.26416015625 692.530822753906 655.610290527344 633.223388671875 630.675598144531 607.88818359375 619.162414550781 658.439819335938 747.837463378906 725.42626953125 606.200988769531 594.999877929688 699.886901855469 583.341552734375 597.640258789062 591.494567871094 620.521301269531 569.271484375 623.4521484375 599.683410644531 588.999267578125 596.579040527344 566.711608886719 581.263366699219 558.461791992188 583.495239257812 574.353576660156 561.424072265625 540.881896972656 564.728210449219 561.702819824219 555.9365234375 568.091491699219 560.189147949219 556.690002441406 600.693237304688 595.883056640625 580.479736328125 606.094421386719 595.326782226562 600.07080078125 576.038757324219 606.287109375 564.068420410156 560.600219726562
657.120544433594 678.880554199219 653.53564453125 634.970397949219 643.241455078125 697.458862304688 614.493713378906 593.859375 645.73974609375 623.934143066406 737.295043945312 753.686462402344 741.471557617188 717.910705566406 619.363342285156 677.112731933594 610.645629882812 610.430725097656 580.805053710938 595.708190917969 600.371215820312 591.626708984375 552.708984375 588.07568359375 571.41943359375 578.207946777344 550.990356445312 572.594787597656 550.764404296875 571.322204589844 539.429565429688 561.971252441406 566.732299804688 556.947143554688 564.68701171875 564.899475097656 571.879211425781 580.317077636719 586.492248535156 579.928649902344 584.66796875 585.47607421875 618.811706542969 589.157836914062 584.742492675781 590.099914550781 577.353759765625 587.563171386719
652.793640136719 673.527954101562 616.092712402344 649.75537109375 638.3935546875 657.847534179688 608.847717285156 618.427917480469 692.0478515625 734.529113769531 744.322326660156 752.066589355469 743.675354003906 711.846374511719 661.199890136719 654.531616210938 614.237731933594 640.29638671875 595.683166503906 586.152099609375 592.7978515625 599.658569335938 623.774353027344 579.283264160156 587.188903808594 586.279602050781 571.496704101562 617.493896484375 547.314270019531 574.444213867188 560.391906738281 556.253967285156 567.336669921875 536.589416503906 561.243347167969 553.667846679688 558.710021972656 546.203857421875 579.558776855469 574.358154296875 602.2001953125 589.924621582031 577.235046386719 582.361694335938 568.211547851562 570.266845703125 572.23486328125 548.713317871094
654.301513671875 654.735595703125 624.269226074219 642.748901367188 651.531188964844 669.466003417969 649.964782714844 737.841125488281 744.254455566406 739.567687988281 745.778198242188 745.019470214844 735.836181640625 726.304626464844 602.300598144531 617.02392578125 622.391906738281 610.322692871094 621.905212402344 604.203735351562 566.806823730469 579.312255859375 571.546936035156 592.699096679688 597.877502441406 551.542175292969 537.519165039062 619.295776367188 552.531799316406 563.595642089844 555.879089355469 545.772155761719 564.608337402344 584.404174804688 546.677795410156 581.178344726562 578.810485839844 555.962280273438 601.539672851562 566.53759765625 623.840454101562 568.168273925781 577.513916015625 577.911499023438 573.083068847656 565.915222167969 555.606506347656 551.470581054688
681.6025390625 687.824523925781 639.922485351562 650.71728515625 638.323974609375 707.452514648438 669.939514160156 753.685363769531 750.071228027344 727.133728027344 721.908264160156 730.631469726562 711.935363769531 725.476257324219 681.287841796875 591.038513183594 626.699157714844 610.855224609375 638.243835449219 617.128662109375 621.100830078125 572.415649414062 569.397888183594 562.468933105469 587.794250488281 576.604370117188 610.998413085938 600.034362792969 541.617614746094 554.572448730469 594.978454589844 547.13525390625 562.6474609375 584.3486328125 544.776794433594 545.910095214844 577.539184570312 558.002136230469 623.479248046875 594.303833007812 615.359252929688 581.641235351562 563.038146972656 576.330627441406 569.730529785156 554.850708007812 553.515441894531 562.481506347656
673.358032226562 705.456726074219 633.920288085938 656.818786621094 707.457336425781 735.711059570312 738.641418457031 749.066040039062 741.138977050781 717.82421875 721.58837890625 723.809753417969 707.770080566406 701.592041015625 605.000122070312 585.27978515625 644.828735351562 612.239074707031 671.454040527344 654.737854003906 598.495727539062 574.556884765625 566.965026855469 570.337890625 558.357604980469 634.196044921875 561.632934570312 563.60791015625 553.447204589844 555.339782714844 555.038452148438 556.623352050781 564.060913085938 556.483703613281 595.727661132812 555.418029785156 559.730895996094 558.322509765625 635.14453125 591.307800292969 619.043029785156 563.928955078125 568.401733398438 572.520385742188 557.472351074219 558.954895019531 569.974548339844 568.417724609375
718.962280273438 605.540893554688 639.174743652344 647.509094238281 640.696350097656 740.138549804688 753.677307128906 777.478271484375 713.138610839844 710.322265625 735.11376953125 731.174865722656 714.620300292969 627.95166015625 610.866271972656 605.444091796875 632.641723632812 686.993530273438 646.65966796875 638.628234863281 578.5869140625 591.441772460938 566.379638671875 571.732788085938 539.17724609375 581.959655761719 567.095275878906 564.101806640625 562.989440917969 546.30078125 565.659545898438 580.401672363281 557.759338378906 565.834655761719 553.271362304688 610.110656738281 553.893371582031 559.723876953125 629.217163085938 562.986145019531 577.024597167969 592.419982910156 569.758605957031 541.454406738281 573.385986328125 556.235168457031 584.708374023438 580.933044433594
711.970825195312 604.033569335938 641.599731445312 599.924194335938 603.573120117188 715.073913574219 741.889892578125 750.814636230469 719.658935546875 699.831848144531 726.336120605469 694.072875976562 698.938781738281 619.179443359375 637.06591796875 624.657653808594 702.880493164062 673.46826171875 658.979797363281 640.105285644531 614.950622558594 610.488098144531 578.306457519531 547.055603027344 563.640869140625 575.147155761719 580.745666503906 575.122680664062 564.716674804688 549.429321289062 559.716552734375 561.429931640625 562.321899414062 560.938781738281 546.956726074219 588.140319824219 551.219116210938 558.800476074219 565.718078613281 599.671142578125 580.105895996094 572.573120117188 580.410400390625 551.761840820312 558.40380859375 588.94384765625 559.155822753906 601.531005859375
640.247009277344 628.672180175781 600.851623535156 606.438354492188 621.811584472656 631.052978515625 734.381713867188 732.181579589844 719.442932128906 737.623962402344 719.065002441406 697.598815917969 709.291442871094 610.983093261719 635.06005859375 617.485595703125 667.9482421875 641.686279296875 633.007751464844 619.002136230469 611.606750488281 601.837951660156 607.419372558594 606.6904296875 569.840454101562 560.76904296875 577.948303222656 598.525329589844 572.105163574219 552.5712890625 547.192138671875 557.072937011719 564.338439941406 551.985229492188 544.68798828125 546.195007324219 576.7568359375 621.05615234375 551.070068359375 577.417358398438 571.09375 589.37353515625 562.016906738281 550.41552734375 549.565490722656 573.088317871094 583.2998046875 583.67724609375
670.158447265625 628.26318359375 624.574279785156 609.571594238281 627.555541992188 680.55810546875 706.257080078125 719.932373046875 722.878845214844 709.151306152344 697.459350585938 670.39013671875 592.96826171875 601.690734863281 582.031982421875 617.817199707031 644.35009765625 659.311889648438 631.326721191406 604.879577636719 610.278930664062 569.206970214844 587.775207519531 576.773132324219 580.811645507812 564.315612792969 567.774230957031 609.21533203125 567.512878417969 539.762329101562 525.797424316406 550.432922363281 553.842712402344 553.920349121094 556.269775390625 549.12255859375 631.108154296875 541.005737304688 575.030151367188 567.211120605469 578.210815429688 556.703002929688 562.001342773438 538.77978515625 556.010192871094 575.599487304688 586.260009765625 623.313781738281
686.661315917969 639.189514160156 696.557189941406 648.029357910156 701.408996582031 715.345458984375 684.564880371094 726.76513671875 726.751098632812 715.527404785156 704.088195800781 680.602600097656 598.57373046875 585.601196289062 593.097839355469 630.412719726562 647.424865722656 632.696350097656 654.036071777344 619.343994140625 597.767578125 575.223999023438 579.201049804688 579.261535644531 598.413024902344 564.736328125 561.76318359375 560.903137207031 611.063049316406 636.146057128906 550.095764160156 566.403442382812 551.95703125 543.016540527344 531.962219238281 542.236389160156 570.328369140625 561.692321777344 580.104431152344 563.271179199219 580.847961425781 558.489440917969 544.124877929688 560.023010253906 577.132995605469 580.033325195312 572.565124511719 572.965270996094
668.571044921875 665.974365234375 647.128234863281 647.087585449219 675.486145019531 700.292297363281 645.190246582031 691.694091796875 721.622619628906 703.296142578125 700.673278808594 681.498596191406 598.830993652344 607.871398925781 599.661437988281 617.611877441406 633.301025390625 629.292724609375 698.89013671875 629.962036132812 577.384216308594 593.249084472656 565.6328125 574.699462890625 593.469421386719 595.559631347656 577.629211425781 563.137878417969 574.068969726562 563.698303222656 568.620910644531 626.215026855469 565.344604492188 557.021118164062 545.409301757812 605.451354980469 548.973388671875 592.1513671875 576.979614257812 568.860656738281 558.440246582031 541.296691894531 529.999206542969 562.980529785156 560.3583984375 564.463500976562 573.677124023438 598.64501953125
646.754943847656 665.630798339844 630.001586914062 652.728942871094 630.885620117188 606.189758300781 668.678283691406 710.276916503906 711.833251953125 701.393615722656 718.386413574219 671.956787109375 601.086181640625 582.080688476562 595.334655761719 614.498107910156 587.960083007812 646.452941894531 660.925720214844 595.685607910156 586.295654296875 579.717468261719 585.37353515625 588.423034667969 584.460693359375 592.764099121094 580.965209960938 575.879089355469 568.164978027344 575.491027832031 558.980834960938 547.765563964844 598.057922363281 546.980834960938 556.044738769531 610.739379882812 556.84375 561.88330078125 558.255126953125 589.895690917969 555.328735351562 562.676391601562 593.510925292969 566.745910644531 571.25 641.254455566406 608.009887695312 599.743713378906
650.595275878906 619.376281738281 626.042541503906 614.351684570312 648.803405761719 666.094970703125 728.464111328125 731.605102539062 720.054504394531 694.587585449219 718.610290527344 687.103698730469 622.839172363281 575.410034179688 590.937927246094 606.505737304688 585.118286132812 608.9052734375 662.220520019531 619.152770996094 595.616333007812 576.66650390625 578.844787597656 584.979248046875 588.489990234375 582.578674316406 581.068481445312 572.940551757812 557.522827148438 567.750671386719 572.123413085938 558.246215820312 550.351257324219 545.980407714844 553.566833496094 610.0771484375 563.341247558594 564.012634277344 567.66796875 551.080444335938 572.099365234375 576.459106445312 569.9443359375 565.289916992188 565.915283203125 616.604370117188 618.12548828125 596.927001953125
675.533508300781 624.8876953125 635.204528808594 698.340270996094 666.672180175781 731.471008300781 703.913391113281 707.48291015625 716.389831542969 710.963989257812 703.466491699219 673.049255371094 629.666137695312 610.588012695312 598.12646484375 602.607360839844 602.68896484375 593.975219726562 630.966369628906 592.175048828125 594.344665527344 581.097473144531 578.310974121094 589.723510742188 579.900756835938 593.628051757812 574.356994628906 566.123779296875 565.550964355469 596.096252441406 562.412902832031 563.24169921875 551.124450683594 631.183044433594 674.117797851562 571.7890625 564.247741699219 568.448608398438 589.801330566406 569.580017089844 598.451477050781 558.77978515625 558.011657714844 559.183349609375 593.483459472656 613.714233398438 599.403625488281 574.363830566406
696.622741699219 646.664672851562 648.500671386719 653.882385253906 628.054138183594 705.874389648438 705.4462890625 685.600891113281 706.7587890625 716.747863769531 689.259765625 635.591857910156 587.3486328125 588.545715332031 607.873901367188 588.879211425781 605.150390625 621.487731933594 609.947509765625 619.790771484375 571.464538574219 579.567749023438 584.663269042969 592.458923339844 573.281860351562 587.809814453125 573.433898925781 567.470092773438 562.476379394531 561.038452148438 566.372619628906 578.046813964844 567.2607421875 562.649963378906 642.911682128906 604.935241699219 607.639526367188 567.929016113281 582.176635742188 573.818298339844 576.284118652344 580.963012695312 566.625671386719 577.336242675781 556.624633789062 574.454223632812 596.327819824219 568.754150390625
696.860107421875 625.988220214844 688.802062988281 662.482116699219 645.004760742188 679.942321777344 718.930908203125 726.627197265625 711.500122070312 708.593505859375 720.566101074219 667.570922851562 635.914428710938 599.179260253906 580.639770507812 596.874755859375 612.51025390625 590.727783203125 584.755981445312 578.539001464844 556.700134277344 572.709350585938 568.159484863281 573.401245117188 593.4931640625 585.62548828125 562.865661621094 558.188171386719 550.653747558594 558.466491699219 565.330383300781 566.782775878906 587.552612304688 618.243591308594 582.094177246094 565.578247070312 628.715209960938 563.061401367188 594.991455078125 565.197998046875 579.247863769531 589.013610839844 551.653442382812 557.482482910156 602.515441894531 573.064208984375 589.7890625 593.7099609375
635.850769042969 632.679077148438 654.274108886719 664.097045898438 642.044128417969 686.310852050781 688.736450195312 651.786071777344 702.9833984375 708.193603515625 716.949340820312 655.961486816406 617.639953613281 607.305908203125 587.981628417969 645.847839355469 605.056335449219 583.91943359375 596.758422851562 585.361633300781 578.10009765625 592.771240234375 573.504028320312 563.006896972656 559.445251464844 590.951538085938 566.585815429688 561.185424804688 569.389221191406 566.043640136719 547.234313964844 546.228942871094 561.653503417969 595.587829589844 587.250366210938 564.991149902344 581.636108398438 581.275634765625 579.691162109375 559.823181152344 584.949096679688 597.944091796875 572.624755859375 585.239624023438 597.797790527344 605.700500488281 606.509033203125 647.888549804688
695.567016601562 667.513305664062 660.098388671875 628.421997070312 707.584899902344 651.078674316406 682.589538574219 638.308471679688 702.470825195312 691.981201171875 694.387145996094 713.703491210938 629.479736328125 605.423522949219 631.191223144531 634.992980957031 614.467895507812 600.677307128906 605.163879394531 596.8349609375 596.133178710938 603.627990722656 577.1455078125 587.655944824219 557.70556640625 562.404113769531 584.337707519531 565.424621582031 583.910705566406 547.496520996094 549.906982421875 565.450500488281 575.475769042969 572.82470703125 579.924743652344 577.112487792969 567.911560058594 597.591247558594 555.387634277344 588.719116210938 634.691711425781 616.836303710938 567.832763671875 582.728149414062 617.174865722656 632.659362792969 624.44091796875 578.562255859375
659.805969238281 660.648559570312 643.322814941406 652.107727050781 681.7626953125 663.983947753906 685.152526855469 642.7626953125 651.657592773438 669.349426269531 707.602783203125 728.112670898438 670.838073730469 642.370178222656 653.530395507812 589.352600097656 614.278503417969 577.588012695312 596.384521484375 596.009826660156 591.097106933594 600.164978027344 579.48193359375 565.832397460938 569.574829101562 581.232849121094 588.740234375 576.996643066406 560.498962402344 548.294067382812 549.906921386719 552.419616699219 562.203674316406 572.008605957031 573.839538574219 573.318420410156 556.704772949219 598.955078125 626.25 554.505676269531 563.640563964844 561.384582519531 566.586730957031 600.435546875 617.6669921875 606.296325683594 615.14013671875 613.994689941406
656.414123535156 668.522521972656 654.134094238281 625.076477050781 640.553283691406 634.051391601562 669.640991210938 651.886901855469 630.426208496094 683.966247558594 706.518737792969 696.820922851562 693.740295410156 692.406311035156 647.91943359375 639.803283691406 612.97802734375 585.618896484375 588.278259277344 580.102111816406 591.776428222656 564.412719726562 568.634460449219 566.990356445312 565.828063964844 592.738891601562 579.428894042969 598.3779296875 566.136779785156 559.000183105469 552.9130859375 558.114807128906 576.233215332031 559.024353027344 557.069091796875 581.142272949219 613.558532714844 558.083374023438 561.043640136719 565.061584472656 555.048522949219 554.709777832031 570.6796875 594.289306640625 607.153015136719 617.174438476562 620.335205078125 622.630249023438
