Map_Files/Hisorical/ForestStability.asc
NCOLS 312 
NROWS 528 
XLLCORNER 7 
YLLCORNER -10 
CELLSIZE 0.0416666666666667 
NODATA_value -3.4e+38 
[rows 176 to 197 of 528, columns 48 to 95 of 312]
1137.82043457031 1138.04309082031 1148.79321289062 1155.5224609375 1213.36584472656 1156.36840820312 1229.11083984375 1269.22351074219 1281.90075683594 1269.12316894531 1206.04052734375 1202.59301757812 1219.70471191406 1197.23522949219 1294.71520996094 1316.13134765625 1215.51086425781 1245.33569335938 1218.63940429688 1255.24426269531 1266.76098632812 1246.39624023438 1254.96984863281 1303.59228515625 1276.57531738281 1297.98986816406 1244.56286621094 1250.65441894531 1168.98278808594 1215.15307617188 1192.22631835938 1181.70886230469 1151.72033691406 1158.76708984375 1140.642578125 1119.03723144531 1166.50561523438 1185.57165527344 1182.37109375 1174.67236328125 1211.11462402344 1194.35717773438 1230.41638183594 1213.76574707031 1144.03588867188 1139.9541015625 1088.75048828125 1076.27331542969
1112.42907714844 1109.89794921875 1142.056640625 1171.654296875 1157.77734375 1213.10668945312 1184.50207519531 1210.78283691406 1177.00329589844 1243.02368164062 1232.08361816406 1208.673828125 1228.63647460938 1215.96032714844 1244.84020996094 1305.52587890625 1260.71960449219 1218.98791503906 1189.04895019531 1239.48522949219 1256.41979980469 1182.56860351562 1265.4375 1282.12841796875 1271.16711425781 1239.1884765625 1236.22778320312 1250.48327636719 1175.8564453125 1202.07690429688 1144.44250488281 1175.23132324219 1185.14697265625 1200.1611328125 1194.88781738281 1198.59716796875 1236.70031738281 1227.62475585938 1242.61596679688 1224.93041992188 1157.79760742188 1201.55505371094 1258.982421875 1248.50561523438 1214.603515625 1148.89782714844 1094.53137207031 1056.85925292969
1145.16833496094 1161.91125488281 1114.75805664062 1143.05712890625 1165.89404296875 1109.01159667969 1137.23193359375 1116.4501953125 1190.86206054688 1226.181640625 1192.71655273438 1231.82849121094 1235.71899414062 1246.18371582031 1271.49499511719 1219.85705566406 1275.87231445312 1273.3427734375 1186.85046386719 1209.67517089844 1213.33471679688 1202.94458007812 1210.90441894531 1230.91271972656 1236.15734863281 1280.05810546875 1222.83471679688 1205.41357421875 1227.66088867188 1187.85241699219 1196.7880859375 1194.12377929688 1217.23156738281 1201.32653808594 1289.39465332031 1293.58081054688 1338.99523925781 1263.23669433594 1284.17687988281 1254.3515625 1265.34326171875 1255.5673828125 1273.75708007812 1245.62145996094 1196.30810546875 1182.93981933594 1125.02429199219 1108.70715332031
1151.33056640625 1173.99462890625 1174.42248535156 1138.37243652344 1160.69750976562 1112.58776855469 1124.76843261719 1120.9541015625 1133.20532226562 1180.43383789062 1165.62353515625 1222.70776367188 1234.353515625 1274.45068359375 1213.99597167969 1221.85290527344 1272.04443359375 1259.59020996094 1220.33288574219 1233.2333984375 1200.16247558594 1189.80249023438 1239.40698242188 1266.97827148438 1250.48547363281 1257.74194335938 1196.97778320312 1136.71179199219 1244.15930175781 1205.68774414062 1197.87524414062 1220.80981445312 1203.60424804688 1272.59069824219 1338.58117675781 1385.70690917969 1345.51037597656 1344.7041015625 1299.63818359375 1311.99670410156 1299.98608398438 1284.43188476562 1282.77111816406 1252.21228027344 1198.56787109375 1170.43347167969 1144.51647949219 1100.81787109375
1135.724609375 1148.09777832031 1166.6376953125 1194.94946289062 1172.47253417969 1111.56030273438 1150.68115234375 1220.36755371094 1155.70434570312 1124.82458496094 1173.55078125 1164.12414550781 1179.12292480469 1170.42602539062 1202.208984375 1237.42736816406 1229.86328125 1216.63330078125 1198.20922851562 1229.01513671875 1172.6865234375 1130.93981933594 1199.51184082031 1199.5107421875 1216.83959960938 1191.10852050781 1225.25122070312 1225.57080078125 1204.41528320312 1306.01049804688 1288.98852539062 1333.07531738281 1322.33703613281 1336.82495117188 1371.84582519531 1353.61511230469 1327.25427246094 1316.150390625 1317.38049316406 1370.45373535156 1323.99682617188 1288.53881835938 1262.60803222656 1273.84204101562 1200.66198730469 1168.06213378906 1145.92749023438 1112.68286132812
1200.607421875 1298.36779785156 1229.490234375 1249.83508300781 1261.71398925781 1204.20837402344 1199.50012207031 1110.36926269531 1179.19165039062 1144.8935546875 1208.04870605469 1203.50463867188 1225.99487304688 1216.3603515625 1310.79614257812 1243.4833984375 1230.72631835938 1250.99670410156 1194.46508789062 1216.76647949219 1174.98791503906 1149.61889648438 1116.24719238281 1157.85888671875 1243.05358886719 1243.23193359375 1230.82507324219 1249.80029296875 1214.26159667969 1264.77819824219 1335.208984375 1411.544921875 1403.43957519531 1362.25830078125 1341.98583984375 1316.70751953125 1289.791015625 1343.62451171875 1352.8134765625 1330.34594726562 1291.03649902344 1277.5439453125 1242.53576660156 1274.85388183594 1202.12365722656 1196.39880371094 1116.67419433594 1105.96875
1235.79663085938 1257.81091308594 1318.9130859375 1288.2783203125 1295.54504394531 1265.09606933594 1266.458984375 1275.8857421875 1232.48461914062 1253.94384765625 1135.88464355469 1211.08129882812 1238.07202148438 1215.26306152344 1269.41589355469 1323.14794921875 1259.86047363281 1311.79431152344 1265.49047851562 1219.42883300781 1273.59619140625 1172.63793945312 1203.41381835938 1157.4755859375 1222.88708496094 1268.4462890625 1284.30676269531 1246.93859863281 1265.69152832031 1348.38720703125 1408.19775390625 1372.95178222656 1313.74963378906 1328.99072265625 1387.84704589844 1341.15649414062 1268.53601074219 1322.63818359375 1325.05187988281 1345.84313964844 1309.53894042969 1279.22729492188 1205.07971191406 1231.31494140625 1208.17358398438 1172.55822753906 1128.61547851562 1100.74951171875
1263.15466308594 1297.03393554688 1323.85595703125 1308.66845703125 1311.76843261719 1296.50646972656 1294.26318359375 1256.73083496094 1244.94274902344 1197.65698242188 1242.10021972656 1244.97094726562 1230.30700683594 1240.6083984375 1286.91149902344 1261.0498046875 1256.30383300781 1274.41650390625 1324.54370117188 1272.16955566406 1248.60827636719 1244.25732421875 1266.15698242188 1251.11572265625 1267.59643554688 1286.08752441406 1286.36975097656 1257.80041503906 1285.25646972656 1350.14306640625 1403.70593261719 1372.69262695312 1329.2587890625 1324.38513183594 1426.10278320312 1335.22155761719 1333.65478515625 1297.88732910156 1384.18823242188 1350.59521484375 1301.27673339844 1328.52124023438 1214.599609375 1223.73315429688 1227.97338867188 1190.28637695312 1141.13391113281 1095.86486816406
1288.17102050781 1306.36694335938 1303.609375 1253.18481445312 1226.13012695312 1194.07568359375 1246.77783203125 1285.58386230469 1276.07983398438 1224.15979003906 1250.04467773438 1275.87524414062 1308.52392578125 1249.96801757812 1242.98046875 1267.86657714844 1267.9482421875 1263.67785644531 1315.99304199219 1343.791015625 1322.00170898438 1309.2431640625 1326.84582519531 1288.44067382812 1290.91076660156 1308.22265625 1297.44018554688 1260.93029785156 1318.18127441406 1391.03955078125 1418.22302246094 1293.36254882812 1335.77465820312 1382.18884277344 1400.59765625 1348.60705566406 1246.25451660156 1285.97509765625 1366.42602539062 1370.0830078125 1337.84436035156 1300.576171875 1272.1015625 1274.04235839844 1205.19799804688 1192.50854492188 1153.81555175781 1073.32958984375
1233.69030761719 1307.75805664062 1269.46899414062 764.862060546875 759.561401367188 749.604553222656 1075.7353515625 1268.65856933594 1277.29711914062 1236.99609375 1224.97570800781 1303.048828125 1312.14379882812 1274.82507324219 1315.34875488281 1280.71520996094 1319.52136230469 1328.24963378906 1348.85168457031 1368.59338378906 1399.064453125 1303.94226074219 1302.55334472656 1297.81640625 1310.68566894531 1318.71069335938 1304.33654785156 1289.408203125 1362.42260742188 1400.70483398438 1378.56628417969 1298.84130859375 1341.16748046875 1384.5703125 1370.79284667969 1353.11022949219 1223.77014160156 1296.66625976562 1323.07995605469 1341.74145507812 1329.71813964844 1320.70983886719 1271.51940917969 1246.98828125 1225.69580078125 1159.455078125 1142.98522949219 1092.65051269531
-3.4e+38 1267.40026855469 579.18896484375 545.489685058594 189.993209838867 816.328369140625 1045.03002929688 1299.87707519531 1249.33630371094 1285.44689941406 1318.61193847656 1319.77111816406 1349.52978515625 1299.92468261719 1342.11669921875 1332.43981933594 1321.62878417969 1363.90686035156 1373.26525878906 1368.41174316406 1411.48901367188 1360.79174804688 1327.11291503906 1309.30310058594 1345.47766113281 1376.31372070312 1334.72570800781 1292.83093261719 1356.68798828125 1377.5498046875 1361.90356445312 1361.23962402344 1396.99328613281 1362.005859375 1297.8017578125 1296.01123046875 1252.7236328125 1335.71130371094 1373.54931640625 1320.3046875 1353.00366210938 1294.26953125 1190.02062988281 1161.44665527344 1215.36535644531 1157.41943359375 1146.126953125 1099.36730957031
-3.4e+38 1073.71069335938 928.740234375 321.493133544922 466.766540527344 211.153869628906 1292.94592285156 1282.82275390625 1346.73474121094 1300.79675292969 1338.24780273438 1363.73449707031 1378.49938964844 1333.05126953125 1311.72790527344 1269.81848144531 1310.26513671875 1268.34033203125 1353.4716796875 1338.08435058594 1323.01013183594 1335.69970703125 1345.94055175781 1370.18347167969 1358.4169921875 1355.48876953125 1325.50012207031 1298.56787109375 1392.80920410156 1432.77221679688 1295.84887695312 1392.67114257812 1341.95202636719 1350.21545410156 1324.32983398438 1290.99499511719 1337.30712890625 1401.76928710938 1369.51782226562 1298.66821289062 1355.20690917969 1302.92797851562 1198.62487792969 1153.640625 1165.1015625 1159.60974121094 1142.76977539062 1104.21643066406
-3.4e+38 1228.25134277344 1110.62292480469 829.081237792969 468.199035644531 1278.02758789062 1346.06921386719 1283.47607421875 1327.83154296875 1313.99182128906 1343.16784667969 1357.05310058594 1316.73400878906 1239.54248046875 1119.68957519531 962.064880371094 894.648559570312 1006.04516601562 1206.54016113281 1278.17358398438 1405.97424316406 1411.28381347656 1359.56042480469 1367.89282226562 1357.56286621094 1352.20544433594 1353.72961425781 1356.98352050781 1404.04968261719 1357.4130859375 1387.05688476562 1334.96276855469 1385.43969726562 1335.45849609375 1320.68969726562 1273.9462890625 1361.80529785156 1340.48315429688 1329.30554199219 1360.513671875 1271.95666503906 1295.72082519531 1212.37072753906 1193.66186523438 1159.03381347656 1144.64916992188 1143.88061523438 1173.63610839844
-3.4e+38 1271.20178222656 1224.58984375 1226.83923339844 1263.94287109375 1325.64123535156 1374.31042480469 1300.33935546875 1298.13732910156 1349.79699707031 1378.34313964844 1413.53210449219 1268.60131835938 1086.92260742188 830.4453125 520.023315429688 439.858367919922 581.271118164062 1017.71917724609 1269.94860839844 1370.28247070312 1429.9580078125 1412.18896484375 1392.30090332031 1375.28088378906 1365.22082519531 1352.60827636719 1320.62243652344 1367.88500976562 1337.84948730469 1389.82397460938 1320.52294921875 1363.91284179688 1330.75036621094 1295.34045410156 1301.59875488281 1336.1513671875 1307.06628417969 1286.77307128906 1311.63671875 1227.71569824219 1296.1923828125 1220.24304199219 1198.69799804688 1151.9833984375 1162.00146484375 1139.69067382812 1119.73095703125
-3.4e+38 -3.4e+38 -3.4e+38 1291.89538574219 1340.03088378906 1332.46704101562 1326.44348144531 1339.265625 1363.31311035156 1423.03527832031 1388.27429199219 -3.4e+38 1191.99169921875 855.136352539062 490.649505615234 154.162933349609 41.7557640075684 141.97477722168 712.996826171875 1136.73669433594 1396.5947265625 1417.52880859375 1423.4404296875 1394.90002441406 1383.439453125 1365.837890625 1356.74304199219 1360.6806640625 1375.11706542969 1418.10424804688 1388.34130859375 1397.59448242188 1357.48913574219 1335.2255859375 1292.91027832031 1307.46032714844 1366.52600097656 1285.51220703125 1294.13024902344 1299.35070800781 1279.47937011719 1264.90673828125 1244.4482421875 1216.36767578125 1208.00610351562 1170.79577636719 1128.73498535156 1113.09057617188
-3.4e+38 -3.4e+38 -3.4e+38 -3.4e+38 1273.81042480469 1322.3955078125 1361.78381347656 1207.64367675781 1300.52746582031 1304.32751464844 1360.82971191406 -3.4e+38 -3.4e+38 796.669372558594 445.791046142578 126.239013671875 23.9141387939453 125.501708984375 715.312622070312 1196.47399902344 1423.43408203125 1434.86535644531 1419.99597167969 1343.4931640625 1357.72204589844 1370.5771484375 1380.11511230469 1392.17333984375 1379.66552734375 1440.607421875 1388.38916015625 1362.88549804688 1331.34033203125 1347.76940917969 1365.4736328125 1342.77941894531 1318.73999023438 1303.74182128906 1302.07348632812 1338.45581054688 1293.06262207031 1256.95703125 1245.67614746094 1207.80773925781 1193.34826660156 1186.82727050781 1177.12756347656 1187.57482910156
-3.4e+38 -3.4e+38 -3.4e+38 -3.4e+38 -3.4e+38 -3.4e+38 1193.11865234375 -3.4e+38 1212.15759277344 1266.25537109375 1287.7373046875 1223.76879882812 1048.77856445312 -3.4e+38 -3.4e+38 -3.4e+38 105.683837890625 301.24755859375 806.16455078125 1220.8974609375 1450.56616210938 1433.25903320312 1413.25952148438 1405.32275390625 1377.09399414062 1368.228515625 1354.59118652344 1406.42541503906 1371.935546875 1408.5205078125 1365.63354492188 1360.34826660156 1337.96276855469 1302.81005859375 1323.76037597656 1336.52062988281 1324.60778808594 1322.81872558594 1297.40844726562 1313.80383300781 1291.61572265625 1250.26452636719 1241.33459472656 1266.97180175781 1206.32666015625 1190.59802246094 1141.85681152344 1139.26110839844
-3.4e+38 -3.4e+38 -3.4e+38 -3.4e+38 -3.4e+38 -3.4e+38 -3.4e+38 -3.4e+38 -3.4e+38 1296.71459960938 1295.69616699219 -3.4e+38 -3.4e+38 -3.4e+38 -3.4e+38 -3.4e+38 -3.4e+38 878.540161132812 -3.4e+38 1423.40283203125 1431.86254882812 1429.35083007812 1422.07885742188 1408.50756835938 1370.01989746094 1394.47192382812 1339.98156738281 1356.26098632812 1377.38415527344 1350.03210449219 1419.57482910156 1345.41772460938 1336.02062988281 1319.70593261719 1376.52770996094 1293.19567871094 1319.4365234375 1297.60974121094 1257.279296875 1216.83959960938 1263.75061035156 1245.78747558594 1247.56591796875 1209.61926269531 1206.55944824219 1177.70764160156 1157.65319824219 1141.44506835938
-3.4e+38 -3.4e+38 -3.4e+38 -3.4e+38 -3.4e+38 -3.4e+38 -3.4e+38 -3.4e+38 -3.4e+38 -3.4e+38 1285.66027832031 -3.4e+38 -3.4e+38 -3.4e+38 -3.4e+38 -3.4e+38 -3.4e+38 1223.44201660156 1399.43127441406 1457.41809082031 1420.90405273438 1391.71215820312 1432.54284667969 1428.97827148438 1389.32080078125 1376.26843261719 1347.10900878906 1344.80480957031 1383.67492675781 1312.51025390625 1366.86486816406 1337.86975097656 1344.30017089844 1360.66528320312 1304.7060546875 1288.88464355469 1276.35473632812 1316.66320800781 1281.9990234375 1206.03173828125 1264.39587402344 1182.77856445312 1185.65026855469 1179.01428222656 1169.00842285156 1189.14965820312 1186.57312011719 1154.95031738281
-3.4e+38 -3.4e+38 -3.4e+38 -3.4e+38 -3.4e+38 -3.4e+38 -3.4e+38 -3.4e+38 -3.4e+38 -3.4e+38 -3.4e+38 -3.4e+38 -3.4e+38 -3.4e+38 -3.4e+38 -3.4e+38 -3.4e+38 1493.24267578125 -3.4e+38 1481.14147949219 1439.37817382812 1384.25659179688 1413.88940429688 1422.45153808594 1417.49255371094 1388.56823730469 1354.74719238281 1361.84765625 1343.39343261719 1368.80529785156 1367.45947265625 1320.42407226562 1341.53015136719 1325.47985839844 1270.77478027344 1254.17578125 1241.92114257812 1293.87170410156 1251.18579101562 1251.49060058594 1219.82434082031 1205.68395996094 1208.46594238281 1192.45642089844 1190.53271484375 1162.13842773438 1135.91271972656 1142.56713867188
-3.4e+38 -3.4e+38 -3.4e+38 -3.4e+38 -3.4e+38 -3.4e+38 -3.4e+38 -3.4e+38 -3.4e+38 -3.4e+38 -3.4e+38 -3.4e+38 -3.4e+38 -3.4e+38 -3.4e+38 1440.68981933594 1484.33386230469 1509.41735839844 1566.22338867188 1535.53784179688 1482.00732421875 1403.39196777344 1400.72106933594 1395.8642578125 1503.755859375 1450.03405761719 1345.28869628906 1334.72119140625 1332.57104492188 1372.94897460938 1375.22302246094 1326.91027832031 1320.74133300781 1315.15307617188 1311.38403320312 1264.51770019531 1259.48156738281 1341.46630859375 1340.11669921875 1257.08190917969 1237.94384765625 1213.84387207031 1191.52160644531 1218.8623046875 1145.07238769531 1182.953125 1150.15563964844 1169.52868652344
-3.4e+38 -3.4e+38 -3.4e+38 -3.4e+38 -3.4e+38 -3.4e+38 -3.4e+38 -3.4e+38 -3.4e+38 -3.4e+38 -3.4e+38 -3.4e+38 -3.4e+38 -3.4e+38 -3.4e+38 1473.61486816406 1535.22082519531 1531.53283691406 1483.86096191406 1508.86608886719 1413.67163085938 1407.78125 1390.36206054688 1408.72631835938 1444.81909179688 1403.86047363281 1350.42626953125 1317.24182128906 1338.23217773438 1350.56188964844 1335.30908203125 1331.92895507812 1316.16638183594 1271.87731933594 1308.99975585938 1300.39514160156 1276.39404296875 1290.76098632812 1273.09399414062 1237.27697753906 1227.8818359375 1223.55212402344 1191.39221191406 1162.72155761719 1174.345703125 1176.67785644531 1179.09362792969 1140.79272460938
