Map_Files/Diversity_Metrics/pd.asc
NCOLS 312 
NROWS 528 
XLLCORNER 7 
YLLCORNER -10 
CELLSIZE 0.0416666666666667 
NODATA_value -9999 
[rows 357 to 377 of 528, columns 240 to 287 of 312]
0.268902735163768 0.252604857087136 0.247290506958961 0.246248344062931 0.242677381883065 0.236341579506795 0.236341579506795 0.230315949457388 0.225178524437878 0.220008479638232 0.21177614107728 0.199586790468958 0.201388009720378 0.202585242999097 0.211407704382306 0.215797439528008 0.212187322167059 0.208555912185046 0.210411481352316 0.210597038269043 0.204069322595994 0.199406668543816 0.199406668543816 0.199168118027349 0.196782612862686 0.193538325838745 0.191350760559241 0.187854221711556 0.184144720435142 0.183906169918676 0.181520664754013 0.183429068885744 0.184144720435143 0.184144720435143 0.184144720435142 0.183906169918676 0.181520664754013 0.181523606181145 0.181604103495677 0.181604103495677 0.180714887566864 0.178047239780426 0.178047239780426 0.178047239780426 0.178047239780426 0.178047239780426 0.178047239780426 0.178047239780426
0.25959503185004 0.249033026397229 0.246665209221343 0.245414613746107 0.240676429122687 0.234215567198893 0.232964971723656 0.234928347170353 0.231869834164779 0.224304334570965 0.213276356458664 0.201152825417618 0.205645615545412 0.214624193497002 0.217467293143272 0.217467293143272 0.215749729424715 0.210740168578923 0.212171471677721 0.211026429198682 0.204069322595994 0.199406668543816 0.198977277614176 0.197259713895619 0.192965804599226 0.192536413669586 0.19654406234622 0.193047523498536 0.183715329505503 0.181997765786946 0.177703856490552 0.181283879093826 0.182620350271463 0.182620350271463 0.183001442812383 0.18358829865853 0.178024080892404 0.177902344614267 0.178047239780426 0.178047239780426 0.178047239780426 0.178047239780426 0.178047239780426 0.178047239780426 0.178047239780426 0.178047239780426 0.178047239780426 0.178047239780426
0.247606409610146 0.242663303700586 0.244497510397599 0.246551718252401 0.244248943713804 0.23788398059292 0.233298463850386 0.228491790592671 0.232886870702107 0.228897235873673 0.214374074401955 0.205600679955548 0.210663297731015 0.215892859734595 0.217467293143272 0.217228742626806 0.215320338495076 0.211121849405268 0.216369960767527 0.212171471677721 0.204069322595995 0.199406668543816 0.197689104825258 0.192536413669586 0.192536413669586 0.192965804599225 0.196782612862686 0.193047523498536 0.182427156716585 0.177274465560913 0.177274465560913 0.177854046225548 0.178047239780426 0.178047239780426 0.179571609944105 0.18363659704725 0.178555363168319 0.178047239780426 0.178047239780426 0.178047239780426 0.178047239780426 0.178047239780426 0.178047239780426 0.178047239780426 0.178047239780426 0.178047239780426 -9999 -9999
0.243020892867612 0.24141270822535 0.241579454288714 0.239163831186791 0.234952652516464 0.233298463850386 0.232881598691973 0.236537486314773 0.226965844631196 0.218506378846036 0.215624669877192 0.210663297731015 0.216328274251686 0.217324162833393 0.217467293143272 0.214843237462143 0.211026429198682 0.210644748372336 0.211121849405269 0.210740168578923 0.204069322595995 0.199406668543816 0.197689104825258 0.192536413669586 0.192536413669586 0.197259713895619 0.199168118027349 0.193047523498536 0.182427156716585 0.177274465560913 0.177274465560913 0.177854046225548 0.178047239780426 0.178047239780426 0.179571609944105 0.18363659704725 0.178555363168319 0.178047239780426 0.178047239780426 0.178047239780426 0.178047239780426 0.178047239780426 0.178047239780426 0.178047239780426 0.178047239780426 -9999 -9999 0.178047239780426
0.242562341193358 0.241287648677826 0.241287648677826 0.240571997128427 0.236599368974567 0.22849179059267 0.236537486314774 0.238467591814697 0.226373742024105 0.217467293143272 0.214624193497002 0.20704259444028 0.216519593261182 0.217467293143272 0.214461556635797 0.211598950438201 0.210597038269043 0.211026429198682 0.215320338495076 0.211885211057961 0.204069322595994 0.199406668543816 0.198977277614176 0.197259713895619 0.192965804599226 0.193824586458504 0.197259713895618 0.197816882282496 0.191012002527714 0.177338863412539 0.1779828419288 0.178047239780426 0.178047239780426 0.178047239780426 0.178047239780426 0.178047239780426 0.178047239780426 0.178047239780426 0.178047239780426 0.178047239780426 0.178047239780426 0.178047239780426 0.178047239780426 0.178047239780426 0.178047239780426 0.178047239780426 0.178047239780426 -9999
0.245028632279072 0.242163065510492 0.241287648677826 0.241287648677826 0.238460063003004 0.230716094685097 0.238103981750707 0.229490999132395 0.221178313510286 0.217467293143272 0.216126343856255 0.212550479090876 0.2170203100476 0.217467293143272 0.215797439528009 0.214604686945677 0.214604686945677 0.214843237462143 0.217228742626806 0.212314601987601 0.204069322595994 0.199406668543816 0.198404756374657 0.195160469350716 0.192774964186052 0.195542150177061 0.198213915961484 0.19625478475872 0.192208903841674 0.192779244751567 0.187479962387847 0.180272938373189 0.178047239780426 0.178047239780426 0.178047239780426 0.178047239780426 0.178047239780426 0.178047239780426 0.178047239780426 0.178047239780426 0.178047239780426 0.178047239780426 0.178047239780426 0.178047239780426 0.178047239780426 0.178047239780426 0.178047239780426 0.178047239780426
0.244258959881133 0.242163065510492 0.242746676732268 0.242746676732269 0.238540558765332 0.230060609161026 0.227673810492787 0.218083359301091 0.216425130247242 0.216425130247242 0.215591399930417 0.217467293143272 0.217467293143272 0.217467293143272 0.217467293143272 0.217467293143272 0.217467293143272 0.217467293143272 0.217467293143272 0.214461556635797 0.205262075178326 0.199406668543816 0.197053949038188 0.19023434103777 0.192619846202433 0.195864133226375 0.196866045395533 0.193714161610438 0.190303436480462 0.193309172987938 0.193309172987938 0.181862723082305 0.178047239780426 0.178047239780426 0.178047239780426 0.178047239780426 -9999 0.178047239780426 0.178047239780426 0.178047239780426 0.178047239780426 0.178047239780426 0.178047239780426 0.178047239780426 0.178047239780426 0.178047239780426 0.178047239780426 0.178047239780426
0.239190753549337 0.239763274788856 0.243264942119518 0.243890239857137 0.236297628842294 0.220443673431874 0.21089493483305 0.209940060973167 0.212566311471164 0.213201467258235 0.212965149432421 0.217467293143272 0.217467293143272 0.217467293143272 0.217467293143272 0.217467293143272 0.217467293143272 0.217467293143272 0.217467293143272 0.217467293143272 0.205930016624432 0.197769600587586 0.195450841449201 0.188585872761905 0.192879782058299 0.19202100019902 0.192593521438539 0.193309172987938 0.192879782058299 0.19159160926938 0.19159160926938 0.183006771840156 0.178921372940143 0.178047239780426 0.178047239780426 0.178047239780426 0.178047239780426 0.178047239780426 0.178047239780426 0.178047239780426 0.178047239780426 0.178047239780426 0.178047239780426 0.178047239780426 0.178047239780426 0.178047239780426 0.178047239780426 0.178047239780426
0.234665341985722 0.235190153121948 0.238400014841722 0.240692773212989 0.231861314736307 0.205319229202966 0.204842128170033 0.205223808996379 0.205366939306259 0.207457293342385 0.211902574325601 0.216458930323521 0.216458930323521 0.216458930323521 0.217047141968376 0.217467293143272 0.217467293143272 0.217467293143272 0.217467293143272 0.217467293143272 0.20325825084001 0.193192367441952 0.193309172987938 0.193309172987938 0.193309172987938 0.188585872761906 0.190685117306808 0.193309172987938 0.19173473957926 0.187011439353228 0.187011439353228 0.187011439353228 0.182524222466682 0.181968708729578 -9999 0.178047239780426 0.178047239780426 0.178047239780426 0.178047239780426 -9999 0.178047239780426 0.178047239780426 0.178047239780426 0.178047239780426 0.178047239780426 0.178047239780426 0.178047239780426 0.178047239780426
0.235142443018655 0.235190153121948 0.235481958732837 0.235690391312043 0.228109528310597 0.204842128170034 0.199594016807775 0.203792505897581 0.205366939306259 0.20295460222082 0.201276823257406 0.20637530212601 0.20637530212601 0.20637530212601 0.212845630219412 0.217467293143272 0.217467293143272 0.217467293143272 0.217467293143272 0.217467293143272 0.206597958070538 0.196532074672481 0.193309172987938 0.193309172987938 0.193309172987938 0.192879782058299 0.193070622471472 0.193309172987938 0.193166042678058 0.192736651748419 0.192736651748419 0.192736651748419 0.192328722940551 0.189387704038786 -9999 0.178047239780426 0.178047239780426 0.178047239780426 0.178047239780426 -9999 0.178047239780426 0.178047239780426 0.178047239780426 0.178047239780426 0.178047239780426 0.178047239780426 0.178047239780426 0.178047239780426
0.235190153121948 0.235190153121948 0.237816403619945 0.231136566959322 0.216836179606616 0.208921383135022 0.19944438431412 0.203649375587702 0.205366939306259 0.20465128775686 0.202790593728423 0.201018817722797 0.209064513444901 0.209869083017111 0.209007467453678 0.212173388339579 0.217467293143272 0.217467293143272 0.217467293143272 0.214037451893091 0.202358807126682 0.194198391089837 0.193309172987938 0.193309172987938 0.193309172987938 0.193309172987938 0.193309172987938 0.193309172987938 0.193309172987938 0.193309172987938 0.193309172987938 0.189444654621184 0.188156481832266 0.183944297643999 0.178047239780426 0.178047239780426 0.178047239780426 0.178047239780426 0.178047239780426 0.178047239780426 0.178047239780426 0.178047239780426 0.178047239780426 0.178047239780426 0.178047239780426 0.178047239780426 0.178047239780426 0.178047239780426
0.238691820452611 0.236065569954614 0.23869182045261 0.22978537157178 0.212328039420148 0.20742114716106 0.202951316204336 0.20465128775686 0.207409578582479 0.208868606636922 0.207277538254857 0.202951316204336 0.20742114716106 0.210494380754729 0.209910769532952 0.210969362511403 0.213910420735677 0.213910420735677 0.213910420735677 0.204103430112203 0.196444698092011 0.193309172987938 0.193309172987938 0.193309172987938 0.193309172987938 0.193309172987938 0.193309172987938 0.193309172987938 0.193309172987938 0.193309172987938 0.193309172987938 0.191162218339741 0.190446566790342 0.18731982457555 0.181718599051237 0.178047239780426 0.178047239780426 0.178047239780426 0.178047239780426 0.178047239780426 0.178047239780426 0.178047239780426 0.178047239780426 0.178047239780426 0.178047239780426 0.178047239780426 0.178047239780426 0.178047239780426
0.240984578823878 0.236690867692232 0.233496391938793 0.224165485033559 0.210223065689206 0.20274288362513 0.205128388789793 0.205366939306259 0.208868606636921 0.211369797587395 0.209869083017111 0.205366939306259 0.205366939306259 0.207993189804256 0.210327634691364 0.211369797587395 0.210654146037996 0.208745741906265 0.211131247070928 0.197824329137803 0.193309172987938 0.192116420405606 0.190446566790342 0.190446566790342 0.190446566790342 0.192593521438539 0.193309172987938 0.193309172987938 0.192593521438539 0.190685117306808 0.193070622471472 0.193309172987938 0.193309172987938 0.191639319372674 0.188077737887701 0.183876450380518 0.178577168016798 0.178047239780426 0.178047239780426 0.178047239780426 0.178047239780426 0.178047239780426 0.178047239780426 0.178047239780426 0.178047239780426 0.178047239780426 0.178047239780426 0.178047239780426
0.240817832760513 0.232682965695858 0.223996179799239 0.215672346142431 0.20745537430048 0.200643639080226 0.20493754837662 0.205366939306259 0.207993189804256 0.210494380754729 0.209869083017111 0.205223808996379 0.203792505897581 0.20493754837662 0.208868606636921 0.211369797587395 0.210081624798477 0.206646497361362 0.210940406657755 0.197824329137803 0.19230726081878 0.190160306170583 0.187727090902627 0.186438918113708 0.186438918113708 0.19159160926938 0.193309172987938 0.192593521438539 0.190732827410102 0.188585872761905 0.192879782058299 0.193309172987938 0.193309172987938 0.193309172987938 0.193309172987938 0.192037345220646 0.179319067547719 0.178047239780426 0.178047239780426 0.178047239780426 0.178047239780426 0.178047239780426 0.178047239780426 0.178047239780426 0.178047239780426 -9999 0.178047239780426 0.178047239780426
0.239059924251503 0.220088877715171 0.217024537527726 0.213504647318688 0.205366939306259 0.205366939306259 0.205366939306259 0.205366939306259 0.205366939306259 0.207868130256732 0.209869083017111 0.204842128170034 0.199594016807775 0.203363114967942 0.208338250509566 0.211077991976506 0.211369797587395 0.211369797587395 0.211369797587395 0.197394938208163 0.189396944517891 0.189635495034357 0.191591609269381 0.186486628217002 0.186963729249935 0.191305348649621 0.192736651748419 0.19011259606729 0.188013351522386 0.192736651748419 0.192736651748419 0.193166042678058 0.193309172987938 0.193070622471472 0.192736651748419 0.191570809628401 0.179912388428218 0.17822206641237 0.178047239780426 0.178047239780426 0.178047239780426 0.178047239780426 -9999 0.178047239780426 -9999 -9999 0.178047239780426 0.178047239780426
0.217729052735699 0.214385057799518 0.214106481418841 0.210586591209803 0.205366939306259 0.205366939306259 0.205366939306259 0.205366939306259 0.205366939306259 0.207868130256732 0.209869083017111 0.205319229202966 0.204842128170033 0.200500508770347 0.203034689236018 0.208159935867621 0.211369797587395 0.211369797587395 0.211369797587395 0.19310102891177 0.190351146583755 0.192975202264885 0.191591609269381 0.186963729249934 0.192211840612193 0.188442742452026 0.187011439353228 0.186772888836761 0.186582048423588 0.187011439353228 0.187011439353228 0.19173473957926 0.193309172987938 0.190685117306809 0.187011439353228 0.186905453705953 0.185845597233209 0.179970332731804 0.178047239780426 0.178047239780426 0.178047239780426 -9999 -9999 -9999 -9999 -9999 0.178047239780426 0.178047239780426
0.215595965584119 0.213814675807953 0.213814675807953 0.210294785598914 0.205366939306259 0.205366939306259 0.205366939306259 0.205366939306259 0.205366939306259 0.207868130256732 0.209706446155906 0.204341213218868 0.200589426793158 0.198926075361669 0.202124847099185 0.203465796386202 0.202840498648584 0.206217106431723 0.206217106431723 0.191383465193213 0.187440830282867 0.188156481832266 0.187727090902626 0.186582048423588 0.188013351522386 0.186868309043348 0.186438918113709 0.186438918113709 0.186438918113708 0.186438918113709 0.186438918113709 0.186438918113708 -9999 -9999 0.186438918113708 0.186438918113709 0.186438918113709 -9999 -9999 -9999 -9999 -9999 -9999 -9999 -9999 -9999 -9999 -9999
0.218058547212018 0.21431060663114 0.213308694461981 0.209788804252943 0.203985541127622 0.201359290629625 0.201359290629625 0.201359290629625 0.203401929905845 0.204444092801876 0.204020246863365 0.204291110133959 0.202206784341898 0.201998351762692 0.203457379817135 0.203457379817135 0.201748232667645 0.201289680993391 0.204207737102277 0.190954074263573 0.186438918113708 0.186438918113708 0.186438918113708 0.186438918113708 0.186438918113708 0.186438918113708 0.186438918113708 0.186438918113708 0.186438918113708 0.186438918113708 0.186438918113708 0.186438918113708 0.186438918113708 0.186438918113708 -9999 -9999 -9999 -9999 -9999 -9999 -9999 -9999 -9999 -9999 -9999 -9999 -9999 -9999
0.208102504515813 0.206764228641987 0.206387614210447 0.205600917753246 0.202998828142881 0.198158478260868 0.194776416549252 0.197482065918545 0.201998351762692 0.201998351762692 0.199997399002313 0.203952903962798 0.198486516459121 0.197939877708753 0.197939877708753 0.197939877708753 0.198079079389572 0.198996922622124 0.203999304523071 0.190954074263573 0.186438918113708 0.186438918113709 0.186438918113708 0.186438918113709 0.186438918113708 0.186438918113708 0.186438918113708 0.186438918113709 0.186438918113708 0.186438918113709 0.186438918113708 0.186438918113708 0.186438918113708 0.186438918113708 -9999 -9999 -9999 -9999 -9999 -9999 -9999 -9999 -9999 -9999 -9999 -9999 -9999 -9999
0.191701463113228 0.194577832706272 0.195346823893487 0.192452231422067 0.188756346702576 0.188756346702576 0.188756346702576 -9999 -9999 -9999 -9999 -9999 0.188756346702576 0.188756346702576 0.188756346702576 0.188756346702576 0.188756346702576 -9999 -9999 0.186438918113708 0.186438918113708 0.186438918113708 0.186438918113708 0.186438918113708 0.186438918113708 0.186438918113708 0.186438918113708 0.186438918113708 0.186438918113708 0.186438918113708 0.186438918113708 0.186438918113708 0.186438918113708 -9999 -9999 -9999 -9999 -9999 -9999 -9999 -9999 -9999 -9999 -9999 -9999 -9999 -9999 -9999
0.191659776597387 0.191201224923134 0.189775045961142 0.188756346702576 0.188756346702576 0.188756346702576 -9999 -9999 -9999 -9999 -9999 -9999 -9999 0.188756346702576 0.188756346702576 0.188756346702576 0.188756346702576 0.188756346702576 0.188756346702576 -9999 -9999 -9999 -9999 -9999 -9999 -9999 -9999 -9999 -9999 -9999 -9999 0.186438918113708 0.186438918113708 0.186438918113708 -9999 -9999 -9999 -9999 -9999 -9999 -9999 -9999 -9999 -9999 -9999 -9999 -9999 -9999
