Map_Files/Diversity_Metrics/pd.asc
NCOLS 312 
NROWS 528 
XLLCORNER 7 
YLLCORNER -10 
CELLSIZE 0.0416666666666667 
NODATA_value -9999 
[rows 147 to 167 of 528, columns 96 to 143 of 312]
0.358948841277096 0.334146225824952 0.313241881421871 0.295643002622658 0.284268030896783 0.285870569447677 0.271345389386019 0.280400333926082 0.290979405037231 0.291237149594559 0.283853723357121 0.282910559119449 0.293509467401438 0.308098172768951 0.315366898559862 0.318151347132193 0.322226245577137 0.33069483935833 0.32730703552564 0.323630460227529 0.326869221818116 0.328723552326361 0.323841451356809 0.314627343167861 0.316290374845266 0.31217652435104 0.317638277593586 0.320603059190843 0.317865282297134 0.317442747453849 0.31321739902099 0.313864946365356 0.319360489025712 0.310679709952739 0.291218540320794 0.285315740646587 0.29136465386384 0.29469152726233 0.299593357576264 0.300829879732596 0.298320497696598 0.297289128725728 0.294355742012461 0.298075369869669 0.301082875372635 0.299560361645288 0.297963666419188 0.304339137342241
0.36806820705533 0.353670286014676 0.338783162956437 0.318513855338098 0.29960753954947 0.296479777122538 0.279216415559253 0.280233252793551 0.294329674914479 0.294633969043693 0.283459212630987 0.289536368101835 0.302870038896799 0.315411686897278 0.319147780537605 0.315887546166778 0.311561791226268 0.313888070484002 0.329993667701879 0.334887083619833 0.337297841906548 0.337297841906548 0.335115088149905 0.33184595964849 0.325143100693822 0.31438397616148 0.322570112844308 0.327299458906055 0.323055541142821 0.324506300191085 0.318491471310457 0.327133484184742 0.34248539681236 0.341829131046932 0.324546929448843 0.311404672140877 0.302762563650807 0.297917775809765 0.30852037233611 0.309130587304633 0.298683332279325 0.300182151297728 0.296333355208238 0.302215686067939 0.306885108972589 0.304253719126185 0.298528280109167 0.299588404595852
0.367705434353815 0.359554479519526 0.345832197823458 0.331521485828692 0.32510975562036 0.331147245234914 0.313721819056406 0.298433278997739 0.295840859620107 0.294917517445154 0.297075271606445 0.313293255244692 0.314272702361147 0.321718262508512 0.324664226422707 0.320937045539419 0.316176526248455 0.319655780783958 0.325819544701112 0.339090518032511 0.342603880912066 0.342603880912066 0.343308717012405 0.342148136554493 0.330542331975368 0.320927117640773 0.32901327084336 0.337270893156528 0.340514917547504 0.348813652992248 0.354169478019078 0.355826622496049 0.367276816111472 0.362579527207548 0.344226842125257 0.340739615468516 0.326871578685112 0.330225307494402 0.335588549574216 0.329188180052572 0.316374832143386 0.316616125818756 0.321122042420837 0.317828160400192 0.314772400591109 0.309266027270092 0.30562648922205 0.311961496041881
0.359578935015533 0.349705879886945 0.336028738361266 0.325958182828294 0.322883205488324 0.322718146774504 0.310063741273351 0.307566846410433 0.324667530548241 0.330986856379443 0.318179041147232 0.305756837750474 0.305845878397425 0.306522747501731 0.312209748973449 0.315741761898001 0.316176526248455 0.320185589500599 0.331647440584169 0.340679944182436 0.335555519908667 0.335555519908666 0.343308717012405 0.342625236552623 0.335790431954795 0.337488460664948 0.342739477546679 0.351079873740673 0.359400916223725 0.362234135468801 0.357516278823217 0.365132385243972 0.368835289238228 0.361410756698914 0.349830622474353 0.34951801577376 0.351757409878903 0.350709449499846 0.351822619636854 0.346039551413722 0.335638693223397 0.332567723674907 0.324880806522237 0.321168075626095 0.317318197753694 0.304825694403715 0.293529950082302 0.303634371194574
0.363011938830217 0.350151503458619 0.34498336352408 0.337119179467361 0.325240897014737 0.31957295909524 0.309488635510207 0.319243958219886 0.328854306290547 0.328318134571115 0.322187282145023 0.324113935232163 0.324113935232163 0.331756621599198 0.32916527427733 0.318021012470127 0.312410721555352 0.327268811563651 0.330266726513703 0.332418890669942 0.336914055049419 0.339047258719802 0.339444207027554 0.342961706841986 0.339491605137785 0.347860209643841 0.363300617784262 0.368479879572988 0.360878098756075 0.354745800296465 0.362949137886365 0.367685720324516 0.375803057104349 0.372971457739672 0.362163618206978 0.362164832030734 0.363127366329233 0.35490601696074 0.355467348669966 0.352130159114798 0.342484440654516 0.336465161293746 0.325465980917216 0.323650063946843 0.331814325725039 0.325970692560078 0.308554098010064 0.307047696163257
0.365659771694078 0.353529296815395 0.354660377734237 0.351771318871114 0.341659734646479 0.337822194314665 0.333630799833271 0.340286277234554 0.335550973812739 0.33316201551093 0.33797546600302 0.341168915232022 0.341168915232023 0.348372665544351 0.348114958032966 0.342063695813219 0.336816921830177 0.338515028357506 0.338515028357506 0.344507243484259 0.349833656930261 0.349165207395951 0.347473291059335 0.355619634605116 0.359895427607827 0.367353344957034 0.382036651174227 0.381728585188588 0.369312184552351 0.37076542360915 0.374655255840884 0.37431060274442 0.37680988262097 0.374235391409861 0.367887278397878 0.367887278397878 0.367887278397878 0.361743725215395 0.360341800790694 0.356881205820375 0.350595730046431 0.347761562714974 0.343261374781529 0.339473548034827 0.343442381049196 0.339544231072069 0.32687271386385 0.320999520106448
0.367928062669106 0.361028408631682 0.363287348093258 0.360686719831494 0.354600834349791 0.358497900060482 0.355832105088565 0.348914477974176 0.343358741452297 0.342908636356393 0.34561720987161 0.346120665263798 0.351155219185683 0.350085389489929 0.354109072229928 0.359053873560495 0.359117633352677 0.351813988760114 0.348103071873387 0.358004358286659 0.366379868032204 0.364511404186488 0.361118284364541 0.373743524774909 0.374772530669967 0.380884844188889 0.394719209522009 0.394805993263921 0.383149061352015 0.383027114181055 0.380223686289456 0.379218070457379 0.378862327171697 0.376395776246985 0.372975714504719 0.372056334589919 0.365288817013304 0.362592054530978 0.362749132017295 0.360347900953558 0.355126667146881 0.352129760508736 0.353033571814497 0.349786144991716 0.350343399577671 0.345418156021172 0.335128255188465 0.33048407609264
0.37937566265464 0.37271198630333 0.372784144555529 0.368308453510206 0.363789234310389 0.373305430635811 0.366784961894155 0.347613725811243 0.349735045184692 0.349618139366309 0.340492125600576 0.339919183403253 0.354228656738996 0.345349175855517 0.351356354852517 0.361253845815857 0.364246109500527 0.359618732084831 0.355952015767495 0.366689812391997 0.380664900566141 0.381073698401452 0.376398764550686 0.390933346003295 0.385488722473384 0.392100036144257 0.405151844024658 0.409511063868801 0.401277665048838 0.38936372473836 0.38031704351306 0.381147546693683 0.383393798023462 0.382680805400014 0.378651024773717 0.373341681435705 0.361160149797798 0.359515056014061 0.363712464769681 0.364428117871285 0.358620477840305 0.351624395698309 0.355758536607027 0.355449732393027 0.354835539435347 0.349411817888419 0.34115381538868 0.33863692296048
0.407373039465812 0.386009324962894 0.384793345299032 0.386075171124604 0.383648123592138 0.387123640005788 0.378959622854988 0.361314235255122 0.356734291546875 0.350674089665215 0.338710890462001 0.33334027789533 0.353110101694861 0.346948857729634 0.357192504944073 0.366136403340432 0.362562685584029 0.354388971916503 0.366815420695477 0.382741306597988 0.3922978039417 0.393236314256986 0.393459364771843 0.405051497121651 0.413836228350798 0.419593840837479 0.421370175149706 0.42351740764247 0.424138866364956 0.414802529538672 0.388480528568229 0.385314255952835 0.385551621516546 0.385551621516546 0.380441643297673 0.366357877850532 0.366357877850532 0.366787269711494 0.370604086253378 0.373123665650686 0.370570242404938 0.364514640221992 0.376173072805007 0.374213954433799 0.361336796234051 0.356890022754669 0.362198950101932 0.360073420322604
0.402208580532008 0.396409112339218 0.391353498730395 0.387146264521612 0.383349541574717 0.378959622854988 0.378217439477642 0.376094305887818 0.375504944887426 0.361233592654269 0.34093743438522 0.341027172282338 0.348604183023174 0.346019428844253 0.363407541273369 0.369257565380799 0.358659990752737 0.359421315499477 0.375594888917273 0.402720901494225 0.408062383946445 0.40096120039622 0.399223059415817 0.414891528586546 0.420312819381555 0.428761184215546 0.433046095901065 0.43440977566772 0.432904846966267 0.425190731262168 0.400986992443602 0.392691820859909 0.395302842060725 0.395302842060725 0.387819208204747 0.379076167941093 0.379076167941094 0.383799478411675 0.385707886682617 0.384797135988871 0.381407856941223 0.376173072805007 0.377232930312554 0.3718530703336 0.375001769512892 0.36725122233232 0.351395769665639 0.352109995567136
0.404803038885197 0.399962153285742 0.397660893077652 0.393360914662481 0.390742059797049 0.397607609629631 0.397607609629631 0.389308921992779 0.379863882437349 0.366198015088837 0.355175094678998 0.359054019674659 0.354928763583303 0.355493126437068 0.366546525309483 0.378233248367906 0.38330296240747 0.383008832732836 0.396985401709874 0.40291365608573 0.396136491869887 0.391091849654913 0.39289921708405 0.394487267360091 0.392892675474286 0.400812091305851 0.422168194626768 0.430727241560817 0.422329200431704 0.415565814822913 0.399458814412356 0.385768216103315 0.388559579849243 0.389119053259492 0.383688414469361 0.385023871436715 0.380255592986942 0.385358391329646 0.384212523698807 0.381994746625423 0.380756430327892 0.37776830792427 0.38206222653389 0.38106113485992 0.382248956089219 0.378321869919698 0.371159300208092 0.371216051901381
0.411848653521803 0.41143624484539 0.411352088054021 0.408892412359516 0.405766839161515 0.40701698532535 0.409979263734486 0.403078351790706 0.400768490094277 0.391945486681329 0.380298810079694 0.382397541362378 0.379543461940355 0.386102270955841 0.395058487024572 0.391926433684098 0.37911271614333 0.374698034384184 0.383172190230754 0.382843382656574 0.378394960736235 0.379091550699538 0.384615880126754 0.385934935261806 0.384342808276415 0.383209512258569 0.397777418088582 0.405764005871283 0.403633078560233 0.407527695927355 0.399060367710061 0.386477413276831 0.381936359943615 0.377917014890247 0.375491835797826 0.382945704998242 0.380296661415034 0.3824158962816 0.383878552251392 0.38449044773976 0.384284836550554 0.383340421650145 0.385725931988822 0.381642267107964 0.382539328601625 0.383149821932117 0.381666712462902 0.381559602088398
0.414531944940487 0.415544172128042 0.419685087477167 0.421821954349677 0.419210635746519 0.41511612965001 0.421792926059829 0.418681764354308 0.420108984534939 0.41196436683337 0.397875068088373 0.397774608391855 0.396770011426674 0.397451249882579 0.401258019937409 0.39187341866394 0.373426706219713 0.368363155465987 0.370589647649063 0.370575107634068 0.370680525071091 0.372432272467348 0.376225722332795 0.380802174409231 0.380802174409231 0.376479958494504 0.379813330454959 0.383223409454028 0.385519509514173 0.392229799595144 0.390449698600504 0.385539357240001 0.378432349819276 0.371097651620706 0.369855977594852 0.38034799695015 0.38034799695015 0.376368129625916 0.380474759679702 0.384355654319127 0.384042208393415 0.382659663135807 0.378237588331103 0.37745303226014 0.381346573432287 0.384209185838699 0.38288256029288 0.378725622677141
0.416198313857119 0.413264371454716 0.421781145036221 0.429174377893408 0.429165219888091 0.426900924493869 0.431193216393391 0.430343395099044 0.424529964725176 0.412591728692254 0.401265278458595 0.401026716455817 0.398641096428037 0.387752125039697 0.385816800097625 0.385064372171959 0.381721807643771 0.379082283005119 0.372917653992772 0.371860057115555 0.37271885573864 0.372666670630376 0.37245063111186 0.375039219856262 0.375039219856262 0.375039219856262 0.375927907725175 0.375454522669315 0.374187126755714 0.375232018530369 0.377160005271435 0.380770295858383 0.375686562930544 0.36878912585477 0.368307733908295 0.377429427579045 0.380082672461867 0.37079631537199 0.374186145762602 0.378568217158317 0.37713580019772 0.373359048739076 0.36539931409061 0.371767101809382 0.380019950990875 0.38288256029288 0.37791920825839 0.368521653115749
0.430103443562985 0.422375203420718 0.429189588460657 0.437286255467269 0.439388628428181 0.436867691990402 0.428513459447358 0.430160293976466 0.418207057027353 0.404946905871233 0.399115454405546 0.398971766233444 0.398971766233444 0.394394624978304 0.397572315401501 0.397738697214259 0.392916361490885 0.390083957049583 0.372315895226267 0.36953637500604 0.371672657628854 0.375979776183764 0.378507971142729 0.37541421999534 0.37541421999534 0.375795086224874 0.378815538974272 0.376711951361762 0.371914878487587 0.375060641931163 0.37527486268017 0.379826776062449 0.370583428069949 0.36476039679514 0.367567483956615 0.369089191572533 0.378131692194276 0.370897691696882 0.371524641497268 0.372656357785066 0.369326630607248 0.364603340625763 0.364603340625763 0.36503273062408 0.376278633665707 0.378902683655421 0.368840362876654 0.361818448950847
0.451602516074976 0.435318364451329 0.436156212455697 0.436003565581309 0.431105029458801 0.435518197301361 0.439375259396103 0.438106884558996 0.432329833300577 0.417131361862025 0.400552336126566 0.398971766233444 0.398971766233444 0.405842553824186 0.408560398552153 0.402366819894977 0.39323623975118 0.392628735966153 0.387513332896763 0.376539672414462 0.373276891807715 0.375979776183764 0.379445471490423 0.379164221386115 0.379164221386115 0.38335374991099 0.381031215397848 0.376827153894637 0.374755188822746 0.37527486268017 0.377631290919251 0.376175538326303 0.376270015413562 0.371787664377028 0.367118108396729 0.373243912640545 0.366581624166833 0.371911454945803 0.370570441501008 0.366931157807509 0.36503273062408 0.364603340625763 0.364603340625763 0.369326630607247 0.378664133656356 0.378902683655421 0.371234197169542 0.370595841358105
0.451120475927989 0.438722601160407 0.439498708272974 0.438313975930214 0.433301882818341 0.437533880273501 0.447063570221265 0.441942475736141 0.432881522302826 0.417652759080133 0.405228963121772 0.410491064190865 0.407305866479874 0.408991241827607 0.414014527574182 0.407184952870012 0.393268227577209 0.393601366008321 0.396932750319441 0.386257896199822 0.381572538986802 0.380301979059975 0.379539221525192 0.379539221525192 0.379539221525192 0.380681820213795 0.384322932610909 0.387270695840319 0.3848627936095 0.375296284755071 0.377866933743159 0.375810414552688 0.376838674147924 0.372490391135216 0.365220798179507 0.366867351656159 0.364809159810344 0.366455713286996 0.37138834161063 0.372252829372883 0.367571881040931 0.363132460042834 0.366020062938332 0.363282408565283 0.370492410535613 0.373592559869091 0.367853872478008 0.361954893916845
0.457136042623056 0.452930876985192 0.446835533819265 0.440943783356084 0.440949873377879 0.452893887749976 0.469396698185138 0.469276155034701 0.456776690979799 0.437156299956971 0.421220123146971 0.419912711613708 0.418143157329824 0.417966201901436 0.421409747873743 0.415655546511213 0.405158032973607 0.407271573320031 0.398349546516935 0.392926245306929 0.393977444825901 0.39033132005069 0.38760212684671 0.400767319318322 0.384310828728809 0.382665179669857 0.398942135688331 0.410170863279038 0.402408139159282 0.380897289348973 0.38196839309401 0.38111151009798 0.384901664944159 0.379629936276211 0.368024803698063 0.368019095725483 0.371358810199631 0.368687038620313 0.37297685816884 0.375698706342114 0.375199242184559 0.376978784178694 0.365323735401035 0.360444766158859 0.375310353727804 0.371324063382216 0.352031622081995 0.359029883725776
0.460022007425626 0.455579545969764 0.446519280473391 0.440760440089636 0.447668726245562 0.469864185899496 0.476345458378394 0.478310058514277 0.468206513880028 0.447709908708931 0.427427065248291 0.421037169794241 0.421037169794242 0.416493219013015 0.421206526044342 0.41829798080855 0.410029073556264 0.414648326941663 0.399910459708837 0.395461451262236 0.40094317164686 0.397839738883907 0.392352741211652 0.406569458958176 0.388798561775023 0.387021472056707 0.4122580471966 0.428171337685651 0.419513113796711 0.402650898529424 0.405036408868101 0.404068347687523 0.407027856964204 0.401220576423738 0.38576772188147 0.374062597958578 0.375839811853237 0.373011790215969 0.38332568667829 0.37839355857836 0.362432243923346 0.36788474313087 0.354625470522378 0.363526236265898 0.379504359016816 0.371460461782086 0.350573670739929 0.359166791248653
0.461195138593516 0.445631481707096 0.439233167096972 0.43940834266444 0.448894593864679 0.470657529930273 0.464428720374902 0.462947387248277 0.455008966227372 0.437915369247397 0.420484835281968 0.416869729757309 0.415271729230881 0.408949408680201 0.413692126671473 0.411856148391962 0.404341265559196 0.409280940890312 0.403106346726418 0.401148028671742 0.40422406544288 0.401507310569287 0.394080601632595 0.393464356660843 0.390309780836105 0.389994323253632 0.411029009148478 0.424220280721783 0.420901099219918 0.419057488441467 0.423189654946326 0.428356869146228 0.430943444992105 0.425309837485354 0.409494977444411 0.388579158733289 0.387197957684597 0.387059837579728 0.397674589107434 0.381361074124775 0.346322735771538 0.341568738222122 0.341568738222122 0.36870813369751 0.377754598855972 0.373551055788994 0.368455806747079 0.369906242315969
0.472387003194955 0.446060322225093 0.438699370664027 0.441307701998287 0.443778358399868 0.445324881209267 0.456502970721986 0.45356433155636 0.436834805541569 0.421670483632221 0.415817809601625 0.415279586075081 0.409897350809641 0.416753293946385 0.409793327665991 0.403061407307784 0.403061407307784 0.403013697307971 0.402536597309841 0.418117659166455 0.414932344729702 0.40825974341068 0.404326677322388 0.394940805311004 0.390671964113911 0.390245079994202 0.392307008306185 0.395033597946167 0.396020449697971 0.393703514296148 0.393587523243493 0.418541499103109 0.430870997409026 0.425475940936142 0.414684765661756 0.417518206975526 0.422766306954953 0.422382328659296 0.401745284390119 0.3846866513292 0.372436810905735 0.346278223105603 0.345748414388961 0.369739807521304 0.377900873621305 0.377793763246801 0.383569505065679 0.400012710442147
