Map_Files/Diversity_Metrics/pd.asc
NCOLS 312 
NROWS 528 
XLLCORNER 7 
YLLCORNER -10 
CELLSIZE 0.0416666666666667 
NODATA_value -9999 
[rows 231 to 251 of 528, columns 192 to 239 of 312]
0.371181393663089 0.358146422232191 0.356837787768907 0.352011697987716 0.342218816280365 0.343360535386536 0.354777726448244 0.352918748433391 0.359960987129145 0.354971942802271 0.339944809675217 0.340166703487436 0.342385641609629 0.342036951333284 0.340737287576 0.338664049696591 0.335367601364851 0.331173525295324 0.334334295449985 0.330366854866346 0.343309307470917 0.351842670597964 0.347687349344293 0.340186078101397 0.317125500490268 0.306450652579467 0.305616263921062 0.301160474204355 0.290734966595968 0.284768440657191 0.292068999674585 0.306674428284168 0.315356844622227 0.318473054096103 0.318778455257416 0.319158842166265 0.322962711254756 0.319526957347989 0.327661807131435 0.333588546348943 0.334925625473261 0.341433476449716 0.333115757960412 0.339623608936866 0.343737203834785 0.331700798124076 0.311992837737004 0.307643535443479
0.357480764389038 0.352513665333391 0.355083105464776 0.350088143100342 0.339707246050238 0.342345939949155 0.343617176637054 0.342600187286735 0.353384153917431 0.352436651165287 0.340611470863223 0.34238923403124 0.340167030071219 0.342512438073754 0.341371269896626 0.334614499782523 0.324634041637183 0.318584409231941 0.333628814046582 0.34314570017159 0.357872866094112 0.365212498232723 0.356284562498331 0.332061470796664 0.304242654393116 0.28768296353519 0.291449418291448 0.290734966595968 0.282521450892091 0.28652879782021 0.29222903214395 0.297980815172195 0.305706029136975 0.312937571977575 0.317014504224062 0.317151993513107 0.320004895329475 0.313421132043004 0.317589233318964 0.323222027470668 0.328437188640237 0.338202374676865 0.322243181367716 0.327893204987049 0.333858120565612 0.32337986615797 0.301216335967184 0.289048660546541
0.356514867188202 0.35695331543684 0.362297935825255 0.350707388379508 0.332681030035019 0.343100409954786 0.346831399947405 0.343294708058238 0.345032392897539 0.344338123997053 0.342769623423616 0.349288088373012 0.341140007186267 0.340325199067593 0.340103305255373 0.336753214812941 0.333117454002301 0.337409000015921 0.355350300255748 0.361859831959009 0.368819752915038 0.367985672834847 0.350813188279669 0.315862634736631 0.284856660705474 0.286471444492539 0.286594643154078 0.283816492391957 0.285576849554975 0.297779905506306 0.293775270175603 0.297692939639091 0.302799836008085 0.308127920039826 0.311627554396788 0.310655451276236 0.309699357590741 0.310464232539137 0.315061977960997 0.326953360189993 0.337629830464721 0.333798297577433 0.345299394594298 0.322630588586133 0.317297220437063 0.316695801292857 0.305990963553389 0.28431683116489
0.346855895179842 0.35167882591486 0.348247939306829 0.340156039636996 0.337765976786613 0.346831399947405 0.337022822350264 0.338798785582185 0.337573531808125 0.339411601424217 0.344351313387354 0.344943901110027 0.344203166456686 0.344129092991352 0.34168826105694 0.345953171037965 0.355999366690715 0.361065938654873 0.362696965949403 0.36328874155879 0.351466328319577 0.342291447437472 0.334360375379523 0.310901928486096 0.287863750217689 0.285988603408138 0.283579159321057 0.281597568757004 0.28175760122637 0.284255787523255 0.297779905506306 0.294814184308052 0.293708217433757 0.301435264241364 0.310676587124666 0.305895488502252 0.295378457961811 0.303792082394162 0.309759737095899 0.31084077184399 0.315945195034146 0.335779911941952 0.34202147854699 0.31925268781682 0.318167847684687 0.314911703889569 0.29591725083689 0.273799823390112
0.343509962161382 0.349142575636506 0.335896513114373 0.329191645607352 0.335762901231646 0.337647715583444 0.331380156800151 0.334738504141569 0.337398226062457 0.339253020162384 0.341804390773177 0.343964757397771 0.326988032087684 0.327611224725842 0.335128158330917 0.349016531060139 0.3577418345958 0.345816515386104 0.345816515386104 0.348384143784642 0.34381781394283 0.331849797318379 0.318545084446668 0.310405857861042 0.288164459168911 0.285940319299698 0.285274642209212 0.283372707664967 0.284812999889254 0.294361120710771 0.286722624053558 0.284663334488869 0.289229249581694 0.296949857845902 0.298989100381732 0.28810059155027 0.292371922483047 0.291522469371557 0.302783736338217 0.310655963917573 0.313226582482457 0.323783056189616 0.332258923600117 0.323795042932034 0.322238149121404 0.309323595215878 0.285172421485186 0.271887640158335
0.341691614232129 0.348472975194454 0.351995061255164 0.34484288468957 0.333022435506185 0.332829272995392 0.330897647887469 0.341797796388467 0.351962088296811 0.348854723282987 0.338570672397812 0.339225866107477 0.329794352046318 0.330140570178628 0.344030832871794 0.357723029744294 0.358225608244538 0.341965682597624 0.335547154355381 0.339107727011045 0.339399066443245 0.328058877132006 0.313126560300589 0.310405857861042 0.288164459168911 0.292636901140213 0.294869095087052 0.288515463471413 0.286308210964004 0.30484400689602 0.289567013581594 0.288039314250151 0.297053935627142 0.303582970466879 0.301464818418026 0.294571178033948 0.292960157617927 0.298676121979952 0.306757987787325 0.311131447553635 0.313786855588356 0.322144577693608 0.326059557704462 0.326518153771758 0.326410554763344 0.313795810151432 0.290099052712322 0.271848698043161
0.341515342808431 0.346329620108008 0.364909563420547 0.357589215868051 0.328255439177155 0.324399055913091 0.331002598628402 0.341017801314592 0.347569165958299 0.342927669485411 0.33019074673454 0.321615013604363 0.320030057802797 0.328765348220865 0.344513992675476 0.353645456333955 0.350885976105929 0.341200606276592 0.327131314824025 0.325920261442661 0.332790231746104 0.326034664072925 0.309772190948327 0.307786201644275 0.28792630860375 0.291210450232029 0.295743676316407 0.293365224368043 0.291317394624153 0.302601792953081 0.293690213519666 0.289229249581695 0.297053935627142 0.302383489078946 0.30049568725129 0.299570815637708 0.300358757997553 0.30488816772898 0.311006869706842 0.315203005654944 0.317029230296612 0.318789623677731 0.318789623677731 0.324602795764804 0.324681872088048 0.311242151591514 0.289145279054841 0.273973429782523
0.332895484442511 0.333352766931056 0.354631794616578 0.350520191714168 0.321217391639948 0.315518628805876 0.326556850224733 0.327660672366619 0.327869592855374 0.326916797086597 0.319935346022248 0.303477483491103 0.302057353158792 0.319965466856956 0.333547479162613 0.339365243290861 0.338886382058263 0.334381755441427 0.321088317781687 0.312872670590878 0.322952973966796 0.320161551857989 0.305307837203145 0.308215555424492 0.294392313187322 0.285868205130101 0.290151248375574 0.296909772480528 0.299126589670777 0.297000228737792 0.293180980409185 0.286373404785991 0.290236813947558 0.292616684610645 0.290657171979546 0.293944830074905 0.305402575060725 0.300853930413723 0.309403823067743 0.316606327270468 0.3158611189574 0.314177835981052 0.30876546104749 0.317674729973077 0.31547153616945 0.300683428222935 0.282571122050286 0.274485502392053
0.305150303782689 0.304665170609951 0.328657970246341 0.332523637761673 0.31575705545644 0.320028431092699 0.316918527707458 0.315892257417242 0.329785807472136 0.331534003424976 0.316606456413865 0.307561815405885 0.314406744514902 0.323559997603297 0.331679133905305 0.336583412355847 0.334367381408811 0.323149798851874 0.324548109331065 0.316466751818856 0.313603076462944 0.307873746587171 0.304932521656156 0.319278263590402 0.314038951156868 0.295503621300062 0.296352221113111 0.300605657200019 0.302325926100214 0.308731128979062 0.294247425885664 0.292370384559035 0.296255307685997 0.291733716924986 0.283993534122904 0.291926436333193 0.292719726554222 0.29548023827374 0.30498249683943 0.303477597526379 0.300286699086427 0.320875636405417 0.301030261649026 0.3073652771612 0.30299843247566 0.298080922000938 0.290712703019381 0.268579725176095
0.309640928068096 0.317073889076709 0.327241171979242 0.331344968328873 0.329179543380936 0.326455593730012 0.326172875240445 0.318276523922881 0.324222345112098 0.324385595611401 0.308983338996768 0.289594721669952 0.307577337448795 0.32087948359549 0.328017579184638 0.326152094536358 0.320930203422904 0.3226363648557 0.31890033537315 0.317779351646702 0.31108148333927 0.311177441643344 0.315082093700767 0.30699917073879 0.306522869608469 0.291316742698352 0.295003924725783 0.300605657200019 0.299946055437128 0.300004936547744 0.293454135664635 0.288083674386144 0.290515254148178 0.288375169038773 0.281613663459818 0.283200243901875 0.291926436333193 0.293042799457908 0.303628364163967 0.301096091874772 0.293455895036459 0.31250338587496 0.310699260897106 0.298775813231866 0.296633018594649 0.293300463921494 0.284121211618185 0.275961946696043
0.31060827150941 0.317245006561279 0.332727617894609 0.330815209075809 0.317916566506028 0.325534950941801 0.326956186443567 0.32367335818708 0.321524808183312 0.309358509878318 0.294908860698342 0.300213464225332 0.305971428131064 0.319182518869638 0.312264041354259 0.310201975206533 0.319586485624313 0.322375747685631 0.316033546502392 0.312530938535929 0.308189406370123 0.313207391028602 0.319156294688583 0.305771261453628 0.305771261453628 0.290898054838181 0.29117321036756 0.296909772480527 0.299708068370819 0.300278091803193 0.305978326126933 0.28508065827191 0.283600735788543 0.285038617129127 0.281375676393509 0.281613663459817 0.283993534122904 0.290657171979546 0.295706466461221 0.293071456874411 0.290191361680627 0.301340349018574 0.301340349018574 0.297903025522828 0.297422928114732 0.29282241811355 0.283462062478066 0.276700168848038
0.328998097322053 0.312547665089369 0.334795233276154 0.341387938501107 0.321411078174909 0.318835424673226 0.329993908810946 0.327390554050605 0.325258092747794 0.31516132151915 0.305640064179897 0.31719262070126 0.321073321832551 0.32562352096041 0.32274726488524 0.321954792158471 0.324584214016795 0.322305989762147 0.315266209344069 0.305719071999192 0.308782251551747 0.320005670603778 0.326963237797221 0.317650359330906 0.306851179442472 0.299574092030526 0.288790705510313 0.285251457244158 0.289014173050721 0.290301976104576 0.303180006643136 0.287232376014194 0.284084866030348 0.284038384755453 0.283041585857669 0.288287199619743 0.290766053315666 0.292352776353558 0.292929020606809 0.293070526793599 0.293662928665678 0.295457595752345 0.297676519387298 0.297898411750794 0.297898411750793 0.29282241811355 0.284776875128349 0.281521148565743
0.323354461540778 0.313903105755647 0.335462121292948 0.340028930869368 0.317814987152815 0.308964151475165 0.321292138761944 0.320727602268259 0.317745511937473 0.312365837809113 0.312497625127435 0.328486229396529 0.329961696846618 0.326744721581539 0.324630663005842 0.325208864278264 0.32513069237272 0.318902362758915 0.313025214398901 0.306781437868873 0.309455361838142 0.311485576753815 0.310420260454218 0.311295324522588 0.300496144634154 0.300842677553495 0.286113430435461 0.275948603327076 0.277398062869906 0.2795571854545 0.286883809086349 0.281593081230919 0.27958528449138 0.281123753844036 0.284468036765853 0.288287199619743 0.290766053315666 0.290926325445374 0.290469493923916 0.293386698390047 0.296757251024246 0.2935556612081 0.295774584843053 0.297422928114732 0.297898411750793 0.29282241811355 0.285716027021408 0.284463577386407
0.297379435971379 0.314556622877716 0.330762483179568 0.324840410922965 0.303754486143589 0.297866996998588 0.304144974177082 0.30381660349667 0.305063962936401 0.306493853529295 0.312838329002261 0.330229906365275 0.326884353533387 0.322685271501541 0.315862758706014 0.3151793324699 0.318172922357917 0.313091220955054 0.309792724748453 0.312331262975931 0.31029135423402 0.295698814714949 0.281328767538071 0.290519177913666 0.290519177913666 0.293086789548397 0.28304030497869 0.273350961506367 0.273357851430774 0.28079457829396 0.275073376794656 0.272497367113829 0.271163722500205 0.277043270568053 0.285084448754788 0.282421740392844 0.281470773120721 0.288331728428602 0.289880683645606 0.291710748026768 0.294615367427468 0.293333768844604 0.293333768844604 0.294615367427468 0.29670847641925 0.29282241811355 0.285716027021408 0.283999985704821
0.297938442478577 0.297373227775097 0.314756750025682 0.316813343101078 0.298285329714417 0.287590153101418 0.296994048274225 0.287625952313344 0.312756241816612 0.332450749559535 0.330357029413184 0.327015916092528 0.326592172599501 0.326549798250198 0.328075172793534 0.320790274482635 0.30939402555426 0.310337129152483 0.309928667628103 0.309602531294028 0.313998633995652 0.303307425437703 0.28561129172643 0.290867865913444 0.290550876822737 0.289681987836957 0.281148748472334 0.273509457086524 0.277846561123927 0.297160364894404 0.286960323444671 0.27792476117611 0.273331603449252 0.277626196750336 0.285666168977817 0.285632477452358 0.282108464588722 0.293862824638684 0.297343108596073 0.2925833672699 0.288284813364347 0.293634826731351 0.292841536510322 0.288475497315328 0.292229317128658 0.291516419707073 0.285717564324538 0.285686320314806
0.29923460756739 0.293084971606732 0.317950654567943 0.313819136884479 0.283485366031528 0.28849507164624 0.281872478210264 0.293273628999789 0.321186662755078 0.333562123692698 0.328282707060377 0.331677094515827 0.327015916092528 0.326549798250198 0.323968634216322 0.312802293855284 0.303358397136132 0.314178131106827 0.314140998240974 0.310999092956384 0.310077759747704 0.308199863673912 0.302760417262713 0.294354745911227 0.290867865913444 0.28131008706987 0.276497692490618 0.27509441288809 0.276880233238141 0.28315645435618 0.285687240668469 0.27792476117611 0.280745810725622 0.283455458573169 0.282924665759007 0.286357928067446 0.285632477452358 0.294813791910807 0.291790077048872 0.287030335722698 0.289235780636469 0.296645405598813 0.287919213167495 0.291333304097255 0.283135784169039 0.278456435642309 0.285732937355836 0.295410035798949
0.316939894109964 0.297818951308728 0.318270045022169 0.314460054039957 0.28528462164104 0.295594974731406 0.29399808558325 0.297413546591997 0.324699288854995 0.336342845112086 0.328075274825096 0.332143212358157 0.327058290441831 0.326549798250198 0.331578401848674 0.317657119284075 0.297638727352023 0.310950681567192 0.309070006012917 0.308026067912579 0.310976302872101 0.308160576348504 0.299508230760693 0.292815566683809 0.270133025323351 0.265353200957179 0.259430392024418 0.263904099352657 0.27477970533073 0.274441867445905 0.28525958272318 0.284036688506603 0.287058015664418 0.282929527883729 0.275682700797915 0.28263937557737 0.282527976979812 0.294053018093109 0.296232502286633 0.29147276096046 0.289330877363682 0.297660424684485 0.295280554021398 0.30021489970386 0.298830111200611 0.295897463336587 0.29561628587544 0.297180867443483
0.322327548844946 0.311464852343003 0.32520785389675 0.322010933938955 0.3015128976355 0.305660084924764 0.299246610659692 0.308954833075404 0.327183557881249 0.32906693013178 0.32085651345551 0.331809800118208 0.323390755802393 0.315661203116179 0.314829302330812 0.306017465475533 0.296404922381043 0.309275125670764 0.312336844495601 0.310263604546587 0.312440662955244 0.309223826146788 0.302575303241611 0.303013125227557 0.282634015712473 0.263386971627673 0.268361735571588 0.275696033301453 0.274777421727777 0.274444634094833 0.28538135997951 0.28630793467164 0.291378784303863 0.291507368907333 0.286008204023043 0.284350300828616 0.284350300828616 0.294511384020249 0.295564536212219 0.290804794886046 0.292004351193706 0.308888713104857 0.31185277344452 0.30897845265766 0.307737063202593 0.305145752305786 0.301024605209629 0.298059379061064
0.316929640455379 0.318710638210177 0.325154939252469 0.319574087030359 0.306218429779013 0.30636485810909 0.303936306180226 0.313803289085626 0.316444056108594 0.313475946585338 0.311518132686615 0.315293181273673 0.308992854422994 0.29310639264683 0.286275699320767 0.291495908258689 0.302068412924806 0.307274602353573 0.313766640921434 0.306307569767038 0.309189953944749 0.30850997256736 0.303658127163847 0.307706278024448 0.297629655442304 0.272646829485894 0.281295728766254 0.286596783747276 0.274975656842192 0.268957392209105 0.280834246840742 0.282021932303906 0.289616158025131 0.295040604968866 0.291148083284498 0.28005422775944 0.285891323039929 0.295042566955089 0.300020325928926 0.29950188452171 0.302183470999201 0.318248187295265 0.313015791484051 0.31073257389168 0.308478853354852 0.301910013788277 0.293628429373106 0.290332533005212
0.312712987884879 0.317855564877391 0.316577032829324 0.306000300372641 0.293650068342685 0.293592888241012 0.306475718195239 0.306188371032476 0.298876456916332 0.299512075260281 0.303517315536737 0.292327332620819 0.2905673875163 0.270602094009519 0.265897441034516 0.280838115140794 0.300274340435862 0.301370504622658 0.300000299389163 0.294649019837379 0.300931341946124 0.302931096404791 0.298966165632009 0.30240378032128 0.299105284114679 0.286596579477192 0.285905487835407 0.280897783425947 0.267530868761241 0.259819058080513 0.272329005102316 0.275235693901777 0.284684640665848 0.291754127169649 0.288317786529661 0.275756312534213 0.28323876298964 0.288270775228738 0.305399300530551 0.314235226561626 0.313475474715233 0.319553073495628 0.30321242287755 0.306718006730079 0.302313255767028 0.291263442486525 0.281159400939942 0.278557370727261
0.321337644631663 0.320669742301107 0.312344907472531 0.297043366564645 0.280519409105182 0.275455140612191 0.295980233906043 0.294267052163681 0.296274662638704 0.298393390451868 0.296140489478906 0.289578628829784 0.282648394712143 0.264628561834495 0.26612345688045 0.268986069286863 0.271953744192918 0.28856845282846 0.267800067034033 0.286114007234573 0.293741534774502 0.293963729714354 0.294910687953234 0.299233889414204 0.298471305933264 0.298999047527711 0.288985280113089 0.265484446142284 0.24805290158838 0.264171219120423 0.267718726148208 0.273307165130973 0.284711441439058 0.293992742482159 0.295755056664348 0.289877926309904 0.278260434667269 0.270581079646946 0.297420918734534 0.315524387069875 0.313079765066504 0.316150613129139 0.310172192752361 0.304858949035406 0.290818120042485 0.281911671161652 0.28092041797936 0.276693403306936
