Map_Files/Diversity_Metrics/pd.asc
NCOLS 312 
NROWS 528 
XLLCORNER 7 
YLLCORNER -10 
CELLSIZE 0.0416666666666667 
NODATA_value -9999 
[rows 147 to 167 of 528, columns 0 to 47 of 312]
-9999 -9999 0.203032180666924 0.203032180666924 -9999 -9999 -9999 0.207164227962494 0.249303286274275 0.270490812758605 0.244584195315838 -9999 -9999 -9999 -9999 -9999 -9999 -9999 -9999 -9999 -9999 -9999 -9999 -9999 -9999 0.220048636198044 0.230811063924597 0.226042524704503 0.214020024985075 0.223015601436297 0.227137659986814 0.25746538117528 0.307271081333359 0.327855321889122 0.315834466988842 0.312342513766554 0.307570880485905 0.32818604260683 0.343534469604492 0.336423783459597 0.31939564521114 0.322645242843363 0.317806993093755 0.333148249735435 0.337867943363057 0.335751023350491 0.336092678830028 0.34474101352195
-9999 -9999 0.203907595326503 0.207998466988405 -9999 -9999 -9999 -9999 0.277772712210814 0.273456028973063 0.254963980987668 0.221000163505475 0.234688655783733 -9999 -9999 -9999 -9999 -9999 -9999 -9999 0.247270566721757 -9999 -9999 -9999 0.212384358048439 0.220048636198044 0.225495405805608 0.223984722979367 0.224330280907452 0.240761510406932 0.244498082126181 0.283205973915756 0.329380763694644 0.33519791935881 0.310711672529578 0.315449832007289 0.339838022366167 0.378366690129042 0.391242122277618 0.368575652440389 0.332876399159432 0.325074581429362 0.340677792206407 0.342238359153271 0.343859298154712 0.336481876050433 0.327558808028698 0.337354296818376
0.224377954378724 0.209229340776801 0.209187876950535 0.213861604428126 0.224194318056107 0.245813196421497 0.213223517665433 0.218235360148052 0.251383336467876 0.282156091804306 0.288972861443956 0.268964819920559 0.245105853614708 0.285095500138898 0.253397562644547 0.249640967489944 0.290611445903778 0.291831225156784 0.291831225156784 0.25976606272161 0.251069066632125 0.258035372942686 -9999 -9999 -9999 -9999 0.23949372364829 0.242519212990171 0.256604806830485 0.294735986946358 0.297101088903017 0.312288021668792 0.349107879524429 0.370629989852508 0.368292594328523 0.366791634923882 0.370741030408276 0.410179374118646 0.416181337088347 0.384721120819449 0.344391420483589 0.334291037792961 0.332224290197094 0.332257049158216 0.35212666934563 0.358864578107993 0.354015197604894 0.370509095283018
0.22300080768764 0.221623660996556 0.235728253403472 0.24623053903795 0.24708004295826 0.248146797944274 0.238893134415978 0.225236164716383 0.241412319656876 0.28020023368299 0.317668095851938 0.326832675375044 0.310934312952062 0.301751630070309 0.303956741053197 0.300200145898594 0.290611445903778 0.291831225156784 0.291831225156784 0.300197886303067 0.289054065735804 0.273558247834444 -9999 -9999 -9999 -9999 0.233930427891513 0.243368114551736 0.270042388389508 0.302103483221597 0.302318492490384 0.303699122741818 0.339192156369487 0.376713426162799 0.387251583859325 0.368115967346562 0.38530868705776 0.414152371386687 0.417286742478609 0.405264314884941 0.381486892700196 0.340654100601872 0.31791987704734 0.318270390853286 0.338509282511141 0.35816203802824 0.367685485631228 0.371497114706371
0.215537720359862 0.221172622404992 0.238382291048765 0.255130786448717 0.262710073962808 0.262442124076188 0.270244865678251 0.249695803038776 0.258764375622074 0.276749319707354 0.286882562562823 0.290466514105597 0.29232584995528 0.284292941913008 0.284001322463154 0.281186285118262 0.276024419814348 0.279330786317587 0.275579009205103 0.299224874004721 0.28753700107336 0.274621165047089 -9999 -9999 -9999 -9999 0.267115562222898 0.268699856785437 0.272780392318964 0.304489322006702 0.320980213582516 0.322629302740097 0.358043685555458 0.391223601376017 0.397297073155642 0.384087476258477 0.40091233390073 0.419323198497296 0.423450184985995 0.41552105670174 0.402981458231807 0.393697557970882 0.387497315183283 0.371254077181221 0.370601701239745 0.376632682358226 0.384397918358445 0.394160400455197
0.218793441541493 0.221923942677677 0.242215178699957 0.260851458749837 0.272024435301622 0.285856843408611 0.29115281957719 0.297159823278586 0.299109197118216 0.293437625798914 0.287494364505013 0.294168946229749 0.297299452539947 0.298801222816109 0.296081548556685 0.281516013253066 0.264865474154552 0.265475830787586 0.252820511555506 0.288412272619704 0.295549397874209 0.290611844302879 -9999 -9999 -9999 0.254182785749435 0.286656069051888 0.300790359576543 0.297978932037949 0.329555196687579 0.349102372303605 0.355997618287802 0.3726663324568 0.397217145189643 0.414861895764867 0.410425881130828 0.417201211469041 0.426236613964041 0.435035503779848 0.435373573874434 0.430147384603818 0.431532655946082 0.435981991597348 0.423345406229297 0.421874013418952 0.421890797921352 0.421045795703927 0.426116146561172
0.222863093018532 0.222863093018532 0.242215178699957 0.25889590382576 0.271981013938785 0.300445227159394 0.312561940815714 0.329040671388308 0.323558079699675 0.307615174187554 0.298941082631548 0.308372608903382 0.310456929521428 0.309425834566355 0.305896744752924 0.288283704676562 0.261474382753173 0.245085809793737 0.239209478927983 0.278803303837776 0.300827030092478 0.306991249322891 -9999 0.22161515057087 0.243790164589882 0.263338942080736 0.301874274180995 0.322019325776233 0.323227577532331 0.341556393230955 0.351941962415973 0.359114807719986 0.3643860541698 0.386433927135335 0.415969374900063 0.422076395402352 0.426299322396517 0.429387678702672 0.444589756843116 0.453331078092257 0.450724354634682 0.449153446695871 0.449379855352971 0.449524588882923 0.458363281562924 0.457720363719596 0.446909008547664 0.444099112103383
0.222433895183106 0.226725873537362 0.240528280225893 0.251610787585378 0.267102969810367 0.307040113955737 0.331667002290487 0.334129691123962 0.323558079699675 0.309690326452255 0.304269004613161 0.315035006031394 0.320037381723523 0.30598040483892 0.297894891351461 0.289738778024912 0.267440296709538 0.226073304812114 0.235794325669606 0.265672398731112 0.29755258684357 0.283627535526952 0.236265111714601 0.221402253955603 0.241448301821947 0.278380163013935 0.310472164303064 0.328730209420125 0.333365060389042 0.332331941152612 0.336305640016993 0.33527635410428 0.340143399313092 0.360309774056077 0.389079904183744 0.407981139297286 0.420599411552151 0.433226216584444 0.4524052242438 0.460318454851707 0.45505016669631 0.451634061833223 0.446156891683738 0.454753037542105 0.470280759657423 0.469335122654835 0.454162729904056 0.450469790026546
0.221209891968303 0.237741902470589 0.246648296299908 0.250527447296513 0.269351545100411 0.322498497863611 0.333765712877114 0.334892434378465 0.323875889389051 0.310637539459599 0.309497060254216 0.329149172123936 0.334370319628053 0.315004946043094 0.293809712347057 0.288099392834637 0.289730397984386 0.271266178538401 0.234842537591855 0.239215742796659 0.294470824715164 0.294073446446823 0.235652882605791 0.221183774578903 0.234922957710094 0.27730643718193 0.312308863426248 0.330169529757566 0.332093514502048 0.328278966661956 0.342584756099516 0.331430143987139 0.327381355067094 0.332547387936049 0.349344478920102 0.380237330579095 0.397838255183565 0.446870122725765 0.464276864917742 0.457064243447449 0.445423262814681 0.446556030876107 0.454698513779375 0.463094400241971 0.473390698225962 0.471309946642981 0.462956736485163 0.467855287715793
0.221845794883039 0.232018776237965 0.243468781726228 0.261127595272329 0.290338669593136 0.330125930408637 0.341393145422141 0.342519866923491 0.327053986282812 0.320109669533041 0.327797492966056 0.334370319628053 0.341778998987542 0.328355504820744 0.292731617473893 0.261706750012106 0.255607912316918 0.271266178538401 0.234842537591855 0.239215742796659 0.290019504312012 0.285648343360259 0.229530591517687 0.225385879269905 0.239925399629606 0.285729874235889 0.310719362770518 0.324606241244409 0.33368294686079 0.333047690076961 0.331463419314888 0.335884839917223 0.339020478228728 0.34496496224569 0.359739696606993 0.383217136479086 0.376147160513533 0.440830576544007 0.462777334161931 0.455564712691638 0.446484995385011 0.450449050300651 0.455052424636152 0.470263889059425 0.475887211867505 0.475122698479229 0.473557819922765 0.472846934571862
0.221909385174513 0.231446463614702 0.24315083026886 0.2593273135523 0.283890835940838 0.317296624183655 0.328563839197158 0.329690560698509 0.333641552676757 0.337726178268592 0.339868841692805 0.341185066228112 0.343091924364368 0.339884597808123 0.318684798975786 0.273364028582971 0.231874817982316 0.236562808354695 0.226660514871279 0.227674177847802 0.28393043174098 0.294100381123523 0.246792105957866 0.229999132143955 0.240806829494735 0.286572217941285 0.318905180320144 0.335971079766751 0.340279409661889 0.332809282466769 0.322483206167817 0.334184469655156 0.340184390544891 0.346206719676654 0.358633378520608 0.376362317552169 0.381130850563447 0.428293881937862 0.449463663622737 0.448804926748077 0.444309581071138 0.451236591363947 0.459468446051081 0.472175555303693 0.477474745362997 0.476841855794191 0.474617928266525 0.474299971014261
0.229141669658323 0.233115452341735 0.250424430188206 0.269354664617114 0.290686912213763 0.323663256027632 0.325023821037677 0.321155462414026 0.333506796509028 0.343282610177994 0.343282610177994 0.341956708994176 0.328697697156006 0.339304906626542 0.327371795972188 0.30022468459275 0.279018978277842 0.279837706333232 0.261341924572156 0.23274332874765 0.257709145338999 0.290764428468214 0.298948888046046 0.282614132906827 0.245590011382268 0.260506190359593 0.310321557232075 0.340279072109196 0.335632804160317 0.326170349700583 0.320874373532004 0.326544655486942 0.336093635815713 0.343425068176455 0.352911125868559 0.373421722195215 0.377395499704613 0.407331648593148 0.43220445782774 0.444136345345113 0.448637058958411 0.457503233725826 0.461486283068856 0.473911676555872 0.483857275711165 0.484335137324201 0.479067573944728 0.479290357273486
0.229141669658323 0.233115452341735 0.255619858702024 0.277198081215223 0.295908260469635 0.325013667552007 0.321679559639759 0.317341733723879 0.331917742888133 0.343282610177994 0.343282610177994 0.341956708994176 0.328697697156006 0.330781256159147 0.327598886564374 0.324513989190261 0.323911970481277 0.319542176814543 0.293904801416729 0.240705508117875 0.237839656571547 0.264803888276219 0.289177130286892 0.28698529385858 0.245987389650609 0.236405266448855 0.286265026364061 0.325499476451013 0.326955016702414 0.321598559617996 0.321598559617996 0.321598559617996 0.333171668152014 0.342628927073545 0.351478071883321 0.373262495009436 0.375644000661042 0.392337805281083 0.416061454556054 0.437413085252047 0.450936177745461 0.456543900072575 0.456543900072575 0.469526618719101 0.48587239595751 0.489368937909603 0.481451312700907 0.479979207946194
0.221702489691476 0.233308522962034 0.256654336117208 0.277198081215223 0.293573223054409 0.316006928682327 0.316006928682327 0.316006928682327 0.331917742888133 0.342329181109865 0.341566437855363 0.343282610177994 0.343282610177994 0.322825849056244 0.324939342215657 0.334081710626681 0.335931960493326 0.328091525783142 0.310186749945085 0.256433174945415 0.251847245730461 0.24775793713828 0.231396101415158 0.237913654806713 0.240140201834341 0.241936729289592 0.270592030137777 0.298429972802599 0.310797689482569 0.316146673634648 0.32387830875814 0.324651472270489 0.334443715090553 0.343581529334187 0.353621426969766 0.375167699530721 0.379454409703612 0.386219078674912 0.408136614287893 0.43344322219491 0.448351657018065 0.446550480400522 0.449997112775842 0.462368365377188 0.479106992483139 0.485718935728073 0.480815649032593 0.477764850482345
0.221081803242365 0.238894701004028 0.259757768362761 0.277198081215223 0.293573223054409 0.316006928682327 0.316006928682327 0.316006928682327 0.330591841704316 0.337513730136885 0.334717004870375 0.341009636720022 0.341009636720022 0.322257605691751 0.315561798090736 0.325901169536842 0.343493280311426 0.349949235303534 0.33435298047132 0.297880059108138 0.305598363487257 0.288967901840806 0.241212960643073 0.226709561836388 0.235162330377433 0.278706425490479 0.290571580537491 0.281704434504111 0.276664624921977 0.295045992462999 0.32866735311432 0.333365029965838 0.338259855906169 0.341903279845913 0.351507609089215 0.37849348059131 0.379756753436393 0.380201600492001 0.412966001157959 0.441615652499928 0.446550480400523 0.440264875897103 0.452902527939942 0.462561311200261 0.468177930141489 0.474768806869785 0.481177754700184 0.481266766165694
0.221081803242365 0.238894701004028 0.259757768362761 0.277198081215223 0.293573223054409 0.316006928682327 0.316006928682327 0.316006928682327 0.317332829866144 0.317962092450923 0.317707844699422 0.318279902140299 0.318279902140299 0.31657517204682 0.311110492174824 0.314360656879014 0.326479184130827 0.33435298047132 0.332935139122937 0.30744025297463 0.318562524807122 0.315127455318968 0.276432566034297 0.23388696482612 0.237805537672507 0.250201525477072 0.291139043660627 0.295763046791156 0.259360083378852 0.247595760246945 0.308165322471824 0.328913227344553 0.338259855906169 0.346554335827629 0.356089691321055 0.364597479295399 0.37849348059131 0.383386798202991 0.407137939706445 0.434018036764529 0.449997112775842 0.452902527939942 0.454051405398382 0.454929476603866 0.468387372170885 0.474767583732804 0.470496378839016 0.471475504959623
0.221081803242365 0.238894701004028 0.259757768362761 0.277198081215223 0.293573223054409 0.316006928682327 0.316006928682327 0.316006928682327 0.316006928682327 0.316006928682327 0.316006928682327 0.316006928682327 0.316006928682327 0.316006928682327 0.314671536907554 0.317212780937552 0.324777774512768 0.332793354988098 0.332793354988098 0.308396272361279 0.309633484731118 0.307517954458793 0.285236944444478 0.256806430406869 0.27099212165922 0.254988742992282 0.28809128391246 0.311394145091375 0.28537987265736 0.229943679956098 0.267434389951328 0.285243270918726 0.322977079699436 0.35216349363327 0.360405938699841 0.363207879165808 0.378367153306802 0.383705317974091 0.399396166826288 0.412516834835211 0.425893323495983 0.454166293144226 0.454166293144226 0.454166293144226 0.474534749984741 0.480893895030022 0.469428241252899 0.470458459109068
0.228486223767201 0.240603413432836 0.254599209874869 0.272039522727331 0.293573223054409 0.316006928682327 0.316006928682327 0.316006928682327 0.316006928682327 0.316006928682327 0.316006928682327 0.316006928682327 0.316006928682327 0.316006928682327 0.318082277973493 0.317169032370051 0.318559693172574 0.332793354988098 0.332793354988098 0.32262790389359 0.325200518179271 0.320750709623098 0.305147842814525 0.294537262370189 0.290792563309272 0.259203636397918 0.28702495040165 0.318886036881142 0.315832993015647 0.285173227389653 0.261548529068629 0.295554226264358 0.329038050853543 0.351544302163853 0.361691951751709 0.363455616765552 0.381092266903983 0.384448530773322 0.397009844581286 0.405603021383285 0.414717008670171 0.441254754861196 0.433212598164876 0.448726815481981 0.478666664411624 0.481316308180491 0.465242942795157 0.480413034558296
0.233652141255637 0.24179554823786 0.248132877362271 0.265573190214733 0.29238108980159 0.31123839567105 0.31123839567105 0.314814795429508 0.312180457429753 0.312180457429753 0.316006928682327 0.316006928682327 0.316006928682327 0.312430528923869 0.313751310317053 0.31394721298582 0.315787623946865 0.328422188344929 0.332395976202355 0.332793354988098 0.338754460215569 0.328657178829114 0.304473754639427 0.291710778036051 0.286664762637681 0.250215716970463 0.274246714698771 0.307776516510381 0.32248187251389 0.328900930161278 0.279808129494389 0.317765897139907 0.337341517003046 0.33583391064571 0.330710997184117 0.340878554930289 0.37432395045956 0.377668490012487 0.391175498771998 0.402814886843165 0.408545062566797 0.417329172086384 0.416909031776918 0.43477899953723 0.46284693872763 0.467800265798966 0.460216908405224 0.48354828543961
0.235480194290479 0.244418270885944 0.245430705137551 0.256231510701278 0.280906832776963 0.304562449455261 0.304562449455261 0.308048114180565 0.303991345067819 0.305183481425047 0.311355847865343 0.309776412943999 0.315440518160661 0.304471714422107 0.303972686951359 0.310815806190173 0.316568545997143 0.315839078277349 0.322991896420716 0.329486025497317 0.335883136838674 0.323892284184695 0.294373348355294 0.270291070143383 0.277295683821043 0.239664327353239 0.255057737852136 0.285114050532381 0.307719206437468 0.33105193451047 0.303469177335501 0.32346436008811 0.33832956229647 0.318636945138375 0.289752099663019 0.312710947667559 0.363333389783899 0.362210404127836 0.37412518945833 0.390555917595823 0.398415708914399 0.396287573501467 0.410007202997803 0.41931957192719 0.434448758140206 0.446336743111411 0.45736575871706 0.478237455089887
0.219399956468906 0.246087363921106 0.248901156501638 0.240048344557484 0.250447756610811 0.303250513970852 0.303250513970852 0.292427046224475 0.294938856942786 0.299310023585955 0.296687323600054 0.290832472137279 0.310964957086576 0.296337479104598 0.299911614921358 0.310879735690024 0.311947707086801 0.296448647975922 0.296448647975922 0.318276444450021 0.326553837499685 0.325546187866065 0.319764771188299 0.308474084983269 0.296644611905018 0.255165392222503 0.252946796827018 0.271481443196535 0.296555408587058 0.326468282896612 0.315428349913822 0.320654654875398 0.339739194139838 0.327018040749761 0.299802947168548 0.326595147036843 0.367448315438297 0.348854456096887 0.346848677843809 0.362108555518919 0.382167730480433 0.3948225894322 0.393892378235857 0.413552656769753 0.421204172281755 0.433854358891646 0.457175072903434 0.478339375100202
