Map_Files/Diversity_Metrics/pe.asc
NCOLS 312 
NROWS 528 
XLLCORNER 7 
YLLCORNER -10 
CELLSIZE 0.0416666666666667 
NODATA_value -9999 
[rows 320 to 339 of 528, columns 90 to 134 of 312]
4.47568882514637e-05 4.66691139990872e-05 4.86808739310619e-05 5.15884415221989e-05 5.4496009113336e-05 5.55182490289654e-05 5.5732491369377e-05 5.6048895752762e-05 5.66036782364183e-05 5.71584607200747e-05 5.72022241082474e-05 5.71892075969218e-05 5.73935845409323e-05 5.78153549402789e-05 5.82742198515814e-05 5.90669353704874e-05 5.98596508893934e-05 6.03886917866071e-05 6.08047292745242e-05 6.14455079623136e-05 6.26106827831386e-05 6.37758576039636e-05 6.39921848536081e-05 6.41030845953436e-05 6.42958955773388e-05 6.45706177995938e-05 6.482709919611e-05 6.49194131609773e-05 6.50117271258447e-05 6.50394213153049e-05 6.50394213153049e-05 6.46172275082792e-05 6.32099148181928e-05 6.18026021281065e-05 6.16177683809838e-05 6.15687656275239e-05 6.20918385784029e-05 6.3186987233621e-05 6.41634804247184e-05 6.40720744387283e-05 6.39806684527382e-05 6.40206758993777e-05 6.41170033885727e-05 6.42124714431702e-05 6.43059341503734e-05
4.24937915744928e-05 4.18402973991764e-05 4.18279929779903e-05 4.75863963439827e-05 5.33447997099753e-05 5.51180200747897e-05 5.518330486767e-05 5.54891618283666e-05 5.63563538473014e-05 5.72235458662361e-05 5.71814016060065e-05 5.70382199814251e-05 5.71916560640299e-05 5.7641709853821e-05 5.80832016478578e-05 5.84476354801053e-05 5.88120693123529e-05 5.9443938754258e-05 6.01904234574451e-05 6.08255643517926e-05 6.12009030255144e-05 6.15762416992362e-05 6.27116830097899e-05 6.39315801688805e-05 6.46191676373241e-05 6.47744454151204e-05 6.49194131609773e-05 6.49715906193806e-05 6.50237680777839e-05 6.50394213153049e-05 6.50394213153049e-05 6.46172275082792e-05 6.32099148181928e-05 6.18026021281065e-05 6.11767435998446e-05 6.06377133117855e-05 6.10107632168263e-05 6.22958933149675e-05 6.34482914342193e-05 6.3406101743466e-05 6.33639120527126e-05 6.34186835036922e-05 6.35150097297002e-05 6.36104769000667e-05 6.37039396072699e-05
4.02306948975218e-05 3.70114807992654e-05 3.49751120249184e-05 4.35843511657663e-05 5.21935903066145e-05 5.47177911206139e-05 5.46341183659631e-05 5.49294279039713e-05 5.61090294581844e-05 5.72886310123975e-05 5.71605791037655e-05 5.68872323659283e-05 5.69897275871274e-05 5.74680647673631e-05 5.78921834441341e-05 5.78283355897232e-05 5.77644877353123e-05 5.84991857219089e-05 5.95761176403659e-05 6.02056207412716e-05 5.97911232678902e-05 5.93766257945088e-05 6.14311811659716e-05 6.37600757424174e-05 6.49424396973094e-05 6.4978273030647e-05 6.50117271258447e-05 6.50237680777839e-05 6.50358090297232e-05 6.50394213153049e-05 6.50394213153049e-05 6.46172275082792e-05 6.32099148181928e-05 6.18026021281065e-05 6.07357188187053e-05 5.9706660996047e-05 5.99296878552497e-05 6.14047993963139e-05 6.27331024437202e-05 6.27401290482036e-05 6.27471556526871e-05 6.28166911080067e-05 6.29130160708276e-05 6.30084823569632e-05 6.31019450641664e-05
3.75057910496762e-05 3.46073118369838e-05 3.28041065876675e-05 4.08583670087453e-05 4.89126274298235e-05 5.17684273215007e-05 5.23963155577197e-05 5.33223869562485e-05 5.49442190668337e-05 5.65660511774188e-05 5.64600545847801e-05 5.61620770251163e-05 5.63256397943708e-05 5.69507428925438e-05 5.75284043722806e-05 5.76790912860916e-05 5.78297781999026e-05 5.83566642704782e-05 5.90447785510958e-05 5.93185250939618e-05 5.86254135820734e-05 5.79323020701851e-05 6.05541523176117e-05 6.3544331649407e-05 6.49306750549133e-05 6.471318253413e-05 6.45391885175033e-05 6.47566810382866e-05 6.49741735590699e-05 6.5127290352191e-05 6.52528175477427e-05 6.47779288366718e-05 6.29020696768144e-05 6.10262105169571e-05 6.01198879432257e-05 5.93212916568418e-05 5.95830303685335e-05 6.09051040783014e-05 6.21175172076012e-05 6.23429851126881e-05 6.2568453017775e-05 6.26838543288007e-05 6.27520842423716e-05 6.28278839940321e-05 6.29213467012353e-05
3.45829698428844e-05 3.32422775765434e-05 3.26396192286256e-05 3.86792661465223e-05 4.47189130644193e-05 4.77265771602713e-05 4.9434820046675e-05 5.12665001413854e-05 5.33862003888113e-05 5.55059006362371e-05 5.54682292014756e-05 5.51908498020264e-05 5.5463483723391e-05 5.62861309655697e-05 5.70905849283715e-05 5.77312993767817e-05 5.83720138251919e-05 5.85579563537269e-05 5.85489966308867e-05 5.83169357165996e-05 5.75643053556027e-05 5.68116749946059e-05 5.98500404673053e-05 6.33096276993048e-05 6.47753232543539e-05 6.42471271324515e-05 6.38245702349296e-05 6.43527663568319e-05 6.48809624787342e-05 6.52528175477426e-05 6.5557669308368e-05 6.50075021629469e-05 6.24622909034166e-05 5.99170796438864e-05 5.94291401701715e-05 5.91697864504366e-05 5.95511233996148e-05 6.05731510177065e-05 6.15446192947881e-05 6.20610535027784e-05 6.25774877107687e-05 6.27520842423716e-05 6.27801789126655e-05 6.28278839940321e-05 6.29213467012353e-05
3.23667821267767e-05 3.1948444217278e-05 3.19794219384066e-05 3.60542403351849e-05 4.01290587319634e-05 4.34474355586188e-05 4.64416231409356e-05 4.92917606607077e-05 5.18057813678749e-05 5.43198020750421e-05 5.43276078133204e-05 5.40569452217218e-05 5.4497473096641e-05 5.56491914380785e-05 5.67528373001853e-05 5.74238308483169e-05 5.80948243964485e-05 5.80977018292591e-05 5.78142437840749e-05 5.74269539015405e-05 5.67973897318553e-05 5.61678255621701e-05 5.94122393522408e-05 6.30870951378404e-05 6.45516788987759e-05 6.38059906350464e-05 6.32049063445568e-05 6.39052578132274e-05 6.4605609281898e-05 6.49931357088462e-05 6.52465942607705e-05 6.46472660719158e-05 6.20581021545758e-05 5.94689382372359e-05 5.90962979458709e-05 5.89699380573924e-05 5.93292653926861e-05 6.01742799517523e-05 6.10125035602019e-05 6.17896086131015e-05 6.25667136660012e-05 6.27998451818712e-05 6.27998451818712e-05 6.28278839940321e-05 6.29213467012353e-05
3.17994058889327e-05 3.08207462940877e-05 3.01625681421075e-05 3.2388722975914e-05 3.46148778097207e-05 3.8614613929313e-05 4.33744563142424e-05 4.75063649597964e-05 5.01730948801396e-05 5.28398248004828e-05 5.28397957471801e-05 5.25434601412498e-05 5.32891351730943e-05 5.50768208427142e-05 5.66485905753528e-05 5.62771168751574e-05 5.59056431749621e-05 5.60938385534529e-05 5.65218921085236e-05 5.67973897318552e-05 5.67169235144623e-05 5.66364572970694e-05 5.95958299527407e-05 6.28929624831973e-05 6.41686852481549e-05 6.34229982476125e-05 6.28068027026529e-05 6.33560302579401e-05 6.39052578132274e-05 6.38346327895711e-05 6.34983566606531e-05 6.29108080071699e-05 6.17369567963681e-05 6.05631055855662e-05 5.95985686686618e-05 5.86572888955239e-05 5.86641882970676e-05 5.96192668732934e-05 6.05755462414788e-05 6.15426327373016e-05 6.25097192331243e-05 6.27998451818712e-05 6.27998451818712e-05 6.28278839940321e-05 6.29213467012354e-05
3.12320296510887e-05 2.96930483708973e-05 2.83457143458085e-05 2.87232056166432e-05 2.9100696887478e-05 3.37817923000073e-05 4.03072894875492e-05 4.5720969258885e-05 4.85404083924042e-05 5.13598475259234e-05 5.13519836810399e-05 5.10299750607778e-05 5.20807972495476e-05 5.45044502473499e-05 5.65443438505202e-05 5.51304029019979e-05 5.37164619534756e-05 5.40899752776466e-05 5.52295404329722e-05 5.616782556217e-05 5.66364572970693e-05 5.71050890319687e-05 5.97794205532407e-05 6.26988298285543e-05 6.37856915975338e-05 6.30400058601785e-05 6.24086990607489e-05 6.28068027026529e-05 6.32049063445569e-05 6.26761298702959e-05 6.17501190605356e-05 6.11743499424241e-05 6.14158114381603e-05 6.16572729338966e-05 6.01008393914528e-05 5.83446397336554e-05 5.79991112014491e-05 5.90642537948345e-05 6.01385889227558e-05 6.12956568615016e-05 6.24527248002474e-05 6.27998451818712e-05 6.27998451818712e-05 6.28278839940321e-05 6.29213467012353e-05
3.09019442473377e-05 2.95420414317961e-05 2.82470562827561e-05 2.75363301322311e-05 2.68256039817061e-05 2.94627883950697e-05 3.35347916215289e-05 3.80166185038883e-05 4.34547005833483e-05 4.88927826628084e-05 4.90299386228799e-05 4.85781027919075e-05 4.95790187642339e-05 5.20326865398599e-05 5.41461008083389e-05 5.31972335124921e-05 5.22483662166452e-05 5.28504678338018e-05 5.41172704136745e-05 5.50484568861975e-05 5.51965391082376e-05 5.53446213302777e-05 5.78923954321906e-05 6.07068019652006e-05 6.19655569380484e-05 6.16686603507333e-05 6.142539037531e-05 6.16647599069135e-05 6.1904129438517e-05 6.16579845503415e-05 6.12037620536892e-05 6.10007041359494e-05 6.13836969023395e-05 6.17666896687296e-05 6.01510664637319e-05 5.83133748174686e-05 5.7725771891152e-05 5.83882576847827e-05 5.90579990292401e-05 5.97930403311389e-05 6.05280816330377e-05 6.10626922252777e-05 6.15114039419495e-05 6.18430264012204e-05 6.19014405932224e-05
3.05982244918193e-05 2.94995557131492e-05 2.83393088567312e-05 2.66248593005813e-05 2.49104097444313e-05 2.52008753483955e-05 2.63505903066945e-05 2.96546060762156e-05 3.79853237385903e-05 4.6316041400965e-05 4.66152010100511e-05 4.60219652798818e-05 4.69335246609462e-05 4.93498791532448e-05 5.14929692864523e-05 5.11766801878367e-05 5.0860391089221e-05 5.16958888157305e-05 5.30250094672938e-05 5.38746654873043e-05 5.36055707003572e-05 5.33364759134101e-05 5.5775301897635e-05 5.85150079675459e-05 5.99857399442448e-05 6.01874978277313e-05 6.0377058907256e-05 6.04568487511238e-05 6.05366385949916e-05 6.06554345192005e-05 6.0790947334984e-05 6.10007041359494e-05 6.13836969023395e-05 6.17666896687296e-05 6.01510664637319e-05 5.83133748174686e-05 5.74959590014461e-05 5.7698819015665e-05 5.79058944051919e-05 5.81509081724915e-05 5.83959219397912e-05 5.91325222735071e-05 6.00798025642587e-05 6.07487401869851e-05 6.07682115843191e-05
3.18318070671669e-05 3.06459769584914e-05 2.93166127518262e-05 2.66954416632519e-05 2.40742705746775e-05 2.29952401045669e-05 2.25771270423694e-05 2.49964761470277e-05 3.40365703076856e-05 4.30766644683435e-05 4.256573037272e-05 4.09935709152861e-05 4.23399432918356e-05 4.66048475023699e-05 5.04338907489909e-05 5.03401853203892e-05 5.02464798917875e-05 5.09834090457337e-05 5.20763244493435e-05 5.28770803498446e-05 5.29961307430919e-05 5.31151811363391e-05 5.51211403490013e-05 5.73367560971542e-05 5.85684708135482e-05 5.88162844981829e-05 5.90732158293071e-05 5.94122059788383e-05 5.97511961283696e-05 6.00913956847964e-05 6.04321135584642e-05 6.07884756315495e-05 6.11813408366086e-05 6.15742060416677e-05 5.99595700805368e-05 5.81218784342735e-05 5.71923637645947e-05 5.71710260715008e-05 5.71742419184476e-05 5.73984396257603e-05 5.76226373330731e-05 5.8422475938692e-05 5.94690177864422e-05 6.01776600319681e-05 6.00978698723035e-05
3.46026919733808e-05 3.2981305167823e-05 3.11789679680414e-05 2.77480772202431e-05 2.43171864724448e-05 2.2845882663584e-05 2.22144018285539e-05 2.40422287163248e-05 3.16084402906343e-05 3.91746518649437e-05 3.68815267108862e-05 3.34929196981198e-05 3.57982746569018e-05 4.37975915872349e-05 5.0968865195955e-05 5.06877489101498e-05 5.04066326243447e-05 5.07130285238114e-05 5.12712153598234e-05 5.20557014738187e-05 5.33682192364417e-05 5.46807369990648e-05 5.59299107862897e-05 5.71720463540258e-05 5.77137495459586e-05 5.75550203620879e-05 5.75138611414634e-05 5.8530831590057e-05 5.95478020386508e-05 5.99658680471293e-05 6.01272607241299e-05 6.03640186227494e-05 6.07766287051466e-05 -9999 5.95765773141467e-05 5.77388856678834e-05 5.68149861805978e-05 5.68048788522901e-05 5.6863041569007e-05 5.75356346909453e-05 5.82082278128836e-05 5.89325532208325e-05 5.96790496085001e-05 6.01297859361694e-05 5.98904154571756e-05
3.70654751880771e-05 3.51147178131822e-05 3.29410429521384e-05 2.87611107157524e-05 2.45811784793662e-05 2.2723360050097e-05 2.18607332524497e-05 2.30638851045715e-05 2.90871871394903e-05 3.51104891744091e-05 3.14077962381519e-05 2.6624437193985e-05 2.96762291864311e-05 4.05631722154938e-05 5.03410004518583e-05 5.01367955539287e-05 4.99325906559992e-05 5.00177850679192e-05 5.02270077554892e-05 5.10892446262307e-05 5.34751812577066e-05 5.58611178891824e-05 5.64815152680846e-05 5.69057416189228e-05 5.68985795060448e-05 5.64600289294504e-05 5.62231484006282e-05 5.78012983017589e-05 5.93794482028896e-05 5.98528931732289e-05 5.98528931732289e-05 5.99766275589293e-05 6.03890755112641e-05 6.08015234635988e-05 5.92738984816304e-05 5.75307098402948e-05 5.66282477747234e-05 5.65665122849168e-05 5.66140812894545e-05 5.76453907430933e-05 5.86767001967321e-05 5.93294444241918e-05 5.98199464118604e-05 6.00531873828914e-05 5.96861526484342e-05
3.67553431791143e-05 3.54308903827891e-05 3.38005958471718e-05 2.94177256579238e-05 2.50348554686755e-05 2.28423508840732e-05 2.1588574415748e-05 2.18686758633639e-05 2.57278257815109e-05 2.95869756996579e-05 2.78283244673128e-05 2.54454731071345e-05 2.73307921961273e-05 3.34842817342934e-05 3.9247582988209e-05 4.1499189683868e-05 4.37507963795271e-05 4.54987752062962e-05 4.70309135178266e-05 4.8817086034584e-05 5.11960050302048e-05 5.35749240258255e-05 5.4718626150437e-05 5.57250819560472e-05 5.64393705152118e-05 5.68614918279308e-05 5.73502131828716e-05 5.84383349178095e-05 5.95264566527475e-05 5.9852893173229e-05 5.98528931732289e-05 5.99228299999292e-05 6.01559527555966e-05 6.03890755112641e-05 5.96940450539781e-05 5.88958864619195e-05 5.81572619719534e-05 5.747817158408e-05 5.69252816388951e-05 5.75081956779083e-05 5.80911097169216e-05 5.87076609185209e-05 5.93386280469429e-05 5.97180687123001e-05 5.95106142971721e-05
3.64452111701516e-05 3.5747062952396e-05 3.46601487422053e-05 3.00743406000952e-05 2.54885324579849e-05 2.29613417180494e-05 2.13164155790463e-05 2.06734666221563e-05 2.23684644235314e-05 2.40634622249065e-05 2.42488526964736e-05 2.42665090202839e-05 2.49853552058235e-05 2.64053912530926e-05 2.81541655245592e-05 3.28615838138069e-05 3.75690021030548e-05 4.09797653446729e-05 4.38348192801638e-05 4.65449274429373e-05 4.89168288027029e-05 5.12887301624685e-05 5.29557370327892e-05 5.45444222931715e-05 5.59801615243788e-05 5.72629547264113e-05 5.8477277965115e-05 5.90753715338602e-05 5.96734651026054e-05 5.9852893173229e-05 5.98528931732289e-05 5.9869032440929e-05 5.99228299999292e-05 5.99766275589294e-05 6.01141916263259e-05 6.02610630835442e-05 5.96862761691835e-05 5.83898308832432e-05 5.72364819883356e-05 5.73710006127233e-05 5.7505519237111e-05 5.808587741285e-05 5.88573096820254e-05 5.93829500417087e-05 5.93350759459099e-05
3.64145466783663e-05 3.59772764682021e-05 3.51473371248786e-05 3.07833755831178e-05 2.64194140413568e-05 2.38965809621228e-05 2.21628029382577e-05 2.11462493098223e-05 2.18032192707242e-05 2.2460189231626e-05 2.32597194743296e-05 2.40750897483444e-05 2.44827748853519e-05 2.44827748853519e-05 2.49279935676182e-05 2.93801803902872e-05 3.38323672129564e-05 3.7973226217976e-05 4.19806590154314e-05 4.56036828306118e-05 4.8329752353816e-05 5.10558218770203e-05 5.27322310593565e-05 5.42920113149293e-05 5.58423988271289e-05 5.73833935959554e-05 5.8815397399788e-05 5.92664825186754e-05 5.97175676375627e-05 5.99310875297003e-05 6.00427937532307e-05 6.0120988109702e-05 6.0120988109702e-05 6.0120988109702e-05 6.04077949333259e-05 6.07264691817969e-05 6.03317098908622e-05 5.92235170605213e-05 5.82074439737173e-05 5.80204485787463e-05 5.78334531837754e-05 5.79555342660064e-05 5.82100766956096e-05 5.84512659429493e-05 5.86612977650071e-05
3.6503653979657e-05 3.61706503895221e-05 3.54749407165403e-05 3.15148762979337e-05 2.7554811879327e-05 2.51816409533806e-05 2.34885672385747e-05 2.23338856812915e-05 2.24354524915624e-05 2.25370193018332e-05 2.33807313444837e-05 2.43069039685097e-05 2.47699902805228e-05 2.47699902805228e-05 2.50734982564099e-05 2.81085780152855e-05 3.11436577741611e-05 3.56148888348188e-05 4.07016133105263e-05 4.52328299237097e-05 4.84678615243356e-05 5.17028931249616e-05 5.31684607191587e-05 5.44374212015301e-05 5.58423988271289e-05 5.73833935959554e-05 5.8815397399788e-05 5.92664825186754e-05 5.97175676375627e-05 6.00427937532307e-05 6.03140802960903e-05 6.05039808760921e-05 6.05039808760921e-05 6.05039808760921e-05 6.06471654123197e-05 6.08062593414615e-05 6.0598466265876e-05 6.00237861855628e-05 5.94611609459308e-05 5.900702927243e-05 5.85528975989291e-05 5.8035808415803e-05 5.74917374428374e-05 5.72639109464035e-05 5.77739882285439e-05
3.65742029657668e-05 3.59624285124483e-05 3.50779639196241e-05 3.1739288071246e-05 2.84006122228677e-05 2.62519842048431e-05 2.46133766855415e-05 2.33870903798561e-05 2.31228869059426e-05 2.28586834320292e-05 2.36227038215019e-05 2.45009713069066e-05 2.4940105049609e-05 2.4940105049609e-05 2.51377118255881e-05 2.7113779585382e-05 2.9089847345176e-05 3.34268174716115e-05 3.87756028980366e-05 4.3731620337439e-05 4.77711791404541e-05 5.18107379434691e-05 5.33450451030147e-05 5.46009909688411e-05 5.58911956053027e-05 5.72156590123994e-05 5.84756285585778e-05 5.915515335649e-05 5.98346781544023e-05 6.02731186631899e-05 6.06082373337812e-05 6.08120693641467e-05 6.07095659006518e-05 6.06070624371569e-05 6.06772164246649e-05 6.07665545733956e-05 6.06992524391596e-05 6.04753100219569e-05 6.02242112677232e-05 5.9728705480211e-05 5.92331996926987e-05 5.82481009701042e-05 5.7053176703903e-05 5.64327624488214e-05 5.71528715530196e-05
3.66014492164547e-05 3.48171497724557e-05 3.29902995493591e-05 3.07804923143827e-05 2.85706850794063e-05 2.68213217301158e-05 2.52692914746908e-05 2.41266211749765e-05 2.39391241052545e-05 2.37516270355324e-05 2.41469177145366e-05 2.46069625878438e-05 2.48369850244975e-05 2.48369850244975e-05 2.50122461156679e-05 2.67648570273749e-05 2.85174679390819e-05 3.16360334882875e-05 3.53400081678497e-05 3.95929118326417e-05 4.51266497963029e-05 5.06603877599641e-05 5.29157905096628e-05 5.48069337911428e-05 5.60538515325485e-05 5.66565437338795e-05 5.73430657545434e-05 5.87840561492055e-05 6.02250465438676e-05 6.07802205081498e-05 6.09557588594119e-05 6.0945381202752e-05 6.05011995276073e-05 6.00570178524626e-05 6.02188553481634e-05 6.04480283072917e-05 6.04127748084062e-05 6.01130948515068e-05 5.98423727385327e-05 5.98322712208857e-05 5.98221697032386e-05 5.87684364682497e-05 5.72674324972571e-05 5.64327624488214e-05 5.71528715530196e-05
3.66286954671425e-05 3.3671871032463e-05 3.0902635179094e-05 2.98216965575195e-05 2.87407579359449e-05 2.73906592553886e-05 2.59252062638402e-05 2.48661519700969e-05 2.47553613045663e-05 2.46445706390356e-05 2.46711316075713e-05 2.47129538687811e-05 2.47338649993859e-05 2.47338649993859e-05 2.48867804057477e-05 2.64159344693678e-05 2.79450885329878e-05 2.98452495049634e-05 3.19044134376629e-05 3.54542033278443e-05 4.24821204521517e-05 4.95100375764592e-05 5.24865359163109e-05 5.50128766134445e-05 5.62165074597942e-05 5.60974284553595e-05 5.62105029505091e-05 5.84129589419209e-05 6.06154149333328e-05 6.12873223531096e-05 6.13032803850425e-05 6.10786930413573e-05 6.02928331545628e-05 5.95069732677683e-05 5.97604942716619e-05 6.01295020411877e-05 6.01262971776528e-05 5.97508796810568e-05 5.94605342093422e-05 5.99358369615603e-05 6.04111397137785e-05 5.92887719663952e-05 5.74816882906111e-05 5.64327624488214e-05 5.71528715530196e-05
