Map_Files/Diversity_Metrics/pe.asc
NCOLS 312 
NROWS 528 
XLLCORNER 7 
YLLCORNER -10 
CELLSIZE 0.0416666666666667 
NODATA_value -9999 
[rows 140 to 159 of 528, columns 45 to 89 of 312]
3.13907962916144e-05 3.24250984249374e-05 3.4442545240962e-05 3.68813397781446e-05 3.82424361381104e-05 3.70889034179023e-05 3.59353706976943e-05 3.58589621024901e-05 3.59022339656198e-05 3.6333244957455e-05 3.71519950779959e-05 3.89431110332013e-05 4.94855195003957e-05 6.00279279675906e-05 7.18912383995798e-05 8.43206496736242e-05 9.39297979509015e-05 9.69583325690512e-05 9.99868671872008e-05 9.71568196064257e-05 9.36758184479916e-05 0.000163160191366119 0.000305609938360844 0.00043381408689432 0.000433807849276491 0.000433801611658661 0.000434655257878249 0.000435877425742445 0.000436147223505638 0.000434194824366488 0.000432242425227337 0.00032228699308235 0.000200331223936703 0.000307095905062198 0.000642581036458946 0.000943971524066 0.000938510217565637 0.000933048911065273 0.000865972198021671 0.000772488882173814 0.000662937002137689 0.000515891805662267 0.000368846609186845 0.000352467447858846 0.000350606734880582
3.07632073044159e-05 3.14814044486411e-05 3.37069230309021e-05 3.65784365151787e-05 3.78974121228265e-05 3.5593799351672e-05 3.32901865805174e-05 3.34882167483859e-05 3.39642072428129e-05 3.5647743389846e-05 3.85388251894859e-05 4.18634430666814e-05 4.90898856418822e-05 5.63163282170834e-05 6.61597139494704e-05 7.71246467492234e-05 8.65768883689569e-05 9.24995172353085e-05 9.84221461016602e-05 9.72436388337884e-05 9.52761164398909e-05 0.00016514386537537 0.000306846885640262 0.00043437274249906 0.000434304128702934 0.000434235514906807 0.000434698484140325 0.000435389274672262 0.000435590900754808 0.000434651143122109 0.000433711385489409 0.000494842997909464 0.000562871429224275 0.000677546546626194 0.000838868350115247 0.000978050536105007 0.000917976164600993 0.000857901793096977 0.000768454863898832 0.000666419695688914 0.000569937151946467 0.000486410731961475 0.000402884311976484 0.000393585133375987 0.000392533426040447
3.01356183172174e-05 3.05377104723447e-05 3.29713008208422e-05 3.62755332522128e-05 3.75523881075427e-05 3.40986952854417e-05 3.06450024633406e-05 3.11174713942818e-05 3.20261805200061e-05 3.49622418222371e-05 3.9925655300976e-05 4.47837751001616e-05 4.86942517833688e-05 5.26047284665762e-05 6.04281894993611e-05 6.99286438248226e-05 7.92239787870122e-05 8.80407019015659e-05 9.68574250161196e-05 9.73304580611512e-05 9.68764144317902e-05 0.000167127539384621 0.000308083832919681 0.000434931398103799 0.000434800408129377 0.000434669418154954 0.000434741710402401 0.000434901123602079 0.000435034578003979 0.00043510746187773 0.000435180345751481 0.000667399002736577 0.000925411634511847 0.00104799718819019 0.00103515566377155 0.00101212954814401 0.000897442111636349 0.00078275467512868 0.000670937529775994 0.000560350509204014 0.000476937301755245 0.000456929658260684 0.000436922014766123 0.000434702818893129 0.000434460117200312
3.23486743872713e-05 3.13679620186728e-05 3.41948293585873e-05 3.86535165735792e-05 4.08764993835577e-05 3.78828385818352e-05 3.48891777801127e-05 3.4281889251512e-05 3.3939753197703e-05 3.58692334493243e-05 4.00703300063769e-05 4.44192104712071e-05 5.00981461060387e-05 5.57770817408704e-05 6.2995656460568e-05 7.08740765023513e-05 7.84656565429024e-05 8.53879432472435e-05 9.23102299515846e-05 9.51575811238095e-05 9.7552161681354e-05 0.000169187887978381 0.000310064760014927 0.000436843340897515 0.000436737301394411 0.000436631261891307 0.000445069054169126 0.000457168488638771 0.000482802925944263 0.000540019036533411 0.00059723514712256 0.000824040268677562 0.00106968861367323 0.0011726322445611 0.00113287116134113 0.00107816042842995 0.000888902848297846 0.000699645268165735 0.000586620675221648 0.000506267362501007 0.000449795511788883 0.000449047072429999 0.000448298633071115 0.000448000851520192 0.000447753143059041
3.57791497675762e-05 3.295847593184e-05 3.6257993931106e-05 4.2180451288231e-05 4.57730972129867e-05 4.39295164622107e-05 4.20859357114347e-05 3.98185199136e-05 3.75040113327589e-05 3.74587221598527e-05 3.96826523948825e-05 4.26468329869236e-05 5.22732667920728e-05 6.18997005972225e-05 6.9119834026625e-05 7.53086958664215e-05 8.05335860150077e-05 8.35092088841012e-05 8.64848317531947e-05 9.20162629730229e-05 9.78316728984883e-05 0.00017128109710836 0.000312364535602671 0.000439335263915079 0.000439291600590271 0.000439247937265463 0.000459803876866415 0.000489188217721267 0.000551281847037883 0.000689697149431981 0.000828112451826078 0.000973860932238781 0.0011204242102091 0.0011919177644207 0.00118834159487354 0.001157884966536 0.000885504209084833 0.000613123451633652 0.000507961169053795 0.000474463947133098 0.000450878604776032 0.000450420981400789 0.000449963358025545 0.000449376175765792 0.000448774598074427
4.04016280981524e-05 3.69006521623306e-05 4.0560045287444e-05 4.72881680101021e-05 5.18584436122182e-05 5.1393742599733e-05 5.09290415872479e-05 4.69607981585798e-05 4.26032722392244e-05 4.10169781919949e-05 4.22019160168927e-05 4.44202707588666e-05 5.59393777545349e-05 6.74584847502038e-05 7.37716358116809e-05 7.78536629013611e-05 8.07980388799479e-05 8.10878955993152e-05 8.13777523186824e-05 9.01596280300501e-05 9.98850614071963e-05 0.000174877413125295 0.00031513668318438 0.000441240759755601 0.000439948094935971 0.000438655430116342 0.000498544332761706 0.000584653907177791 0.00069783401158927 0.000874178685990022 0.00105052336039077 0.0011290513066342 0.0011967107275268 0.00122924807328673 0.00122666334391397 0.0011922194024313 0.000871042551959093 0.000549865701486874 0.000453085146849238 0.000452474433283593 0.000451980245088635 0.000451757949425276 0.000451535653761918 0.000446942143753404 0.000441862943262096
4.78054466460282e-05 4.63300404665762e-05 5.00861658060272e-05 5.60843760821516e-05 6.07175366743221e-05 6.21655813372647e-05 6.36136260002073e-05 5.78495874303071e-05 5.12842062789791e-05 4.91690246412362e-05 5.15040425170805e-05 5.44672774620054e-05 6.30844660286624e-05 7.17016545953198e-05 7.49878941077338e-05 7.59894411683287e-05 7.68543796615026e-05 7.74005648306937e-05 7.79467499998848e-05 9.13005872386431e-05 0.000106077496929577 0.000181980978545132 0.00031901103208534 0.000441777925516363 0.000436176377964634 0.000430574830412904 0.000593297932785669 0.000828160170840385 0.00102655707754212 0.00113986821108683 0.00125317934463154 0.00129677100630942 0.00133261606000208 0.00130868288983443 0.00122497149580644 0.00112064359983482 0.000830767186370324 0.000540890772905813 0.000453703920559039 0.000453384022977035 0.000453125162493961 0.000453008721908393 0.000452892281322824 0.00043561961380571 0.000416440698851756
5.52092651939042e-05 5.5759428770822e-05 5.96122863246106e-05 6.48805841542013e-05 6.95766297364263e-05 7.29374200747967e-05 7.62982104131671e-05 6.87383767020347e-05 5.9965140318734e-05 5.73210710904777e-05 6.08061690172686e-05 6.45142841651445e-05 7.02295543027901e-05 7.59448244404358e-05 7.62041524037868e-05 7.41252194352963e-05 7.29107204430571e-05 7.37132340620721e-05 7.45157476810871e-05 9.24415464472362e-05 0.000112269932451957 0.000189084543964969 0.000322885380986301 0.000442315091277124 0.000432404660993296 0.000422494230709466 0.000688051532809634 0.00107166643450298 0.00135528014349498 0.00140555773618365 0.00145583532887232 0.00146449070598464 0.00146852139247736 0.00138811770638213 0.00122327964769891 0.00104906779723835 0.000790491820781554 0.000531915844324752 0.000454322694268841 0.000454293612670477 0.000454270079899288 0.000454259494391509 0.00045424890888373 0.000424297083858016 0.000391018454441416
6.15325782860053e-05 6.37640638956325e-05 6.69527698846647e-05 7.05517131791562e-05 7.38160533728657e-05 7.62996529980831e-05 7.87832526233005e-05 7.27542753224958e-05 6.57794561410211e-05 6.43490127269307e-05 6.84629450802273e-05 7.21899986425948e-05 7.24351430865984e-05 7.26802875306021e-05 7.26570155317556e-05 7.25187079145447e-05 7.4151260832877e-05 7.99158216674786e-05 8.56803825020802e-05 9.85185431545675e-05 0.000112142659342376 0.000178611941805671 0.00029792639054448 0.000429842916219037 0.000675178134315475 0.000920513352411925 0.00115782518044699 0.00139169841274146 0.00157006632980483 0.0016189218446622 0.00166777735951957 0.00155399050163397 0.00142213226899914 0.00128085186073199 0.00113014927683254 0.000974572659439843 0.000775129740607877 0.000575686821775903 0.000493092029955736 0.000460575006854928 0.000446591121999515 0.00047585122638338 0.000505111330767246 0.000479917689062861 0.000448673631126442
6.77358352163534e-05 7.16103931116167e-05 7.40504048937709e-05 7.58756111988782e-05 7.75421804064534e-05 7.88385963864532e-05 8.01350123664531e-05 7.60065194261495e-05 7.12752588280337e-05 7.12520538286292e-05 7.59369044279381e-05 7.96022362060794e-05 7.40918985937045e-05 6.85815609813294e-05 6.85806125299373e-05 7.09408308618244e-05 7.5967823401393e-05 8.72172890922215e-05 9.846675478305e-05 0.00010514398847287 0.000111313196384798 0.00016618643213758 0.00026976369573124 0.000415925258847743 0.000945345517670267 0.00147476577649281 0.0016692677222636 0.00172023324815502 0.001772192862821 0.00182647201796094 0.00188075117310088 0.00163479919683598 0.00135548820597051 0.00115284149705987 0.00102685907010407 0.000899753151063339 0.0007625358032581 0.000625318455452855 0.000536100316973419 0.000467453268205047 0.000437931733510286 0.000499703064987335 0.000561474396464384 0.000542976420395767 0.00051555963237762
7.96251729045451e-05 8.32071953027476e-05 8.48563333875061e-05 8.56770924807883e-05 8.64316017062566e-05 8.70315279068258e-05 8.76314541073951e-05 8.52105572069681e-05 8.2454013295319e-05 8.32638495467102e-05 8.76400659611434e-05 9.36764617007489e-05 0.000114654471366922 0.000135632481033096 0.000141826613091526 0.000141684797603778 0.000137336744652809 0.000123174137620987 0.000109011530589165 0.000120176058165572 0.000134154711809564 0.000185830873470462 0.000275204543148288 0.000422237828893675 0.00108820765924766 0.00175417748960167 0.00203625705297679 0.00215381221621806 0.00224963618711625 0.00229475404254722 0.00233987189797819 0.00187364150497164 0.00135059463991643 0.00104404675857951 0.000953997860960961 0.00086302757538054 0.000763764798143216 0.000664502020905887 0.000580620532825082 0.000503331025811357 0.000466215195198547 0.000522837942854589 0.00057946069051063 0.000551676163922825 0.000514513051307913
9.72005913505804e-05 9.85544704690253e-05 9.93705553658703e-05 9.99561570248865e-05 0.000100484317272276 0.000100878447559201 0.000101272577846127 0.000100366388664952 9.93157195428769e-05 0.000100384399881174 0.000103572429679843 0.000114412675126604 0.000194122861406253 0.000273833047685905 0.000292395017216525 0.000284750608140408 0.000258258024587128 0.000187786367253776 0.000117314709920425 0.000143614752232676 0.000180667205616672 0.00023754526580432 0.000314248932795629 0.000448780626356833 0.00110376455904764 0.00175874849173847 0.00225879317258655 0.00269243531693058 0.0030023963026906 0.00302376791842106 0.00304513953415152 0.00227051742604097 0.00140745157083689 0.000954467645290915 0.000911565649403205 0.000864395932391449 0.000778816725263225 0.000693237518134998 0.000626652677510725 0.000568208279673861 0.000531441507064299 0.000545255859985141 0.000559070212905983 0.000506016919644031 0.000445533887917318
0.000113459807519373 0.00011266676312971 0.000112640356620533 0.000112942509202993 0.000113273791650196 0.000113673043781798 0.000114072295913401 0.000114471922302073 0.000114871590274864 0.000116126209352134 0.000118235779533885 0.000132851542364014 0.000260023039029661 0.000387194535695314 0.000415688169394146 0.0004018912903929 0.000357412099106128 0.000241340845819765 0.000125269592533403 0.000165048250172119 0.000222143564580311 0.000289420621710522 0.00036687942156276 0.000498813656475995 0.00112102680693871 0.00174323995740144 0.00241379882997227 0.00310507729773229 0.00358621390690438 0.00357701951270431 0.00356782511850424 0.00255737753953642 0.0014356796067054 0.00087455500074106 0.000874003721643627 0.000865651188228697 0.000787087365956226 0.000708523543683752 0.00065513696042925 0.000612540622468167 0.000575624440974334 0.000551961957904098 0.000528299474833861 0.000455700826250914 0.000377664825944328
0.000117873203192984 0.000115664213240052 0.000114710371361879 0.000114294450087174 0.000114694095335229 0.000116996729136392 0.000119299362937555 0.000119124775551427 0.000118674941366711 0.000119459351051571 0.000121478004606009 0.000130614293905428 0.000203809304909751 0.000277004315914076 0.00029350405404532 0.000285705818088094 0.000260661324887232 0.000195375564784533 0.000130089804681835 0.000168434982962628 0.000218294709952711 0.00034274464976784 0.000541784802408055 0.000760258780499256 0.00115363718764958 0.00154701559479991 0.00196103032734145 0.00238388919933637 0.00264954890887265 0.00254841057267188 0.00244727223647111 0.00185409538486669 0.00120624758710626 0.000881640574839872 0.000880274348067663 0.000865888533503 0.000734326428806136 0.000602764324109265 0.000525690487443683 0.00047196876564866 0.000430416973282873 0.000417261682918659 0.000404106392554446 0.000363473090828853 0.000319786676729771
0.000122286598866595 0.000118661663350395 0.000116780386103225 0.000115646390971354 0.000116114399020261 0.000120320414490985 0.000124526429961709 0.000123777628800781 0.000122478292458557 0.000122792492751008 0.000124720229678132 0.000128377045446843 0.00014759557078984 0.000166814096132838 0.000171319938696495 0.000169520345783289 0.000163910550668336 0.000149410283749302 0.000134910016830268 0.000171821715753136 0.00021444585532511 0.000396068677825157 0.00071669018325335 0.00102170390452252 0.00118624756836045 0.00135079123219838 0.00150826182471063 0.00166270110094045 0.00171288391084093 0.00151980163263946 0.00132671935443798 0.00115081323019696 0.000976815567507117 0.000888726148938683 0.000886544974491699 0.000866125878777304 0.000681565491656045 0.000497005104534778 0.000396244014458117 0.000331396908829152 0.000285209505591412 0.000282561407933221 0.000279913310275031 0.000271245355406792 0.000261908527515214
0.000125232354801281 0.000122656942191194 0.00012018321773313 0.000117753073911647 0.000117244645328658 0.000121220218968826 0.000125195792608994 0.000124969644427135 0.000124276638265049 0.000124912186973031 0.000126876290551081 0.000128806601045047 0.000130432773782255 0.000132058946519464 0.000131857000218992 0.000130871574330943 0.000131114120752803 0.000134221935897787 0.000137329751042772 0.000174597683781027 0.000215661185140759 0.000373695030879764 0.000648699220998102 0.000912667057693591 0.00107730771358344 0.00124194836947329 0.00133151004552524 0.00138889501593237 0.00138185725306056 0.00122449977920447 0.00106714230534839 0.000960690164902198 0.000859894172612674 0.000807228487853236 0.000802693110623905 0.000781172530171027 0.000606785120706081 0.000432397711241126 0.000339399463579569 0.000281282285262333 0.000234222409346787 0.00021296290570187 0.000191703402056954 0.000189165272445281 0.000188707295503973
0.000127549122276428 0.000127079861916475 0.000124157256600989 0.00012018321773313 0.000118250581332783 0.000121081217356631 0.000123911853380478 0.000124678443929345 0.000125215696092103 0.000126511832276163 0.000128566852481526 0.000130379072667589 0.000130006092679954 0.000129633112692318 0.000127845994686343 0.000125452817529651 0.000125726695538711 0.000132223702267866 0.00013872070899702 0.000177111895482081 0.000219046879717801 0.000318879523218921 0.000476609825985473 0.000644852223356572 0.000907703472168757 0.00117055472098095 0.00127305114781646 0.00130682407951907 0.00131038988395934 0.00124347239145412 0.00117655489894889 0.000990492423625273 0.000791191616877385 0.000687766583117388 0.000680217322345322 0.000659708884187355 0.000522567849556168 0.000385426814924975 0.000313670022175458 0.000269935047375238 0.000223615472293664 0.00017126516322227 0.000118914854150876 0.000111434183395433 0.000108939028008436
0.000129308869494101 0.000130207754182265 0.000127400468803293 0.000123004824824118 0.000120355030958308 0.000121778887357019 0.000123202743755731 0.000124738355452791 0.000126286384405224 0.000128133367676734 0.000130279305267322 0.000132010343425767 0.000130007286694915 0.000128004229964063 0.000125333918579903 0.000122377640915754 0.000123464613352552 0.000133985836024899 0.000144507058697247 0.000188604851928171 0.000236433375221162 0.000296266384263305 0.000368103879054609 0.000465535908309266 0.000793318747734365 0.00112110158715948 0.00123948236371992 0.00126811939905261 0.00128610263527662 0.00127922700691367 0.00127235137855071 0.00106004690496777 0.000824917004138134 0.000696778877681934 0.00067563252559921 0.000642589740285387 0.000502479055891563 0.000362368371497732 0.000290462579149187 0.000247787454820057 0.000198291293997962 0.000132879381358945 6.7467468719929e-05 5.73119473301634e-05 5.3296024968101e-05
0.000129768902777667 0.000130313915709242 0.000128938418785967 0.000126739846210613 0.000125022679033767 0.000124428791120105 0.000123834903206443 0.000125617528359119 0.000127664210519166 0.000129805979971327 0.000132042836715603 0.000133778812167091 0.000131006855983489 0.000128234899799888 0.000126319344467952 0.000124770818072446 0.000128494998231567 0.000144522160351494 0.000160549322471421 0.000221048212779344 0.000286488406219271 0.000348792105619893 0.000407959310981211 0.000492716138271307 0.000807779562920655 0.00112284298757002 0.00126399051138529 0.00133060264912879 0.00137190233423704 0.00135413962986301 0.00133637692548897 0.00122235657242224 0.00109764092505632 0.00100556430394742 0.000946126709095549 0.000868941101240747 0.000632023376359353 0.000395105651477949 0.000273139799004545 0.00020043903470601 0.000138626886136237 0.000102221507600264 6.58161290642909e-05 5.82770348955823e-05 5.39453056565742e-05
0.000130228936061232 0.000130420077236219 0.000130476368768642 0.000130474867597109 0.000129690327109226 0.000127078694883191 0.000124467062657156 0.000126496701265447 0.000129042036633109 0.000131478592265921 0.000133806368163884 0.000135547280908415 0.000132006425272064 0.000128465569635713 0.000127304770356002 0.000127163995229138 0.000133525383110583 0.000155058484678089 0.000176591586245596 0.000253491573630519 0.000336543437217381 0.000401317826976481 0.000447814742907814 0.000519896368233349 0.000822240378106946 0.00112458438798056 0.00128849865905066 0.00139308589920497 0.00145770203319747 0.00142905225281235 0.00140040247242723 0.00138466623987673 0.00137036484597451 0.00131434973021291 0.00121662089259189 0.00109529246219611 0.000761567696827146 0.000427842931458167 0.000255817018859903 0.000153090614591962 7.89624782745115e-05 7.15636338415822e-05 6.41647894086528e-05 5.92421224610011e-05 5.45945863450475e-05
