Map_Files/Diversity_Metrics/pe.asc
NCOLS 312 
NROWS 528 
XLLCORNER 7 
YLLCORNER -10 
CELLSIZE 0.0416666666666667 
NODATA_value -9999 
[rows 160 to 179 of 528, columns 0 to 44 of 312]
2.63472202846056e-05 3.06559429077421e-05 3.49646655308785e-05 3.92733881540148e-05 4.52027786650427e-05 5.13122433858366e-05 5.50381420983587e-05 5.63804748026086e-05 5.75885742364335e-05 5.75885742364335e-05 5.75885742364335e-05 5.71650519229176e-05 5.65600200464663e-05 5.61794844884389e-05 5.63227736734007e-05 5.64660628583624e-05 5.55561868509359e-05 5.45292924887994e-05 5.25760735096509e-05 4.96965299134902e-05 4.72778655572861e-05 4.90071143606957e-05 5.07363631641054e-05 4.99395545337698e-05 4.80601498603999e-05 4.7424906654214e-05 4.96927068714586e-05 5.19605070887032e-05 5.15984850153473e-05 5.09442604652578e-05 5.13372097354173e-05 5.27773328258262e-05 5.4414775642423e-05 5.78280959947125e-05 6.12414163470018e-05 6.39055339964517e-05 6.6248564773256e-05 7.40009053288284e-05 9.43749687015323e-05 0.000114749032074237 0.000116309282816474 0.000115779109933101 0.000118601179337929 0.000124775491030959 0.000130338415222771
3.08851279934664e-05 3.37300094201962e-05 3.65748908469259e-05 3.94197722736556e-05 4.38046874933203e-05 4.83607175788668e-05 5.18849389992383e-05 5.43773517544346e-05 5.66205232341114e-05 5.66205232341114e-05 5.66205232341114e-05 5.64793491296061e-05 5.62776718374557e-05 5.62272475500928e-05 5.65297469405676e-05 5.68322463310424e-05 5.69452969519564e-05 5.70372977095859e-05 5.55808898954842e-05 5.25760735096509e-05 4.9929380389181e-05 5.05057966569842e-05 5.10822129247874e-05 5.06297494098363e-05 4.97363374165616e-05 4.9476051970032e-05 5.06930617992413e-05 5.19100716284507e-05 5.15596063905833e-05 5.10349772563738e-05 5.14603253805034e-05 5.28356507629722e-05 5.4432708225249e-05 5.80253544057994e-05 6.16180005863496e-05 6.34111987412526e-05 6.44332048851639e-05 7.17443811405831e-05 9.37302876561944e-05 0.000115716194171807 0.000117755732958358 0.0001175790086639 0.000120218959965414 0.000125675586862901 0.00013058200392556
3.31540818478969e-05 3.52670426764233e-05 3.73800035049497e-05 3.9492964333476e-05 4.3105641907459e-05 4.68849546753818e-05 4.99888111183583e-05 5.24172112363884e-05 5.46027713426156e-05 5.46027713426156e-05 5.46027713426156e-05 5.46027713426156e-05 5.46027713426156e-05 5.47581182104295e-05 5.52759411031426e-05 5.57937639958557e-05 5.63097032113546e-05 5.68254331293853e-05 5.58690980293858e-05 5.34406979113557e-05 5.12551378051285e-05 5.12551378051285e-05 5.12551378051285e-05 5.10332407972985e-05 5.07162450718271e-05 5.06768064762278e-05 5.12850011836639e-05 5.18931958911e-05 5.15110081096282e-05 5.10187778293888e-05 5.14603253805034e-05 5.28356507629723e-05 5.43739260036897e-05 5.73787499686456e-05 6.03835739336013e-05 6.20123063931209e-05 6.30512853503104e-05 6.95348261009087e-05 8.8722344369467e-05 0.000107909862638026 0.000113072493301539 0.000116676803120046 0.000134561849563395 0.000166727632631588 0.000192983878100172
3.31540818478968e-05 3.52670426764233e-05 3.73800035049497e-05 3.9492964333476e-05 4.3105641907459e-05 4.68849546753818e-05 4.93497584557189e-05 5.050005324847e-05 5.15353185619461e-05 5.15353185619461e-05 5.15353185619461e-05 5.15353185619461e-05 5.15353185619461e-05 5.1772096469449e-05 5.25613561611256e-05 5.33506158528022e-05 5.36494056291303e-05 5.38936987481975e-05 5.34406979113557e-05 5.22904031186046e-05 5.12551378051285e-05 5.12551378051285e-05 5.12551378051285e-05 5.11500286961564e-05 5.09998728261962e-05 5.10271701728015e-05 5.14685250247263e-05 5.19098798766511e-05 5.14526901724822e-05 5.08956621843027e-05 5.13372097354173e-05 5.27773328258262e-05 5.42384289777448e-05 5.5888282683251e-05 5.75381363887572e-05 5.97088569520563e-05 6.21028061686955e-05 6.73722402098053e-05 7.93511388413498e-05 9.13300374728949e-05 0.000102259563846018 0.000113072493301539 0.00016162984813187 0.000247931628337021 0.000317544037746611
3.31866735210596e-05 3.52891209066303e-05 3.7391568292201e-05 3.94940156777716e-05 4.30961798087989e-05 4.68649791337659e-05 4.87546355177276e-05 4.87651489606833e-05 4.87746110593434e-05 4.87746110593434e-05 4.87746110593434e-05 4.87746110593434e-05 4.87746110593434e-05 4.90846769025665e-05 5.01182297133103e-05 5.1151782524054e-05 5.12551378051285e-05 5.12551378051285e-05 5.12551378051285e-05 5.12551378051285e-05 5.12551378051285e-05 5.12551378051285e-05 5.12551378051285e-05 5.1247778439271e-05 5.12372650594747e-05 5.13127275780789e-05 5.15888005262847e-05 5.18648734744905e-05 5.1403878671863e-05 5.08609874524761e-05 5.12893938788591e-05 5.26890979510122e-05 5.39830820684983e-05 5.43255865939803e-05 5.46680911194623e-05 5.73508610778438e-05 6.10366019360398e-05 6.53163214868371e-05 7.09819913203716e-05 7.66476611539065e-05 9.20972334294357e-05 0.000108633905976299 0.000181804393845487 0.000311608697037013 0.000416085248338696
3.3512590252687e-05 3.55099032087005e-05 3.75072161647139e-05 3.95045291207274e-05 4.30015588221974e-05 4.66652237176072e-05 4.85548801015688e-05 4.86705279740818e-05 4.87746110593434e-05 4.87746110593434e-05 4.87746110593434e-05 4.87746110593434e-05 4.87746110593434e-05 4.90846769025665e-05 5.01182297133103e-05 5.1151782524054e-05 5.12551378051285e-05 5.12551378051285e-05 5.12551378051285e-05 5.12551378051285e-05 5.12551378051285e-05 5.12551378051285e-05 5.12551378051285e-05 5.11741847806964e-05 5.10585376029364e-05 5.10150283616895e-05 5.11398409723066e-05 5.12646535829238e-05 5.14406250999855e-05 5.16222809399854e-05 5.19192761190525e-05 5.2331610637187e-05 5.26490862095368e-05 5.21128312698239e-05 5.1576576330111e-05 5.45019473052987e-05 5.89108722440159e-05 6.42204072770854e-05 7.16313658636451e-05 7.90423244502051e-05 8.77902943633058e-05 9.66868210904667e-05 0.000139937863865367 0.000217543422688015 0.000280455917441545
3.38385069843145e-05 3.57306855107707e-05 3.76228640372269e-05 3.95150425636831e-05 4.29069378355959e-05 4.64654683014484e-05 4.835512468541e-05 4.85759069874802e-05 4.87746110593434e-05 4.87746110593434e-05 4.87746110593434e-05 4.87746110593434e-05 4.87746110593434e-05 4.90846769025665e-05 5.01182297133103e-05 5.1151782524054e-05 5.12551378051285e-05 5.12551378051285e-05 5.12551378051285e-05 5.12551378051285e-05 5.12551378051285e-05 5.12551378051285e-05 5.12551378051285e-05 5.11005911221219e-05 5.08798101463981e-05 5.07173291453e-05 5.06908814183286e-05 5.06644336913572e-05 5.1477371528108e-05 5.23835744274947e-05 5.2549158359246e-05 5.19741233233618e-05 5.13150903505752e-05 4.99000759456674e-05 4.84850615407596e-05 5.16530335327535e-05 5.6785142551992e-05 6.31244930673338e-05 7.22807404069186e-05 8.14369877465038e-05 8.34833552971758e-05 8.47397362046346e-05 9.80713338852471e-05 0.000123478148339016 0.000144826586544395
3.41113358154465e-05 3.57218971392587e-05 3.73324584630709e-05 3.8943019786883e-05 4.25034362289501e-05 4.62805032397124e-05 4.82584010102174e-05 4.84371295404647e-05 4.85979852176873e-05 4.85979852176873e-05 4.85979852176873e-05 4.87275140888717e-05 4.89125553334209e-05 4.92966378070983e-05 5.01451498154084e-05 5.09936618237184e-05 5.11447473172666e-05 5.12183409758412e-05 5.12551378051285e-05 5.12551378051285e-05 5.12445496257088e-05 5.11386678315123e-05 5.10327860373157e-05 5.09076631563706e-05 5.07742940953904e-05 5.06377518452913e-05 5.04938054872481e-05 5.0349859129205e-05 5.05611404264528e-05 5.08118914631774e-05 5.08255984009844e-05 5.06022612398738e-05 5.04451260781025e-05 5.08838089103846e-05 5.13224917426667e-05 5.4637272032525e-05 5.91846655184878e-05 6.43401012136254e-05 7.09143020635053e-05 7.74885029133855e-05 7.88141371685925e-05 7.95565973577241e-05 8.39255736890558e-05 9.19210661625882e-05 9.9433079324424e-05
3.43614126892235e-05 3.56147213362115e-05 3.68680299831996e-05 3.81213386301876e-05 4.19675572137139e-05 4.61018769013003e-05 4.82058337954388e-05 4.82794278961289e-05 4.83456625867499e-05 4.83456625867499e-05 4.83456625867499e-05 4.86602327024835e-05 4.9109618582103e-05 4.95994390992867e-05 5.018360710412e-05 5.07677751089532e-05 5.0987046620321e-05 5.11657740768593e-05 5.12551378051285e-05 5.12551378051285e-05 5.12294236551093e-05 5.09722821549177e-05 5.07151406547261e-05 5.06635919161151e-05 5.07001543610386e-05 5.06516553665885e-05 5.04046796802666e-05 5.01577039939447e-05 4.92364903834642e-05 4.82403614480772e-05 4.80934203576706e-05 4.87956671122447e-05 4.97740324855534e-05 5.32374654274764e-05 5.67008983693992e-05 6.01214329347179e-05 6.35235824814922e-05 6.65463617982214e-05 6.8683943911512e-05 7.08215260248026e-05 7.39896565846719e-05 7.72722925274944e-05 8.16601434002624e-05 8.71532092029759e-05 9.27120679661024e-05
3.44607695789515e-05 3.54640015416407e-05 3.64672335043299e-05 3.74704654670191e-05 4.15451316939648e-05 4.59610683947172e-05 4.81690367450938e-05 4.81690367450938e-05 4.81690367450938e-05 4.81690367450938e-05 4.81690367450938e-05 4.85910576344394e-05 4.91939446192191e-05 4.97451657111014e-05 5.01758330528901e-05 5.06065003946787e-05 5.0848270007009e-05 5.10690509827327e-05 5.11567525146954e-05 5.11113746028968e-05 5.10387699440192e-05 5.07211245614296e-05 5.040347917884e-05 5.04170457134023e-05 5.05725602124585e-05 5.0600985332494e-05 5.03328685681481e-05 5.00647518038022e-05 4.84981392219198e-05 4.67872493269777e-05 4.66224247285632e-05 4.80036654266768e-05 4.97637561238657e-05 5.49334968127365e-05 6.01032375016072e-05 6.35314968538597e-05 6.62134070618471e-05 6.78366308193291e-05 6.69895861922973e-05 6.61425415652654e-05 7.06125201759273e-05 7.56732791463335e-05 8.0097771729015e-05 8.38859979239711e-05 8.81593373378556e-05
3.42084465058986e-05 3.52116791001814e-05 3.62149116944641e-05 3.72181442887469e-05 4.13874309970193e-05 4.59085014957354e-05 4.81690367450938e-05 4.81690367450938e-05 4.81690367450938e-05 4.81690367450938e-05 4.81690367450938e-05 4.85174639758649e-05 4.90152171626808e-05 4.95243847353776e-05 5.006018587513e-05 5.05959870148823e-05 5.07536495888416e-05 5.08692967666017e-05 5.0828801546585e-05 5.06321639287914e-05 5.04385515051177e-05 5.02721658285231e-05 5.01057801519286e-05 5.01647245982895e-05 5.03202390973456e-05 5.03996436691523e-05 5.03014584107101e-05 5.0203273152268e-05 4.91278187837453e-05 4.79437789585468e-05 4.80941880659378e-05 4.95790461059185e-05 5.12953866341878e-05 5.50950695570562e-05 5.88947524799245e-05 6.21020011458816e-05 6.50553494160197e-05 6.69895861922972e-05 6.65458961495663e-05 6.61022061068353e-05 7.06125201759273e-05 7.56732791463335e-05 8.01758701653749e-05 8.4120293233051e-05 8.86659284131172e-05
3.39561234328458e-05 3.49593566587221e-05 3.59625898845984e-05 3.69658231104747e-05 4.12297303000737e-05 4.58559345967535e-05 4.81690367450938e-05 4.81690367450938e-05 4.81690367450938e-05 4.81690367450938e-05 4.81690367450938e-05 4.84438703172903e-05 4.88364897061425e-05 4.93036037596539e-05 4.99445386973699e-05 5.05854736350859e-05 5.06590291706743e-05 5.06695425504707e-05 5.05008505784746e-05 5.01529532546859e-05 4.98383330662162e-05 4.98232070956167e-05 4.98080811250172e-05 4.99124034831766e-05 5.00679179822328e-05 5.01983020058105e-05 5.02700482532721e-05 5.03417945007338e-05 4.97574983455707e-05 4.91003085901159e-05 -9999 5.11544267851603e-05 5.282701714451e-05 -9999 5.76862674582418e-05 6.06725054379035e-05 6.38972917701921e-05 6.61425415652654e-05 6.61022061068353e-05 6.60618706484052e-05 7.06125201759273e-05 7.56732791463335e-05 8.02539686017348e-05 8.43545885421308e-05 8.91725194883788e-05
3.38366788431206e-05 3.44636996487679e-05 3.50907204544152e-05 3.57177412600625e-05 4.03036455054457e-05 4.53294256885779e-05 4.78423157801444e-05 4.78423157801444e-05 4.78423157801444e-05 4.78423157801444e-05 4.78423157801444e-05 4.81097895885795e-05 4.84918950292012e-05 4.89548035034204e-05 4.96062523893669e-05 5.02577012753135e-05 5.03228461639083e-05 5.03228461639083e-05 5.0209401384412e-05 4.99825118254194e-05 4.9778311222326e-05 4.9778311222326e-05 4.9778311222326e-05 4.98871713716653e-05 5.00426858707215e-05 5.01781678394764e-05 5.02669072375283e-05 5.03556466355803e-05 4.98046228472049e-05 4.91825142603376e-05 -9999 -9999 4.93678653394148e-05 5.24104387030394e-05 5.54530120666639e-05 5.8708368669613e-05 6.20549180894156e-05 6.43691167283578e-05 6.42744968786247e-05 6.41798770288915e-05 6.81523666230529e-05 7.25767572665362e-05 7.7940411794467e-05 8.42433302068452e-05 9.06449365250706e-05
3.37319985293207e-05 3.39410054645365e-05 3.41500123997523e-05 3.4359019334968e-05 3.92921846999641e-05 4.47502565571586e-05 4.74792924857563e-05 4.74792924857563e-05 4.74792924857563e-05 4.74792924857563e-05 4.74792924857563e-05 4.77467658520759e-05 4.8128870661104e-05 4.85917788826858e-05 4.92432284002259e-05 4.9894677917766e-05 4.99598228695201e-05 4.99598228695201e-05 4.99220079430213e-05 4.98463780900238e-05 4.9778311222326e-05 4.9778311222326e-05 4.9778311222326e-05 4.98871713716653e-05 5.00426858707215e-05 5.01781678394764e-05 5.02669072375283e-05 5.03556466355803e-05 4.97870190088179e-05 4.91453506015205e-05 4.80207831085662e-05 -9999 -9999 4.92300377332967e-05 5.31058933006532e-05 5.66848273390656e-05 6.01365092936448e-05 6.24927607570196e-05 6.22930077409163e-05 6.2093254724813e-05 6.54188626754146e-05 6.91361774000948e-05 7.5361115515685e-05 8.40936770221856e-05 9.22246675574769e-05
-9999 3.21103272540313e-05 3.28576277865977e-05 3.36049283191641e-05 3.79682558104828e-05 4.27333640749967e-05 4.55704729221098e-05 4.64795823518215e-05 4.73041821022788e-05 4.7368194739445e-05 4.74322073766113e-05 4.81098098943119e-05 4.90503795036702e-05 4.98442937744888e-05 5.02960122553809e-05 5.0747730736273e-05 5.09237711980859e-05 5.10691807688898e-05 5.11418855542918e-05 5.11418855542918e-05 5.1099610914207e-05 5.06768645133586e-05 5.02541181125101e-05 5.01411514619576e-05 5.0160947561532e-05 5.02014267453887e-05 5.02901664592375e-05 5.03789061730863e-05 4.97927543203029e-05 4.91316145156715e-05 4.76074355775484e-05 4.52202175059333e-05 -9999 -9999 -9999 -9999 5.81819855053957e-05 -9999 6.25169905169464e-05 -9999 6.5821308207129e-05 6.97369148825698e-05 7.59679601919231e-05 8.45144441351894e-05 9.22786365941242e-05
2.67297634195528e-05 -9999 3.12135666149514e-05 3.34554682126507e-05 3.63318588370018e-05 3.92787482420921e-05 4.21158570892049e-05 4.48431853783402e-05 4.7316984629712e-05 4.75090225412108e-05 4.77010604527095e-05 4.91989217152875e-05 5.12564215568998e-05 5.27123481788294e-05 5.2764603954832e-05 5.28168597308346e-05 5.32146911496056e-05 5.36509198620175e-05 5.38690342182235e-05 5.38690342182235e-05 5.37422102979691e-05 5.24739710954237e-05 5.12057318928784e-05 5.06491116425423e-05 5.03974709431532e-05 5.02479445572135e-05 5.03366849026558e-05 5.04254252480981e-05 4.98218287816599e-05 4.91413060027905e-05 4.76714482147146e-05 4.54122554174321e-05 -9999 -9999 -9999 -9999 -9999 -9999 6.4946445206715e-05 6.48518253569818e-05 6.93597032181965e-05 7.43789697139613e-05 7.97609458231814e-05 8.55056315458564e-05 9.08068436350124e-05
2.20734440037832e-05 2.58173841226984e-05 -9999 -9999 3.48099580946836e-05 3.60658466749757e-05 3.88710715431743e-05 4.32256326992801e-05 4.71741835528721e-05 4.74686416838368e-05 4.77630998148016e-05 5.00299519532946e-05 5.31421158093e-05 5.52404361731836e-05 5.49731217221153e-05 5.47058072710469e-05 5.52828158599064e-05 5.59536381198692e-05 5.62507640072201e-05 5.61741935219592e-05 5.59010815600739e-05 5.38590963085681e-05 5.18171110570622e-05 5.0897239696547e-05 5.04582742893137e-05 5.01765115169898e-05 5.02615548927881e-05 5.03465982685864e-05 4.97646279503291e-05 4.91085449993989e-05 4.75854158644832e-05 4.51952405455816e-05 -9999 -9999 -9999 -9999 -9999 6.66646416410308e-05 6.68001386038164e-05 6.69356355666019e-05 7.23604895635309e-05 7.83730498975874e-05 8.3026061676921e-05 8.63195249015308e-05 8.94597539197799e-05
-9999 -9999 -9999 -9999 -9999 3.50283734999518e-05 3.75147585790118e-05 4.17776786700109e-05 4.56309500375735e-05 4.57973828942058e-05 4.5963815750838e-05 4.85382479445835e-05 5.21446798542352e-05 5.470882647766e-05 5.48409740998876e-05 5.49731217221152e-05 5.53457833992373e-05 5.57451688602365e-05 5.55237239218009e-05 5.46814485839302e-05 5.37063997272629e-05 5.15363892014246e-05 4.93663786755863e-05 4.88068786113319e-05 4.8937597316328e-05 4.90435208083303e-05 4.90915888033467e-05 4.91396567983631e-05 4.89309494848082e-05 4.8693711581412e-05 4.6148978627672e-05 -9999 -9999 -9999 -9999 -9999 -9999 6.19815137762694e-05 6.34719803669111e-05 6.49624469575529e-05 -9999 7.65353582513241e-05 -9999 8.55377717622708e-05 8.92349933994611e-05
1.23457951228066e-05 -9999 2.61095778644928e-05 -9999 -9999 -9999 -9999 -9999 4.40877165222749e-05 -9999 4.41645316868744e-05 -9999 5.11472438991704e-05 5.41772167821363e-05 5.470882647766e-05 5.52404361731836e-05 5.54087509385681e-05 5.55366996006038e-05 5.47966838363817e-05 5.31887036459013e-05 5.15117178944519e-05 4.92136820942811e-05 4.69156462941103e-05 -9999 -9999 -9999 -9999 -9999 -9999 -9999 -9999 -9999 -9999 -9999 -9999 -9999 -9999 5.72983859115081e-05 6.01438221300059e-05 6.29892583485038e-05 -9999 7.46976666050608e-05 8.00546373890632e-05 -9999 8.90102328791423e-05
1.08866477906601e-05 1.82392318492924e-05 2.55918159079247e-05 3.29443999665569e-05 -9999 -9999 3.57515517256005e-05 3.98953384319608e-05 -9999 -9999 4.36247464676853e-05 4.63455657621931e-05 5.02324504686331e-05 5.28884124832985e-05 5.26722215504884e-05 5.24560306176784e-05 5.3583038815456e-05 5.48592913610769e-05 5.45785718107559e-05 5.27408801644926e-05 5.08533133446085e-05 4.8516869962138e-05 -9999 -9999 -9999 -9999 -9999 -9999 -9999 -9999 -9999 -9999 -9999 -9999 -9999 -9999 -9999 4.75629999338404e-05 5.08149274828105e-05 5.40668550317807e-05 6.29272695960019e-05 -9999 7.9451993529902e-05 -9999 8.82914000865437e-05
