Map_Files/Diversity_Metrics/pe.asc
NCOLS 312 
NROWS 528 
XLLCORNER 7 
YLLCORNER -10 
CELLSIZE 0.0416666666666667 
NODATA_value -9999 
[rows 460 to 479 of 528, columns 225 to 269 of 312]
5.83236243537999e-06 4.72597375988931e-06 4.01902318477223e-06 3.48326036695809e-06 3.0445505032617e-06 2.83229753250683e-06 2.62004456175194e-06 2.59881926467642e-06 2.59881926467642e-06 2.77569674030546e-06 3.12945169156362e-06 3.50572401212419e-06 4.08465265640713e-06 4.66358130069007e-06 4.58963142809433e-06 4.23587647683616e-06 3.85582043094249e-06 3.41439516423261e-06 2.9729698975227e-06 2.80507433103595e-06 2.66757095346295e-06 2.59881926467642e-06 2.59881926467642e-06 2.61070353010001e-06 2.7295461843361e-06 2.84838883857219e-06 2.88404163484302e-06 2.88404163484302e-06 2.88404163484302e-06 2.88404163484302e-06 2.88404163484302e-06 3.03887181019035e-06 3.21090533835406e-06 3.43283655250084e-06 3.7046654526307e-06 3.98307376769932e-06 4.32069681721711e-06 4.65831986673491e-06 4.75960678159026e-06 4.75960678159026e-06 4.75960678159026e-06 4.75960678159026e-06 4.75960678159026e-06 4.75960678159026e-06 4.75960678159026e-06
6.10931142751452e-06 5.16323453562491e-06 4.52790146552063e-06 4.02574431903862e-06 3.53980743502311e-06 3.09171783009617e-06 2.64362822516919e-06 2.59881926467642e-06 2.59881926467642e-06 2.65777842321944e-06 2.77569674030551e-06 2.96329975352834e-06 3.77806503198338e-06 4.59283031043843e-06 4.75471707201476e-06 4.63679875492869e-06 4.39691182189489e-06 3.8724314516496e-06 3.34795108140427e-06 3.03424662699098e-06 2.74396171878131e-06 2.59881926467642e-06 2.59881926467642e-06 2.60278068648428e-06 2.64239490456299e-06 2.68200912264169e-06 2.6938933880653e-06 2.6938933880653e-06 2.6938933880653e-06 2.6938933880653e-06 2.6938933880653e-06 2.74550344651441e-06 2.80284795590232e-06 2.87682502728459e-06 2.96743466066122e-06 3.12025930782049e-06 3.83301907902472e-06 4.54577885022895e-06 4.75960678159027e-06 4.75960678159026e-06 4.75960678159026e-06 4.75960678159026e-06 4.75960678159026e-06 4.75960678159026e-06 4.75960678159027e-06
6.47106680181277e-06 5.61229362479787e-06 5.16823731307644e-06 4.90191680076652e-06 4.5210852851104e-06 3.87306142831304e-06 3.22503757151563e-06 2.94970421540105e-06 2.71578091491799e-06 2.65777842321943e-06 2.77569674030547e-06 2.9515079218197e-06 3.64835488318872e-06 4.34520184455774e-06 4.55425593296849e-06 4.55425593296849e-06 4.45520454661624e-06 4.1250332587753e-06 3.79486197093434e-06 3.39446193938408e-06 2.98625871408836e-06 2.74396171878127e-06 2.66757095346293e-06 2.59881926467642e-06 2.59881926467642e-06 2.59881926467642e-06 2.59881926467642e-06 2.59881926467642e-06 2.59881926467642e-06 2.59881926467642e-06 2.59881926467642e-06 2.59881926467642e-06 2.59881926467642e-06 2.59881926467642e-06 2.59881926467642e-06 2.6758296927355e-06 3.44593397332767e-06 4.21603825391984e-06 4.53822623411623e-06 4.66845008557154e-06 4.75960678159026e-06 4.75960678159026e-06 4.75960678159026e-06 4.75960678159026e-06 4.75960678159026e-06
6.91762855827473e-06 6.07315102740817e-06 5.94003072743964e-06 6.11177781214181e-06 5.98838405352359e-06 5.1763283271575e-06 4.36427260079134e-06 3.65147411685036e-06 2.94970421540115e-06 2.77569674030545e-06 3.1294516915636e-06 3.47034851699841e-06 3.6955222100232e-06 3.92069590304799e-06 3.98824801095544e-06 3.98824801095544e-06 4.0306986051064e-06 4.17220058560964e-06 4.31370256611289e-06 3.88572026821526e-06 3.39446193938412e-06 3.03424662699098e-06 2.80507433103596e-06 2.59881926467642e-06 2.59881926467642e-06 2.59881926467642e-06 2.59881926467642e-06 2.59881926467642e-06 2.59881926467642e-06 2.59881926467642e-06 2.59881926467642e-06 2.59881926467642e-06 2.59881926467642e-06 2.59881926467642e-06 2.59881926467642e-06 2.64978492244448e-06 3.15944150012602e-06 3.66909807780755e-06 4.09546513916814e-06 4.48613669353407e-06 4.75960678159026e-06 4.75960678159026e-06 4.75960678159026e-06 4.75960678159026e-06 4.75960678159026e-06
7.42791683765943e-06 6.61949763743519e-06 6.71920531895376e-06 7.20811023550513e-06 7.2731736343221e-06 6.34927349175835e-06 5.42537334919453e-06 4.32142214634733e-06 3.19746527013536e-06 2.90669896132705e-06 3.44912321992291e-06 3.91820237884612e-06 3.72717564071464e-06 3.53614890258315e-06 3.49534944553572e-06 3.51893310895291e-06 3.69816895092364e-06 4.24059320951946e-06 4.78301746811531e-06 4.32785276416332e-06 3.7618448421503e-06 3.30314212091155e-06 2.95174460044717e-06 2.63395901672283e-06 2.61868086365917e-06 2.60340271059552e-06 2.59881926467642e-06 2.59881926467642e-06 2.59881926467642e-06 2.59881926467642e-06 2.59881926467642e-06 2.59881926467642e-06 2.59881926467642e-06 2.59881926467642e-06 2.59881926467642e-06 2.62519773899481e-06 2.8889824821792e-06 3.15276722536358e-06 3.65925168131925e-06 4.26975029989128e-06 4.70491276397908e-06 4.73095753427012e-06 4.75700230456116e-06 4.75960678159026e-06 4.75960678159026e-06
8.51174382334972e-06 7.93524711421387e-06 7.56481050482683e-06 7.28268536676072e-06 6.91538052658804e-06 6.34932304816665e-06 5.78326556974522e-06 4.70497332827346e-06 3.56976611312943e-06 3.15545631776906e-06 3.46204394219282e-06 3.72717564071463e-06 3.61920400611858e-06 3.51123237152252e-06 3.66043508945616e-06 3.91985538704546e-06 4.19342588268509e-06 4.50001350710881e-06 4.80660113153256e-06 4.32785276416332e-06 3.7618448421503e-06 3.37953288622987e-06 3.18091689640217e-06 2.98535653718722e-06 2.81729685348688e-06 2.64923716978653e-06 2.59881926467642e-06 2.59881926467642e-06 2.59881926467642e-06 2.59881926467642e-06 2.59881926467642e-06 2.59881926467642e-06 2.59881926467642e-06 2.59881926467642e-06 2.59881926467642e-06 2.61372883711725e-06 2.76282456152582e-06 2.91192028593439e-06 3.28196695736295e-06 3.74670689180017e-06 4.15797258786674e-06 4.44446506106838e-06 4.73095753427005e-06 4.75960678159026e-06 4.75960678159026e-06
9.59557080904001e-06 9.25099659099254e-06 8.4104156906999e-06 7.3572604980163e-06 6.55758741885397e-06 6.34937260457495e-06 6.1411577902959e-06 5.08852451019959e-06 3.9420669561235e-06 3.40421367421108e-06 3.47496466446272e-06 3.53614890258315e-06 3.51123237152252e-06 3.48631584046189e-06 3.8255207333766e-06 4.32077766513801e-06 4.68868281444653e-06 4.75943380469817e-06 4.83018479494981e-06 4.32785276416332e-06 3.7618448421503e-06 3.45592365154819e-06 3.41008919235718e-06 3.33675405765162e-06 3.01591284331458e-06 2.69507162897755e-06 2.59881926467642e-06 2.59881926467642e-06 2.59881926467642e-06 2.59881926467642e-06 2.59881926467642e-06 2.59881926467642e-06 2.59881926467642e-06 2.59881926467642e-06 2.59881926467642e-06 2.60225993523969e-06 2.63666664087244e-06 2.67107334650519e-06 2.90468223340666e-06 3.22366348370906e-06 3.6110324117544e-06 4.15797258786665e-06 4.70491276397895e-06 4.75960678159026e-06 4.75960678159026e-06
9.74306874784114e-06 9.30657113447835e-06 8.31280894825843e-06 7.08021908795666e-06 6.20339734780377e-06 6.15670122133203e-06 6.11000509486028e-06 5.26897708634058e-06 4.33968997981547e-06 3.79250360459256e-06 3.62741796067211e-06 3.4788408811437e-06 3.4788408811437e-06 3.4788408811437e-06 3.87504642655275e-06 4.44105434856579e-06 4.83725989397499e-06 4.83725989397499e-06 4.83725989397499e-06 4.32785276416332e-06 3.7618448421503e-06 3.4788408811437e-06 3.4788408811437e-06 3.44217331379096e-06 3.07549764026291e-06 2.70882196673486e-06 2.59881926467642e-06 2.59881926467642e-06 2.59881926467642e-06 2.59881926467642e-06 2.59881926467642e-06 2.59881926467642e-06 2.59881926467642e-06 2.59881926467642e-06 2.59881926467642e-06 2.59881926467642e-06 2.59881926467642e-06 2.59881926467642e-06 2.73529919701962e-06 2.93027052893851e-06 3.22366348370904e-06 3.74670689180014e-06 4.26975029989129e-06 4.32205464070049e-06 4.32205464070049e-06
9.48928280940392e-06 8.82207070655272e-06 7.8109685222534e-06 6.65248487447612e-06 5.85075143533233e-06 5.8814351496671e-06 5.91211886400187e-06 5.36238740285935e-06 4.74816536666374e-06 4.2405932095196e-06 3.83967093142704e-06 3.4788408811437e-06 3.4788408811437e-06 3.4788408811437e-06 3.87504642655275e-06 4.44105434856579e-06 4.83725989397499e-06 4.83725989397499e-06 4.83725989397499e-06 4.32785276416332e-06 3.7618448421503e-06 3.4788408811437e-06 3.4788408811437e-06 3.44217331379096e-06 3.07549764026291e-06 2.70882196673486e-06 2.59881926467642e-06 2.59881926467642e-06 2.59881926467642e-06 2.59881926467642e-06 2.59881926467642e-06 2.59881926467642e-06 2.59881926467642e-06 2.59881926467642e-06 2.59881926467642e-06 2.59881926467642e-06 2.59881926467642e-06 2.59881926467642e-06 2.65501688387656e-06 2.73529919701964e-06 2.90468223340665e-06 3.28196695736295e-06 3.65925168131927e-06 3.69698015371497e-06 3.69698015371497e-06
9.34944485682845e-06 8.55510734254499e-06 7.61168983132178e-06 6.60438089283854e-06 5.94276296084213e-06 6.08775737731543e-06 6.23275179378874e-06 5.84786065616074e-06 5.40409334585476e-06 4.87460094925993e-06 4.25938346637627e-06 3.70331087869619e-06 3.67954234784898e-06 3.65577381700176e-06 3.99532310998052e-06 4.49058004174194e-06 4.83725989397499e-06 4.83725989397499e-06 4.83725989397499e-06 4.39152865538977e-06 3.89627172362838e-06 3.61326776262179e-06 3.54251677237017e-06 3.44217331379096e-06 3.07549764026291e-06 2.70882196673486e-06 2.59881926467642e-06 2.59881926467642e-06 2.59881926467642e-06 2.59881926467642e-06 2.59881926467642e-06 2.59881926467642e-06 2.59881926467642e-06 2.59881926467642e-06 2.59881926467642e-06 2.59881926467642e-06 2.59881926467642e-06 2.59881926467642e-06 2.59881926467642e-06 2.59881926467642e-06 2.67107334650516e-06 2.91192028593434e-06 3.15276722536355e-06 3.20781795437597e-06 3.24222466000871e-06
9.47548553793042e-06 8.7957304610124e-06 8.11838852222818e-06 7.44208078550123e-06 7.07230850830821e-06 7.41778563669471e-06 7.76326276508124e-06 7.24814742862154e-06 6.63741070717882e-06 5.94241767023125e-06 5.16316831777885e-06 4.45154420387118e-06 4.34854723686658e-06 4.24555026986198e-06 4.39624538807309e-06 4.65566568566242e-06 4.83725989397499e-06 4.83725989397499e-06 4.83725989397499e-06 4.60378162614462e-06 4.3443613285553e-06 4.06135736754878e-06 3.75476974312507e-06 3.44217331379096e-06 3.07549764026291e-06 2.70882196673486e-06 2.59881926467642e-06 2.59881926467642e-06 2.59881926467642e-06 2.59881926467642e-06 2.59881926467642e-06 2.59881926467642e-06 2.59881926467642e-06 2.59881926467642e-06 2.59881926467642e-06 2.59881926467642e-06 2.59881926467642e-06 2.59881926467642e-06 2.59881926467642e-06 2.59881926467642e-06 2.63666664087243e-06 2.76282456152582e-06 2.88898248217922e-06 3.03578442621225e-06 3.18488015062079e-06
9.6015262190324e-06 9.03635357947983e-06 8.62508721313463e-06 8.27978067816399e-06 8.20185405577438e-06 8.7478138960741e-06 9.29377373637387e-06 8.64843420108247e-06 7.87072806850299e-06 7.01023439120266e-06 6.06695316918152e-06 5.19977752904624e-06 5.01755212588424e-06 4.83532672272225e-06 4.7971676661657e-06 4.82075132958293e-06 4.83725989397499e-06 4.83725989397499e-06 4.83725989397499e-06 4.81603459689949e-06 4.79245093348226e-06 4.5094469724758e-06 3.96702271387998e-06 3.44217331379096e-06 3.07549764026291e-06 2.70882196673486e-06 2.59881926467642e-06 2.59881926467642e-06 2.59881926467642e-06 2.59881926467642e-06 2.59881926467642e-06 2.59881926467642e-06 2.59881926467642e-06 2.59881926467642e-06 2.59881926467642e-06 2.59881926467642e-06 2.59881926467642e-06 2.59881926467642e-06 2.59881926467642e-06 2.59881926467642e-06 2.6022599352397e-06 2.61372883711729e-06 2.62519773899488e-06 2.86375089804852e-06 3.12753564123287e-06
9.57260170745638e-06 9.43417310850236e-06 9.17732713882441e-06 8.86973086740759e-06 8.76053999832033e-06 9.11429506800225e-06 9.4680501376842e-06 8.78846287832867e-06 7.9940598046355e-06 7.29695688998321e-06 6.69715413437193e-06 6.08110336723192e-06 5.31882049633253e-06 4.55653762543314e-06 4.32785276416327e-06 4.32785276416327e-06 4.32785276416327e-06 4.32785276416327e-06 4.32785276416327e-06 4.32785276416327e-06 4.32785276416327e-06 4.15097528853424e-06 3.79722033727608e-06 3.45592365154823e-06 3.2267513555932e-06 2.99757905963816e-06 2.83257500655055e-06 2.69507162897754e-06 2.59881926467642e-06 2.59881926467642e-06 2.59881926467642e-06 2.59881926467642e-06 2.59881926467642e-06 2.59881926467642e-06 2.59881926467642e-06 2.63161554414631e-06 2.9595783388458e-06 3.2875411335453e-06 3.38592997195516e-06 3.38592997195516e-06 3.38592997195516e-06 3.38592997195516e-06 3.38592997195516e-06 3.54076014730249e-06 3.7127936754662e-06
9.52645884113834e-06 9.84945890536432e-06 9.7346272017123e-06 9.43215331182677e-06 9.25579709587505e-06 9.3737154524357e-06 9.49163380899637e-06 8.78846287832867e-06 7.9940598046355e-06 7.49689114185358e-06 7.29695688998313e-06 6.97721726241872e-06 5.57922925360638e-06 4.18124124479404e-06 3.76184484215025e-06 3.76184484215025e-06 3.76184484215025e-06 3.76184484215025e-06 3.76184484215025e-06 3.76184484215025e-06 3.76184484215025e-06 3.70288568360723e-06 3.58496736652117e-06 3.47120180461188e-06 3.39481103929352e-06 3.31842027397517e-06 3.09230360863292e-06 2.80201870042323e-06 2.59881926467642e-06 2.59881926467642e-06 2.59881926467642e-06 2.59881926467642e-06 2.59881926467642e-06 2.59881926467642e-06 2.59881926467642e-06 2.66805585466841e-06 3.36042175458956e-06 4.05278765451071e-06 4.2604974244871e-06 4.2604974244871e-06 4.2604974244871e-06 4.2604974244871e-06 4.2604974244871e-06 4.31210748293622e-06 4.36945199232413e-06
9.70669884578804e-06 1.01935534596956e-05 1.00970584166286e-05 9.75055637771527e-06 9.47205703027977e-06 9.35223062962605e-06 9.23240422897231e-06 8.6115853434877e-06 7.93510062635516e-06 7.53789910924577e-06 7.41998079215973e-06 7.18995964316767e-06 5.95101300701939e-06 4.71206637087111e-06 4.2004284037173e-06 4.00049415184689e-06 3.86054017553758e-06 3.86054017553758e-06 3.86054017553758e-06 3.71740294013989e-06 3.55836156747578e-06 3.63991257046332e-06 3.96205594910264e-06 4.25198498987806e-06 4.25198498987806e-06 4.25198498987806e-06 3.93745659326645e-06 3.48813031239262e-06 3.15641455017609e-06 3.09912333149338e-06 3.04183211281066e-06 3.03610299094237e-06 3.03610299094237e-06 3.08485877553717e-06 3.18237034472678e-06 3.33557098425909e-06 3.98997325687675e-06 4.64437552949442e-06 4.84069621127976e-06 4.84069621127976e-06 4.84069621127976e-06 4.84069621127976e-06 4.84069621127976e-06 4.84069621127976e-06 4.84069621127976e-06
1.01133217214055e-05 1.04664567714962e-05 1.02646207835733e-05 9.824940065073e-06 9.4093198015344e-06 9.04984059957321e-06 8.69036139761199e-06 8.25783027380573e-06 7.81718226979448e-06 7.41998079215975e-06 7.0662258409016e-06 6.71933050947858e-06 6.43417175657156e-06 6.14901300366454e-06 5.64360344886462e-06 5.04380069325336e-06 4.62393876432541e-06 4.62393876432541e-06 4.62393876432541e-06 4.19452705813233e-06 3.71740294013996e-06 3.96205594910258e-06 4.9284860850206e-06 5.7982732073469e-06 5.7982732073469e-06 5.7982732073469e-06 5.36803396045121e-06 4.7534064648858e-06 4.27160512117552e-06 4.09973146512737e-06 3.9278578090792e-06 3.91067044347435e-06 3.91067044347435e-06 4.05693779725874e-06 4.34947250482759e-06 4.63416093291843e-06 4.84823284570737e-06 5.06230475849631e-06 5.12652633233301e-06 5.12652633233301e-06 5.12652633233301e-06 5.12652633233301e-06 5.12652633233301e-06 5.12652633233301e-06 5.12652633233301e-06
1.04395374762589e-05 1.06626254421372e-05 1.03929388330926e-05 9.91206312050967e-06 9.40962778391471e-06 8.85688665795849e-06 8.30414553200221e-06 8.01176863755393e-06 7.74832110216216e-06 7.34538520516838e-06 6.80296094657252e-06 6.37177217299706e-06 6.94170276460668e-06 7.5116333562163e-06 7.03882424267657e-06 6.11912668407259e-06 5.4645819010563e-06 5.42872692774497e-06 5.39287195443364e-06 4.71294635673303e-06 3.96145735632245e-06 4.34254676425375e-06 5.85621458052758e-06 7.21851561517418e-06 7.21851561517418e-06 7.21851561517418e-06 6.68413660302281e-06 5.92073801423497e-06 5.30729712030127e-06 5.04375751436076e-06 4.78021790842022e-06 4.74355152846324e-06 4.73209328472671e-06 4.95064077199451e-06 5.39919399026677e-06 5.78542861815225e-06 5.61079593255603e-06 5.43616324695981e-06 5.38377344128094e-06 5.38377344128094e-06 5.38377344128094e-06 5.38377344128094e-06 5.38377344128094e-06 5.38377344128094e-06 5.38377344128094e-06
1.00420891442355e-05 1.01681823423405e-05 1.01680580257835e-05 1.01138404886569e-05 9.97734266642661e-06 9.64885751228747e-06 9.32037235814831e-06 8.73494790217442e-06 8.12097463488556e-06 7.66069418902918e-06 7.35410656460543e-06 7.13185101138439e-06 7.66858409898899e-06 8.20531718659358e-06 8.00245677447087e-06 7.48262771960774e-06 7.00042596927604e-06 6.60602126285108e-06 6.21161655642608e-06 5.60302228080901e-06 4.9706291641706e-06 5.24816450801284e-06 6.43562831233625e-06 7.50434573622743e-06 7.50434573622743e-06 7.50434573622743e-06 6.96996672407606e-06 6.20656813528823e-06 5.62750197256415e-06 5.47854480398907e-06 5.32958763541398e-06 5.20125530556468e-06 5.0752146244627e-06 5.13895932385817e-06 5.39248940375119e-06 5.61079593255603e-06 5.51209050156686e-06 5.41338507057769e-06 5.38377344128094e-06 5.38377344128094e-06 5.38377344128094e-06 5.38377344128094e-06 5.38377344128094e-06 5.38377344128094e-06 5.38377344128094e-06
9.64464081221197e-06 9.67373924254392e-06 9.94317721847434e-06 1.03156178568042e-05 1.05450575489385e-05 1.04408283666165e-05 1.03365991842944e-05 9.4581271667949e-06 8.49362816760895e-06 7.97600317289e-06 7.90525218263835e-06 7.89192984977173e-06 8.39546543337129e-06 8.89900101697086e-06 8.96608930626518e-06 8.8461287551429e-06 8.53627003749578e-06 7.78331559795718e-06 7.03036115841852e-06 6.49309820488498e-06 5.97980097201876e-06 6.15378225177194e-06 7.01504204414492e-06 7.79017585728068e-06 7.79017585728068e-06 7.79017585728068e-06 7.25579684512931e-06 6.49239825634148e-06 5.94770682482702e-06 5.91333209361738e-06 5.87895736240774e-06 5.65895908266611e-06 5.4183359641987e-06 5.32727787572183e-06 5.38578481723561e-06 5.43616324695981e-06 5.41338507057769e-06 5.39060689419557e-06 5.38377344128094e-06 5.38377344128094e-06 5.38377344128094e-06 5.38377344128094e-06 5.38377344128094e-06 5.38377344128094e-06 5.38377344128094e-06
1.00597851921216e-05 1.00597851921216e-05 1.03079190788926e-05 1.06623960599941e-05 1.08523505086093e-05 1.06584190480893e-05 1.04644875875693e-05 9.7341351287621e-06 8.94418033681184e-06 8.54920294083657e-06 8.54920294083657e-06 8.5925013040523e-06 9.02548493621036e-06 9.45846856836843e-06 9.58836365801587e-06 9.58836365801587e-06 9.2634105068139e-06 8.18023333614033e-06 7.09705616546666e-06 6.63437463543921e-06 6.24063706548372e-06 6.31413861403487e-06 6.85487928109296e-06 7.34154588144528e-06 7.34154588144528e-06 7.34154588144528e-06 7.1188879597155e-06 6.80080521438716e-06 6.51134991613839e-06 6.28869199440866e-06 6.06603407267891e-06 5.79627021579657e-06 5.52127236611951e-06 5.38377344128094e-06 5.38377344128094e-06 5.38377344128094e-06 5.38377344128094e-06 5.38377344128094e-06 5.38377344128094e-06 5.38377344128094e-06 5.38377344128094e-06 5.38377344128094e-06 5.38377344128094e-06 5.43160761168336e-06 5.48475668990828e-06
