Map_Files/Diversity_Metrics/richness.asc
NCOLS 312 
NROWS 528 
XLLCORNER 7 
YLLCORNER -10 
CELLSIZE 0.0416666666666667 
NODATA_value -9999 
[rows 348 to 376 of 528, columns 195 to 259 of 312]
30 30.999999952 30.000000048 29.000000048 29.999999952 28.000000096 28.999999952 28.000000048 28 27.000000048 27 26.000000048 26 26.999999952 26.000000048 25.000000048 25 24.000000048 24 24 23.000000048 23 22.000000048 22 21.000000048 21.999999952 22 21.000000048 21 20.000000048 20 21.999999904 22 22.999999952 21.000000096 21 20.000000048 20 18.000000096 18 19.999999904 20 20 20 20 19.000000048 19 19.999999952 20 20 17.000000144 16.000000048 15.000000048 14.000000048 14 14 14 14 14 14 13.000000048 13 13 14.999999904 15
30.999999952 30.000000048 30 30 29.000000048 29 29.999999952 26.000000192 26 26.999999952 27 27 27 26.000000048 26.999999952 25.000000096 24.000000048 24 23.000000048 23 23 22.000000048 21.000000048 21.999999952 22 21.000000048 21.999999952 20.000000096 20 20 20.999999952 21 21.999999952 22 21.000000048 20.000000048 20.999999952 18.000000144 19.999999904 20 19.000000048 19.999999952 20 20 20 19.000000048 19 19 19 18.000000048 16.000000096 14.000000096 14.999999952 14.000000048 14 14 14 13.000000048 13.999999952 13.000000048 12.000000048 12.999999952 13 14.999999904 13.000000096
30.000000048 29.000000048 30.999999904 30.000000048 29.000000048 28.000000048 28 27.000000048 27 27 27 27 26.000000048 25.000000048 24.000000048 24.999999952 24.000000048 22.000000096 22.999999952 23 23.999999952 22.000000096 21.000000048 20.000000048 20.999999952 21.999999952 21.000000048 20.000000048 20 20 21.999999904 22 22 22 21.000000048 20.000000048 20.999999952 18.000000144 19.999999904 20 19.000000048 19.999999952 20 19.000000048 19 19 18.000000048 17.000000048 17.999999952 17.000000048 15.000000096 15 15 14.000000048 14 14 13.000000048 12.000000048 12.999999952 12.000000048 12.999999952 13 13 14.999999904 15
31 30.000000048 28.000000096 29.999999904 29.000000048 27.000000096 27.999999952 28 27.000000048 27 27 26.000000048 25.000000048 24.000000048 25.999999904 24.000000096 24 23.000000048 23 23 23 21.000000096 21 20.000000048 19.000000048 19.999999952 20 20.999999952 21 20.000000048 20.999999952 21.999999952 22 22 21.000000048 20.000000048 19.000000048 19.999999952 19.000000048 18.000000048 18 18.999999952 19 19 19 19 19 18.000000048 17.000000048 17 15.000000096 14.000000048 14 14 14 14 12.000000096 12.999999952 12.000000048 12 12 12 12.999999952 13.999999952 14.999999952
30.000000096 27.000000144 27 27 27 27 27.999999952 28 27.000000048 27 26.000000048 26 25.000000048 25 25 25 24.000000048 25.999999904 23.000000144 23 23 21.000000096 21 21.999999952 21.000000048 19.000000096 19 19 19.999999952 20 20 20.999999952 21 21 20.000000048 20 20 18.000000096 18.999999952 17.000000096 18.999999904 19 18.000000048 18.999999952 19 18.000000048 18.999999952 17.000000096 17 16.000000048 15.000000048 15 14.000000048 14 14 13.000000048 13 13 12.000000048 12 12 12.999999952 13.999999952 15.999999904 16
25.00000024 27.999999856 28 28 27.000000048 27 27 26.000000048 26.999999952 27 25.000000096 25 25.999999952 25.000000048 22.000000144 23.999999904 24 22.000000096 22.999999952 23 22.000000048 21.000000048 21 21.999999952 21.000000048 19.000000096 19 19 19.999999952 17.000000144 18.999999904 19 19 19.999999952 20 19.000000048 19.999999952 18.000000096 18 18 18.999999952 19 19 19 19 19 19 18.000000048 16.000000096 16 15.000000048 15 15 14.000000048 13.000000048 13 13.999999952 12.000000096 12.999999952 12.000000048 12 12 12.999999952 14.999999904 15.999999952
29 28.000000048 27.000000048 27 27 26.000000048 26 26 26.999999952 26.000000048 26 27.999999904 24.000000192 25.999999904 24.000000096 23.000000048 23 23 22.000000048 22 20.000000096 19.000000048 20.999999904 20.000000048 20.999999952 20.000000048 19.000000048 19 18.000000048 18.999999952 19 19.999999952 18.000000096 19.999999904 20 19.000000048 19.999999952 18.000000096 18.999999952 18.000000048 18.999999952 19 19 19 19 19 19 17.000000096 16.000000048 16 15.000000048 15 15 14.000000048 14 14 13.000000048 12.000000048 12 11.000000048 11.999999952 12.999999952 13.999999952 14.999999952 15
27.999999856 28.999999952 28.000000048 27.000000048 27 27 27 27.999999952 26.000000096 27.999999904 27.000000048 26.000000048 28.999999856 24.00000024 24.999999952 23.000000096 22.000000048 22 24.999999856 24.000000048 21.000000144 21 20.000000048 19.000000048 21.999999856 19.000000144 19 19 18.000000048 17.000000048 18.999999904 19 18.000000048 19.999999904 20 19.000000048 18.000000048 17.000000048 17.999999952 18.999999952 19 19 19 19 18.000000048 17.000000048 18.999999904 16.000000144 16.999999952 17 16.000000048 15.000000048 14.000000048 14 13.000000048 13.999999952 12.000000096 11.000000048 11 11.999999952 12 12.999999952 14.999999904 15 15
27.999999904 28 28 28 27.000000048 27.999999952 26.000000096 26.999999952 26.000000048 26 26 26.999999952 27.999999952 25.000000144 24.000000048 23.000000048 21.000000096 22.999999904 21.000000096 22.999999904 22.000000048 22 20.000000096 20 21.999999904 18.000000192 18 18.999999952 17.000000096 17.999999952 18.999999952 19 19.999999952 20 20 19.000000048 17.000000096 17 17 18.999999904 19 18.000000048 18 18.999999952 19 19 17.000000096 17 17 17 15.000000096 15 15 15 14.000000048 13.000000048 13.999999952 13.000000048 13 13 13 13.999999952 14.999999952 15 15
28.999999856 29 29 28.000000048 27.000000048 26.000000048 26.999999952 27 26.000000048 27.999999904 28 28 23.00000024 23.999999952 23.000000048 23 23.999999952 24.999999952 23.000000096 21.000000096 21.999999952 21.000000048 19.000000096 20.999999904 21 19.000000096 19 17.000000096 17 17.999999952 18 16.000000096 18.999999856 19.999999952 20 19.000000048 17.000000096 17 17 17.999999952 18.999999952 19 19 18.000000048 18 17.000000048 17 17 17 16.000000048 16 16 16 15.000000048 14.000000048 12.000000096 12 14.999999856 13.000000096 13 13.999999952 14.999999952 15 15 15
26.999999904 27 27.999999952 27.000000048 27 27 26.000000048 26.999999952 26.000000048 27.999999904 25.000000144 22.000000144 23.999999904 24.999999952 24.000000048 24 24 24 22.000000096 23.999999904 20.000000192 19.000000048 19.999999952 20 20 19.000000048 19.999999952 17.000000144 18.999999904 18.000000048 18 18 18 19.999999904 19.000000048 19 18.000000048 17.000000048 17 17.999999952 18.999999952 19 19 19 19 18.000000048 17.000000048 17 17 16.000000048 15.000000048 15 15.999999952 14.000000096 14 14.999999952 14.000000048 13.000000048 14.999999904 15 15 15.999999952 14.000000096 14.999999952 15
25.000000096 26.999999904 27 28.999999904 27.000000096 27 27.999999952 26.000000096 27.999999904 25.000000144 25 24.000000048 25.999999904 25.000000048 25.999999952 25.000000048 24.000000048 24 23.000000048 23.999999952 23.000000048 20.000000144 20.999999952 21 21 19.000000096 19.999999952 17.000000144 17 17.999999952 18.999999952 18.000000048 18 18 19.999999904 19.000000048 17.000000096 17 17 17 17.999999952 18.999999952 18.000000048 18.999999952 16.000000144 16.999999952 16.000000048 16.999999952 16.000000048 16.999999952 16.000000048 15.000000048 14.000000048 14 14.999999952 15 13.000000096 13.999999952 14.999999952 14.000000048 15.999999904 15.000000048 15 15.999999952 15.000000048
28 25.000000144 26.999999904 27.999999952 28 27.000000048 27 27 25.000000096 23.000000096 23.999999952 25.999999904 25.000000048 25.999999952 24.000000096 23.000000048 22.000000048 22.999999952 23 21.000000096 21 19.000000096 20.999999904 21 20.000000048 19.000000048 19.999999952 17.000000144 17.999999952 18.999999952 18.000000048 18 17.000000048 17 17.999999952 18.999999952 17.000000096 17 17 17 17 17.999999952 17.000000048 16.000000048 16 16 16 16 16 15.000000048 15 15 16.999999904 14.000000144 14.999999952 15 14.000000048 14.999999952 15 14.000000048 14.999999952 14.000000048 14.999999952 15 15
28.000000048 28.999999952 27.000000096 25.000000096 25 25 25.999999952 23.000000144 24.999999904 22.000000144 24.999999856 25 25 25 24.000000048 23.000000048 23.999999952 22.000000096 20.000000096 20.999999952 21 20.000000048 18.000000096 18.999999952 19.999999952 17.000000144 19.999999856 18.000000096 18 18.999999952 17.000000096 17 17.999999952 18.999999952 18.000000048 18 16.000000096 16.999999952 17 17 17 17 17 17 17 16.000000048 16 16 16 16 14.000000096 15.999999904 16 14.000000096 14.999999952 15 13.000000096 14.999999904 15 14.000000048 14.999999952 15 15 15.999999952 15.000000048
28.000000048 28 28 27.000000048 27 26.000000048 24.000000096 24.999999952 24.000000048 24.999999952 25 25 25.999999952 24.000000096 24 23.000000048 22.000000048 22 21.000000048 21 21 19.000000096 19 20.999999904 20.000000048 18.000000096 19.999999904 18.000000096 19.999999904 17.000000144 17 17 16.000000048 17.999999904 17.000000048 17 15.000000096 17.999999856 18 18 17.000000048 16.000000048 16 17.999999904 16.000000096 16 16 16 15.000000048 15.999999952 15.000000048 15.999999952 15.000000048 15 15 15 15 15 15 15 15 15 15 15 15
27.000000096 28.999999904 27.000000096 26.000000048 25.000000048 24.000000048 24 24.999999952 25 25 24.000000048 24.999999952 25 25 23.000000096 23 22.000000048 22 22.999999952 22.000000048 18.000000192 19.999999904 19.000000048 20.999999904 21 18.000000144 18 18 18 18.999999952 18.000000048 18 16.000000096 17.999999904 18 17.000000048 17.999999952 18 18.999999952 17.000000096 17 16.000000048 16 16 15.000000048 15 15 15.999999952 13.000000144 14.999999904 15 15.999999952 15.000000048 15 15 15 15 15 15.999999952 16 15.000000048 15 15.999999952 16 15.000000048
28 26.000000096 26.999999952 26.000000048 26 26 26 25.000000048 26.999999904 23.000000192 23.999999952 24.999999952 25.999999952 24.000000096 22.000000096 22 22 22.999999952 23 20.000000144 19.000000048 19 19 20.999999904 20.000000048 17.000000144 17 17.999999952 17.000000048 17.999999952 18 18 17.000000048 18.999999904 19 17.000000096 17.999999952 18 17.000000048 16.000000048 16.999999952 15.000000096 15.999999952 16.999999952 15.000000096 15.999999952 16 16 16.999999952 16.000000048 14.000000096 14 14 14.999999952 15 14.000000048 14.999999952 15 15 15.999999952 16 15.000000048 15 15.999999952 16
25.000000144 26.999999904 25.000000096 26.999999904 26.000000048 25.000000048 25.999999952 26.999999952 24.000000144 22.000000096 25.999999808 26 25.000000048 23.000000096 22.000000048 22 22 22.999999952 22.000000048 21.000000048 18.000000144 18.999999952 19 19 18.000000048 18 18 18.999999952 19 16.000000144 16.999999952 17 18.999999904 19 18.000000048 18.999999952 18.000000048 18 18 15.000000144 16.999999904 17 15.000000096 15.999999952 14.000000096 14.999999952 15 15 15.999999952 15.000000048 13.000000096 13 13 13 13 13.999999952 14.999999952 15 15 15 15.999999952 16 16 15.000000048 15.999999952
25.999999952 26.999999952 26.000000048 26 26 26.999999952 25.000000096 26.999999904 22.00000024 25.999999808 25.000000048 25 24.000000048 22.000000096 22 22 22.999999952 23 22.000000048 19.000000144 18.000000048 19.999999904 20.999999952 20.000000048 19.000000048 18.000000048 18 17.000000048 16.000000048 16.999999952 16.000000048 17.999999904 17.000000048 17.999999952 18.999999952 18.000000048 18 18 17.000000048 17 16.000000048 16.999999952 16.000000048 15.000000048 15 15 15 15 15 15 13.000000096 12.000000048 12.999999952 13 13 12.000000048 12.999999952 13 13 14.999999904 15 15 15.999999952 16 16
26.000000048 25.000000048 25 25.999999952 25.000000048 25 25.999999952 24.000000096 24 24 24.999999952 25 22.000000144 22 22 22.999999952 23 21.000000096 21.999999952 19.000000144 19 19.999999952 19.000000048 19 19.999999952 19.000000048 18.000000048 17.000000048 17 17.999999952 17.000000048 17 17 17.999999952 18.999999952 18.000000048 18 17.000000048 17 17 17 16.000000048 16 15.000000048 15 15 15 15 15 14.000000048 14 12.000000096 12.999999952 13 12.000000048 12.999999952 12.000000048 13.999999904 14 13.000000048 13 14.999999904 15.999999952 16 15.000000048
26.000000048 26 26.999999952 25.000000096 25.999999952 26 26 24.000000096 25.999999904 26 26 22.000000192 22 22 22.999999952 22.000000048 22 22.999999952 21.000000096 20.000000048 19.000000048 19 19 18.000000048 19.999999904 18.000000096 18 18.999999952 16.000000144 16.999999952 17 17 17.999999952 17.000000048 17.999999952 17.000000048 17 17 17 16.000000048 15.000000048 15.999999952 15.000000048 15 15 15.999999952 15.000000048 15 14.000000048 14 13.000000048 13 12.000000048 12.999999952 13 13.999999952 13.000000048 12.000000048 13.999999904 14 14 14 12.000000096 13.999999904 14
26.999999952 26.000000048 26 26.999999952 26.000000048 26 25.000000048 25.999999952 26 24.000000096 23.000000048 23 23 23 23 23 23 22.000000048 21.000000048 19.000000096 19 19 19.999999952 19.000000048 19 18.000000048 16.000000096 17.999999904 16.000000096 16.999999952 17 17 17.999999952 17.000000048 17.999999952 16.000000096 16 16 16 16 16 15.000000048 15.999999952 16 16 15.000000048 15 15.999999952 14.000000096 13.000000048 12.000000048 12.999999952 13 13.999999952 12.000000096 12.999999952 13 13 12.000000048 13.999999904 14 12.000000096 13.999999904 14.999999952 13.000000096
23.000000144 25.999999856 25.000000048 26.999999904 25.000000096 25.999999952 26 26 24.000000096 23.000000048 23 23.999999952 22.000000096 22.999999952 23 23 22.000000048 22 20.000000096 19.000000048 19 19 19.999999952 20 17.000000144 17 17.999999952 18 16.000000096 16 16.999999952 17 17 17 17 16.000000048 16 16 14.000000096 14.999999952 15 14.000000048 15.999999904 16 14.000000096 14.999999952 15 15 14.000000048 14 12.000000096 12.999999952 13 12.000000048 13.999999904 14 13.000000048 13 13 13.999999952 14 14 13.000000048 14.999999904 13.000000096
25 24.000000048 24.999999952 24.000000048 24.999999952 25 23.000000096 23.999999952 23.000000048 22.000000048 22.999999952 23.999999952 21.000000144 22.999999904 23 23 22.000000048 22 20.000000096 19.000000048 19 19.999999952 19.000000048 18.000000048 18 17.000000048 16.000000048 16 16 16 16 16.999999952 16.000000048 16.999999952 17 17 17 15.000000096 15 15 15 15 15 15 15.999999952 15.000000048 13.000000096 13.999999952 14.999999952 13.000000096 13 13 13 12.000000048 12.999999952 13.999999952 13.000000048 12.000000048 12.999999952 13.999999952 13.000000048 13.999999952 14 14 14
25 25 23.000000096 23 24.999999904 24.000000048 24 23.000000048 22.000000048 22 21.000000048 21.999999952 22 21.000000048 21.999999952 22 22 21.000000048 19.000000096 18.000000048 18.999999952 19 19 18.000000048 18.999999952 17.000000096 17.999999952 17.000000048 17 16.000000048 16 15.000000048 15 15.999999952 16.999999952 16.000000048 15.000000048 15 15 14.000000048 14.999999952 14.000000048 14.999999952 15 15 14.000000048 14 14 13.000000048 13 13 13 13 12.000000048 12.999999952 13.999999952 13.000000048 13 12.000000048 12 12.999999952 13.999999952 14 14 12.000000096
25 24.000000048 23.000000048 24.999999904 25 22.000000144 23.999999904 24 22.000000096 22 23.999999904 22.000000096 23.999999904 23.000000048 21.000000096 20.000000048 20.999999952 20.000000048 18.000000096 18 18.999999952 19.999999952 18.000000096 15.000000144 16.999999904 17 17 16.000000048 15.000000048 16.999999904 14.000000144 14.999999952 14.000000048 15.999999904 16.999999952 15.000000096 15 15 14.000000048 14.999999952 14.000000048 14.999999952 15 15 15 14.000000048 14 14 14 13.000000048 13 13 13 13 12.000000048 13.999999904 13.000000048 12.000000048 12 12.999999952 12.000000048 12 12.999999952 13 12.000000048
24.999999904 22.000000144 24.999999856 25 24.000000048 24 24 24 22.000000096 22.999999952 22.000000048 22 22.999999952 23 23 20.000000144 20.999999952 19.000000096 19 18.000000048 18 18.999999952 16.000000144 16.999999952 16.000000048 16 16 16 15.000000048 15 14.000000048 14 14.999999952 14.000000048 14.999999952 14.000000048 14 14 13.000000048 13.999999952 14.999999952 12.000000144 12 14.999999856 13.000000096 13.999999952 13.000000048 13 12.000000048 12.999999952 12.000000048 12 12 12.999999952 12.000000048 12 12.999999952 13 13 12.000000048 12.999999952 13 12.000000048 12.999999952 12.000000048
24.999999952 22.000000144 24.999999856 22.000000144 22.999999952 23 22.000000048 22 22.999999952 23.999999952 22.000000096 22.999999952 22.000000048 22 22.999999952 23 22.000000048 20.000000096 18.000000096 17.000000048 17.999999952 18 16.000000096 15.000000048 15 15.999999952 16.999999952 17 15.000000096 15 14.000000048 14 14 14 14.999999952 14.000000048 14 14 13.000000048 13 12.000000048 12 12.999999952 12.000000048 12 12 12 12 10.000000096 11.999999904 11.000000048 11 11 11.999999952 12 12 12.999999952 13 13 13 13 13 12.000000048 11.000000048 11.999999952
24.999999952 22.000000144 23.999999904 23.000000048 22.000000048 22 22 22.999999952 23 23 22.000000048 21.000000048 21.999999952 22 22 22 22 20.000000096 18.000000096 18 18 16.000000096 16 16.999999952 15.000000096 15.999999952 16 16 15.000000048 15 15 14.000000048 13.000000048 13 13 12.000000048 12.999999952 13 12.000000048 12.999999952 13 13.999999952 13.000000048 12.000000048 12 12 12.999999952 12.000000048 10.000000096 10.999999952 10.000000048 11.999999904 11.000000048 11 11 11 11 11.999999952 12 12 12 12 11.000000048 11 11.999999952
