Map_Files/Diversity_Metrics/richness.asc
NCOLS 312 
NROWS 528 
XLLCORNER 7 
YLLCORNER -10 
CELLSIZE 0.0416666666666667 
NODATA_value -9999 
[rows 87 to 115 of 528, columns 130 to 194 of 312]
5 5 5 5 5 5 5 5 5 5 5 5 5 5 5 5 5 5.999999952 6 7.99999990399999 8.999999952 8.000000048 4.00000019200002 4.999999952 5.999999952 5.000000048 5 5 5 5 5 5 5 5 5 5 5 5 5 5 5 5 5 5 5 5 4.000000048 4 4 4 4 4 4 4 4 4 4 4 4 4 4 4 4 4.999999952 4.000000048
5 5 5 5 5 5 5 5 5 5 5 5 5 5 5 5 5 5 5 6.99999990399999 5.00000009600001 5 5 5 5.999999952 5.000000048 5 5 5 5 5 5 5 5 5 5 5 5 5 5 5 5 5 5 5 4.000000048 4 4 4 4 4 4 4 4 4 4 4 4 4 4 4 4 4 4 4.999999952
5 5 5 5 5 5 5 5 5 5 5 5 5 5 5 5 5 5 5 5 5 5 6.99999990399999 6.000000048 5.000000048 5 5 5 5 5 5 5 5 5 5 5 5 5 5 5 5 5 5 5 5 4.000000048 4 4 4 4 4 4 4 4 4 4 4 4 4 4 4 4 4 4 4.999999952
6 5.000000048 5.999999952 6 5.000000048 5 5.999999952 5.000000048 5.999999952 6 5.000000048 5 5.999999952 6 6 6 6 6 6 6 6 6 6 6 6 6 6 6 6 6 6 6 6 6 6 6 6 5.000000048 5 5 5.999999952 5.000000048 5 5 4.000000048 4 4 4 4 4 4 4 4 4 4 4 4.999999952 5 5 5 4.000000048 4 4 4.999999952 5
6 6 6 6 6 6 6 6 6 6 6 6 6 6 6 6 6 6 6 6 6 6 6 6 6 6 6 6 6 6 6 6 6 6 6 6 6 6 6 5.000000048 5.999999952 6 5.000000048 5 4.000000048 4 4 4 4 4 4 4 4.999999952 4.000000048 4 4.999999952 5.999999952 6 6 6 5.000000048 5 5 5 5
6 6 6 6 6 6 6 6 6 6 6 6 6 6 6 6 6 6 6 6 6 6 6 6 6 6 6 6 6 6 6 6 6 6 6 6 6 6 6 6 6 6 5.000000048 5 5 5 4.000000048 4 4.999999952 5 5 5 5 5 5 5.999999952 5.000000048 5 5 5 5.999999952 6 6 6 6
6 6 6 6 6 6 6 6 6 6 6 6 6 6 6 6 6 6 6 6 6 6 6 6 6 6 6 6 6 6 6 6 6 6 6 6 6 6 6 6 6 6 5.000000048 5 5 5 5 5 5 5 5 5 5 5 5 5 5 5 5 5 5 5 5 5 5
6 6 6 6 6 6 6 6 6 6 6 6 6 6 6 6 6 6 6 6 6 6 6 6 6 6 6 6 6 6 6 6 6 6 6 6 6 6 6 6 6 5.000000048 5 5 5 5 5 5 5 5 5 5 5 5 5 5 5 5.999999952 5.000000048 5 5 5 5 5 5
6 6 6 6 6 6 6 6 6 6 6 6 6 6 6 6 6 6 6 6 6 6 6 6 6 6 6 6 6 6 6 6 6 6 6 6 6 6 6 6 5.000000048 5 5 5 5.999999952 5.000000048 5 5 5 5 5 5 5 5 5 5 5.999999952 5.000000048 5.999999952 6 6 5.000000048 5.999999952 5.000000048 5
6 6 6 6 6 6 6 6 6 6 6 6 6 6 6 6 6 6 6 6 6 6 6 6 6 6 6 6 6 6 6 6 6 6 6 6 6 6 6 5.000000048 5 5.999999952 6 6 6.999999952 6.000000048 5.000000048 5.999999952 6 6 6 5.000000048 5 5 5 5 5.999999952 5.000000048 5.999999952 6 5.000000048 5.999999952 5.000000048 5.999999952 5.000000048
6 6 6 6 6 6 6 6 6 6 6 6 6 6 6 6 6 6 6 6 6 6 6 6 6 6 6 6 6 6 6 6 6 6 6 6 6.999999952 7.999999952 8 6.00000009600001 6.999999952 7.999999952 7.000000048 7 7 7 6.000000048 6.999999952 7 7 6.000000048 6 5.000000048 5 5 5 5 5 5 5 5 5 5 5 5
6 6 6 6 6 6 6 6 6 6.999999952 8.99999990399999 7.00000009600001 6.000000048 6 6 6 6 6 6 6 6 6 6 6 6.999999952 6.000000048 6 6 6 6 6 6 6 6 6 6 6 7.99999990399999 6.00000009600001 6 7.99999990399999 8 8 8 8 7.000000048 7 7 7 7 7 7 5.00000009600001 5 5 5 5 5.999999952 5.000000048 5 5 5 5 5 5
6 6 6 6 6.999999952 7 6.000000048 6.999999952 7 7.999999952 8.99999995199999 7.00000009600001 6.000000048 6 6 6 6 6 6 6 6 6 6 6.999999952 7 7 7 7 6.000000048 6 6 6 6 6 6 5.000000048 5.999999952 6.999999952 7.999999952 8 8 8 8 8 7.000000048 7.999999952 7.000000048 7 7 6.000000048 6 6 5.000000048 5 5 5 5 5 5 5 5 5 5 5 5
6.999999952 7 6.000000048 6.999999952 7 7 7 7 7.999999952 8.999999952 9.999999952 9.000000048 7.00000009600001 6.000000048 6 6 6 6 6 6 6 6 6 6.999999952 7 7 7 6.000000048 6 6 6 6 6 5.000000048 5 5 5 5.999999952 6.999999952 7.999999952 8.999999952 9 8.000000048 7.000000048 7 7 7 7 7 6.000000048 5.000000048 5 5 5 5 5 5 5 5 5 5 5 5 5 5
9 9 7.00000009600001 7 7 7 7.999999952 9.99999990399999 10.999999952 11 9.00000009600001 8.000000048 8 7.000000048 6.000000048 6 6 6.999999952 6.000000048 6 6 6 6 6.999999952 7 7 6.000000048 6 6 6 6 6 5.000000048 5.999999952 6 6 6.999999952 7 7.999999952 8.999999952 9 9 8.000000048 8 7.000000048 7 7 6.000000048 6 5.000000048 5 5 5 5 5 5 5 5 5 5 5 5 5 5 5
8.99999995199999 8.000000048 8 8 8 8 9.99999990399999 10.999999952 10.000000048 10 8.00000009600001 8 8 7.000000048 7 7 6.000000048 6.999999952 7 7 6.000000048 6 6.999999952 7 7 7 6.000000048 6 6 6 6 5.000000048 5 5 5.999999952 6.999999952 8.99999990399999 9 9 8.000000048 7.000000048 7 7 7.999999952 7.000000048 7 6.000000048 6 5.000000048 5 5 5.999999952 5.000000048 5 5 5 5 5 5 5 5 5 5 5 5
7.999999952 8 8 8 8 8 8.999999952 9.999999952 9.000000048 9 9 9 7.00000009600001 7 7 7 6.000000048 6.999999952 7 7 6.000000048 6 6.999999952 7.999999952 7.000000048 6.000000048 6 6.999999952 7 6.000000048 6 6 6 6 6 6.999999952 8.99999990399999 9 9 9 7.00000009600001 6.000000048 6.999999952 7 7 6.000000048 6 6 6 6 6 6 5.000000048 5 5 5 5 5 5 5 5 5 5 5 5
8 8 8 8 8 8 9.99999990399999 10 9.000000048 9 9 9 9 9 9 8.000000048 8 7.000000048 7 7 6.000000048 6.999999952 7 7.999999952 8 7.000000048 7 7.999999952 8 8.999999952 9 9 9 7.00000009600001 7 7 8.99999990399999 7.00000009600001 7 7 7 6.000000048 6 6 6 6 6 6 6 6 6 6 6 6 5.000000048 5 5 5 5.999999952 5.000000048 5 5 5 5 5
8 8 8 8 8 8.99999995199999 9.999999952 9.000000048 9 9 9.999999952 10 10 9.000000048 9 9 9 9 8.000000048 6.00000009600001 6.999999952 7 7.999999952 8.99999995199999 9 10.999999904 10.000000048 10 10.999999952 10.000000048 10 9.000000048 9 9 7.00000009600001 7 7 7 7 6.000000048 6 6 6 6 6 6 6 6 6 6 6 6 6 6 6 6 6 6 6 6 6 6 5.000000048 5 5
7 7.999999952 8 8 8 8 10.999999856 10.000000048 10 10 10 10 10 10 9.000000048 9 9 9 9 9 8.000000048 7.000000048 7.999999952 8.999999952 9 9.999999952 10.999999952 11.999999952 11.000000048 8.00000014400001 7.000000048 7 7 7 7 7 6.000000048 6 6 6 6 6 6 6 6 6 6 6 6 6 6 6 6 6 6 6 6 6 6 6 6 6 6 6 6
7 7 7 7 7.999999952 7.000000048 9.99999985599999 10 10 9.000000048 9 9 9 9 9 9 8.000000048 8 8 8 8.999999952 8.000000048 8 8 8 9.99999990399999 9.000000048 9.999999952 9.000000048 8.000000048 7.000000048 6.000000048 6.999999952 7 6.000000048 6.999999952 7 7 6.000000048 6 6 6 6.999999952 6.000000048 6 6 6.999999952 7 6.000000048 6 6 6 6 6 6 6 6 6 6 6 6 6 6 6 6
7 7 7 7 7.999999952 8 8.99999995199999 9 9 9 9 9 9 9 9 9 8.000000048 8 8 8.99999995199999 9 9 8.000000048 8 7.000000048 7 7 7 7 7 6.000000048 6 6 6 6.999999952 6.000000048 6 6.999999952 7 7 7 7 7 7 7 7 7 6.000000048 6 6 6 6 6 6 6 6 6 6 6 6 6 6 6 6 6
7 7 7.999999952 8.999999952 8.000000048 8 8.999999952 8.000000048 10.999999856 9.00000009600001 9 9 9 9 9 9 9 8.000000048 8 8 8 8 8 7.000000048 7 7 7.999999952 8 8.999999952 8.000000048 7.000000048 8.99999990399999 9 7.00000009600001 7 7 7.999999952 6.00000009600001 6.999999952 7 7.999999952 8 7.000000048 7 7 7.999999952 6.00000009600001 6 6 6 6 6 6 6 6 6 6 6.999999952 6.000000048 6 6 6 6 6 6
7 7 8.99999990399999 9 9 9 9.999999952 9.000000048 9 9.999999952 9.000000048 9 9 9 9 9 9 9 9 9 8.000000048 8 8 8 7.000000048 7 8.99999990399999 8.000000048 8 8 8 8 8 8 8 7.000000048 7 7 8.99999990399999 8.000000048 8.999999952 8.000000048 8 7.000000048 7 6.000000048 6 7.99999990399999 8 8 8 7.000000048 6.000000048 6 6 6 6.999999952 7 6.000000048 6 6 6 6 6 6
9 9 9 9 9 9 9 9 9 9.999999952 9.000000048 8.000000048 8.99999995199999 9 8.000000048 8.99999995199999 9 9 9 8.000000048 8 8 8.99999995199999 9 9 9 9.999999952 9.000000048 9 9 8.000000048 8 8 8 8 8 8 9.99999990399999 10.999999952 11 10.000000048 10 8.00000009600001 8 7.000000048 7 7 9.99999985599999 10 10 8.00000009600001 8 6.00000009600001 6 6.999999952 7 7 7 6.000000048 6.999999952 6.000000048 6 6 6 6
9.999999952 9.000000048 9 9 9 9 9 9 9 9.999999952 9.000000048 8.000000048 8 8 8.999999952 9 9 9 8.000000048 8 8.999999952 8.000000048 8.999999952 9 9 9.999999952 9.000000048 9.999999952 10 10 9.000000048 8.000000048 8 8.999999952 9 9 8.000000048 8.999999952 9 9 9 9 9 9 9 9.999999952 10 10 10 10 10 10 9.000000048 8.000000048 7.000000048 7 7 7 7 7 7 6.000000048 6 6 6
10 9.000000048 9 9 9 9 9 9 9 9 9 9 8.000000048 8 8 8 8 8 8 8 8.999999952 9 9 9 9 9 10.999999904 11 10.000000048 10 10 9.000000048 8.000000048 8.999999952 9 9 8.000000048 8 8.999999952 9 9.999999952 10 10 10 10 10 10 10 10 10 10 10 10 7.00000014400001 7 7 7 7 7 7 7 7 6.000000048 6 6
9.00000009600001 9 9 9 9 9 9 9 9 9 9.999999952 8.00000009600001 8 8 8 8 8 8 8 8 8 8 8.99999995199999 9 9.999999952 10 10.999999952 11 11 10.000000048 10 10.999999952 10.000000048 9.000000048 9 8.000000048 8 8 8.99999995199999 9.999999952 10 10.999999952 11 11 11 11 11 11 10.000000048 9.000000048 9 9.999999952 9.000000048 9 7.00000009600001 7 7 7 7 7 7 7 7 6.000000048 6
10 9.000000048 9 9 9 9 9 9 9 9 9.999999952 9.000000048 8.000000048 8 8 8.999999952 9 8.000000048 8 8 8.999999952 9 9 9.999999952 10 10 9.000000048 9.999999952 10.999999952 11.999999952 12 12 12 11.000000048 10.000000048 8.00000009600001 8 8 9.99999990399999 10.999999952 11 11 11 11 11 11 11 9.00000009600001 9.999999952 10 10 10 9.000000048 8.000000048 9.99999990399999 7.00000014400001 7 7 7 7 7.999999952 7.000000048 7 6.000000048 6
