Map_Files/Diversity_Metrics/richness.asc
NCOLS 312 
NROWS 528 
XLLCORNER 7 
YLLCORNER -10 
CELLSIZE 0.0416666666666667 
NODATA_value -9999 
[rows 464 to 492 of 528, columns 195 to 259 of 312]
8 8.999999952 8.000000048 8 8.999999952 9 8.000000048 8 7.000000048 7 7 7 7 7 7.999999952 8 8 8 8 8 7.000000048 7 7 7 7 7 6.000000048 6.999999952 7 6.000000048 6 6 6 5.000000048 4.000000048 4.999999952 5.999999952 4.00000009600001 4 4 4 4 4 4 4.999999952 5 5 5 5 5 4.000000048 4 4 4 4 4 4 4 4 4 4 4 4 4 4
7.99999990399999 8 8 8.999999952 8.000000048 8 8.999999952 8.000000048 7.000000048 7 7 7 7 7 7.999999952 8 8 8 8 8 7.000000048 7 7 7 7 7.999999952 7.000000048 7 7 7 7 7.999999952 7.000000048 7 6.000000048 4.00000009600001 4.999999952 5.999999952 4.00000009600001 4 4 4 4 4 4 4.999999952 5 5.999999952 5.000000048 5 5 5 4.000000048 4 4 4 4 4.999999952 4.000000048 4.999999952 4.000000048 4.999999952 4.000000048 4 4
6.999999952 7.999999952 8 8 8 8 8 8 7.000000048 7 7 7 7 7 7.999999952 8 8 8 8 8 8 7.000000048 7 7 7 7.999999952 8 7.000000048 7 7.999999952 8.999999952 6.00000014400001 7.99999990399999 6.00000009600001 6 4.00000009600001 4 4.999999952 5 5 4.000000048 4.999999952 5 5 5 5 5.999999952 5.000000048 5 5 5 5 4.000000048 4 4 4 4 4.999999952 4.000000048 4.999999952 5 4.000000048 4 4 4
6.000000048 7.99999990399999 8 8.999999952 9 8.000000048 8 7.000000048 7 7 7 7 7 7.999999952 8 8 8 8 8 8 8 8 7.000000048 7 7 7 7.999999952 8 7.000000048 8.99999990399999 8.000000048 8 6.00000009600001 6.999999952 6.000000048 5.000000048 4.000000048 5.99999990399999 5.000000048 5 4.000000048 4 4.999999952 5 5 5 5.999999952 5.000000048 5 5.999999952 5.000000048 5 4.000000048 4 4 4 4.999999952 4.000000048 4 4 4.999999952 4.000000048 4 4 4
6.00000009600001 6.999999952 8.99999990399999 8.000000048 7.000000048 7 7 7 7 7 7 7 7.999999952 8 8 8 8 8 8 8 8 8 7.000000048 7 7 7.999999952 8 8 8 8.999999952 7.00000009600001 6.000000048 6 6 6 6 5.000000048 5.999999952 6 5.000000048 5 5 5 5 5 5 5.999999952 6 5.000000048 5 5 5 5 5 4.000000048 4 4 4 4 4 4 4 4 4 4.999999952
6.000000048 6 7.99999990399999 7.000000048 7 7 7 7 7 7 7 7 7 7.999999952 8 8 8 8 8 8 8 8 8 7.000000048 7 7.999999952 8 7.000000048 7.999999952 8.999999952 7.00000009600001 7.999999952 7.000000048 7 7 6.000000048 6.999999952 6.000000048 5.000000048 5 5 5 5 5 5 5.999999952 5.000000048 5 5 5 5 5 5 4.000000048 4 4 4 4 4 4.999999952 4.000000048 4 4.999999952 4.000000048 4
6 6.999999952 7 7 7 7 7 7 7 7 7 7 7 7.999999952 8 8 8 8 8 8 8 8 8 7.000000048 7 7.999999952 8 8 8 8.999999952 8.000000048 8 7.000000048 7.999999952 8 7.000000048 7 7 6.000000048 6 6 5.000000048 5 5 5 5 5 5 5 5 5.999999952 5.000000048 5 4.000000048 4 4 4 4 4 4 4 4 4.999999952 4.000000048 4.999999952
6.999999952 7 7 7 7 7 7 7 7 7 7 7 7 7.999999952 8 8 8 8 8 8 8 8 8 7.000000048 7.999999952 8 8 8 7.000000048 7.999999952 7.000000048 7.999999952 8 7.000000048 7.999999952 8 8 8 7.000000048 6.000000048 5.000000048 5 5.999999952 5.000000048 5 5 5.999999952 5.000000048 5.999999952 6 5.000000048 5 5 5 4.000000048 4 4 4 4 4 4 4 4 4.999999952 4.000000048
6 6.999999952 7 7 7 7 7 7 7 7 7 7 7.999999952 8 8 8 8 8 8 8 8 8 8 8 8 8 8 8 8 8 8 8 8 8 8 8 8 8.999999952 7.00000009600001 7.999999952 5.00000014400001 5 5 5.999999952 5.000000048 5 5 5 5 5 5 5 5 4.000000048 4 4 4 4 4 4 4 4 4 4.999999952 4.000000048
6.999999952 7 7 7 7 7 7 7 7 7 7 7 7.999999952 8 8 8 8 8 8 8 8 8 8 8 8 8 8 7.000000048 7.999999952 8 8 8 8 8 8 8 8.999999952 8.000000048 8 6.00000009600001 6 5.000000048 5.999999952 5.000000048 5 5 5 5 5 5 5 5 5 5 4.000000048 4 4 4 4 4 4 4 4 4 4
8 7.000000048 7 7 7 7 7 7 7 7 7 7 7.999999952 8 8 8 8 8 8 8 8 8 8 8 8 8 8 8 8 8.999999952 8.000000048 8 8.999999952 9 9 9 8.000000048 8.999999952 8.000000048 8 7.000000048 6.000000048 6.999999952 5.00000009600001 5 5 5 5 5 5 5 5.999999952 5.000000048 5 5 5 4.000000048 4 4 4 4.999999952 4.000000048 4 4 4
8 7.000000048 7.999999952 7.000000048 7 7 7 7 7 7 7 7.999999952 8 8 8 8 8 8 8 8 8 8 8 8 8 8 8 8 8 8.999999952 8.000000048 8.999999952 8.000000048 8.999999952 8.000000048 8 8 8 8.999999952 8.000000048 6.00000009600001 6.999999952 6.000000048 5.000000048 5 5 5 5 5 5 5 5 5 5 5 5 4.000000048 4 4.999999952 4.000000048 4 4 4 5.99999990399999 5.000000048
8 8 8 7.000000048 7 7 7 7 7 7 7.999999952 8 8 8 8 8 8 8 8 8 8 8 8 8 8 8 8 8.999999952 9 9 9.999999952 9.000000048 9 9 8.000000048 8 8 8 8 8 6.00000009600001 6 6 5.000000048 5 5 5 5.999999952 5.000000048 5 5 5.999999952 5.000000048 5 5 5 4.000000048 4 4.999999952 5 5 5 5 5.999999952 5.000000048
8.000000048 8 8 8 7.000000048 7 7 7 7 7 7.999999952 8 8 8 8 8 8 8 8 8 8 8 8 8 8 8.999999952 9 8.000000048 8.999999952 9 9 9 8.000000048 8.999999952 8.000000048 8 8 8 8 8 7.000000048 6.000000048 6 6 6 6 6 5.000000048 5 5 5 5 5 5.999999952 6 6 6 6 6 5.000000048 5 5 5 5 5
8.000000048 8 8 8 7.000000048 7 7.999999952 8 8 8 8 8 8 8 8 8 8 8 8 8 8 8 8 8 8 8.999999952 9 9 9 9 9 9 9 9 8.000000048 8 8 8 8 8 6.00000009600001 7.99999990399999 7.000000048 6.000000048 6.999999952 6.000000048 5.000000048 5 6.99999990399999 6.000000048 6 6 6 6 6 6 6 6 6 5.000000048 5.999999952 6 6 6 6
8.000000048 8 8 8 8 7.000000048 7 7.999999952 8 8 8 8 8 8 8 8 8.999999952 8.000000048 8.999999952 9 9 9 9 9 8.000000048 8.999999952 9 9 9 9 9 9 9 9 8.000000048 8 8 8 8 8 8.999999952 8.000000048 8 7.000000048 7.999999952 7.000000048 6.000000048 6 6 6.999999952 7 7 7 7 7 7 7 7 6.000000048 6 6 6.999999952 6.000000048 6 6
8 8 8 8 7.000000048 7 7 7.999999952 8 8.999999952 9 9 9 9 9 9 9 9 9 9 9 9 9 9 9 9 9 9 9 9 9 9.999999952 9.000000048 8.000000048 8 8 8.999999952 9 9 8.000000048 8.999999952 9 8.000000048 8 8 8 8 7.000000048 7.999999952 7.000000048 7 7.999999952 7.000000048 7 7 7 7 7 7 6.000000048 6 6 6 6 6
8.999999952 8.000000048 8.999999952 7.00000009600001 7 7.999999952 6.00000009600001 8.99999985599999 9 9 9 9 9 9 9 9 9 9 9 9 9 9 9 9 9 9 9 9 9 9 9.999999952 9.000000048 9 8.000000048 8 8.999999952 9 9 9.999999952 10 9.000000048 9 8.000000048 9.99999990399999 9.000000048 9 8.000000048 8 7.000000048 7.999999952 7.000000048 7 7 7 7 7 7 7 7 6.000000048 6.999999952 6.000000048 6 6 6
9 9 8.000000048 8 8 7.000000048 7 7 7.999999952 8.999999952 9 9 9 9 9 9 9 9 9 9 9 9 9 9 9 9 9 9 9 9 9 9 9 8.000000048 8.999999952 9.999999952 10 10 10 10 10 9.000000048 9 9 9 9 8.000000048 8 7.000000048 7.999999952 7.000000048 7 7 7 7 7 7 7 7 7 7 7 7 6.000000048 6
8.000000048 8.999999952 9.999999952 8.00000009600001 7.000000048 7 7 7 7.999999952 8.999999952 9 9 9 9 9 9 9 9 9 9 9 9 9 9 9 9 9 9 9 9 9 9.999999952 10 9.000000048 9.999999952 10 10.999999952 11 11 10.000000048 9.000000048 9.999999952 9.000000048 9 9.999999952 8.00000009600001 8 8 8.999999952 7.00000009600001 7 7 7 7 7 7.999999952 7.000000048 7 7 7 7 6.000000048 6 6 6
8.999999952 8.000000048 8.999999952 9.999999952 8.00000009600001 7.000000048 7 7 7 8.99999990399999 9 9 9 9 9 9 9 9 9 9 9 9 9.999999952 10 9.000000048 9 9 9.999999952 10 10 10 10.999999952 11 11 11 11 11 11 11 10.000000048 9.000000048 9 9 9 9 8.000000048 8.999999952 9 8.000000048 8 7.000000048 7 7 7 7 7 7 7 7 7 7 7 6.000000048 6 6
8 8.999999952 7.00000009600001 8.99999990399999 8.000000048 8.999999952 8.000000048 7.000000048 7.999999952 8.999999952 9 9 9 9 9 9 9 9 9 9 9 9.999999952 10 10 10 10 10 10 11.999999904 12 12 12 11.000000048 11 11 11 11 11 10.000000048 10 9.000000048 9 9 9 9 9 9 9 8.000000048 8 7.000000048 7 7 7 7 7 7 7 7 6.000000048 6 6.999999952 6.000000048 6 6
8 8 8.999999952 9 8.000000048 8 8 8.999999952 9 9 9 9 9 9 9 9 9 9 9 9.999999952 10.999999952 11 11 11.999999952 12 11.000000048 11.999999952 12 12 12 12 12 11.000000048 11 11 11 11 10.000000048 10 9.000000048 9 9 9 9.999999952 10 9.000000048 9 9 9 8.000000048 8 7.000000048 7 7 7 7 7 7 7 6.000000048 6 6 6 6 6
7.999999952 8 7.000000048 7 7.999999952 8 8 8.999999952 9 9.999999952 10 9.000000048 9 9 9 9 9 10.999999904 11 11.999999952 12 12 12 12 12 12 12 12 12 12 12 11.000000048 11 11 11 11 11 10.000000048 9.000000048 9 9 9.999999952 10 9.000000048 9.999999952 9.000000048 9 9 9 8.000000048 8 8 7.000000048 7 7 7 7 7 7 6.000000048 6 6 6 6 6
7 7.999999952 7.000000048 8.99999990399999 8.000000048 8.999999952 8.000000048 8.999999952 9 9 9 9.999999952 10 10 10 10.999999952 11.999999952 12 12 12 12 12 12 12 12 12 12 12 12 12 12 11.000000048 11 11 11 11 11 10.000000048 10 9.000000048 9 9.999999952 10 10 10 8.00000009600001 8.999999952 9 8.000000048 8 8.999999952 8.000000048 8 7.000000048 7 7 7 7 7 7 7 6.000000048 6 6 6
7.999999952 8 8 8 8.999999952 8.000000048 8.999999952 9 9 9 9.999999952 10 10.999999952 12.999999904 13 12.000000048 12 12 12 12 12 12 12 12 12 12 12 12 12 12 11.000000048 11 11 11 11 11 10.000000048 10 10 10 9.000000048 9.999999952 10 10 10 10 9.000000048 9 8.000000048 8 8 8 8 8 7.000000048 7 7 7 7 7 7 7 6.000000048 6 6
7.999999952 7.000000048 7.999999952 8 8 8 8.999999952 9 9.999999952 10.999999952 11 11 11.999999952 12 12 12.999999952 13 12.000000048 12 12 12 12 12 12 12 12 12 12 12 12 11.000000048 11 11 11 11 11 10.000000048 10 10 10 10 10 10 10 10 10 9.000000048 8.000000048 8 8 8 8 8 8 8 7.000000048 7 7 7 7 7 7 7 6.000000048 6
9 9 8.000000048 8.999999952 9 9.999999952 11.999999904 12 12 12 11.000000048 11 11.999999952 12 12 12 12 12.999999952 13 12.000000048 12 12 12 12 12 12 12 12 12 11.000000048 11 11 11 11 11 11 10.000000048 10 10 10 10 10 10 10 10 10 8.00000009600001 8 8 8 8 8 8 8 8 7.000000048 7 7 6.000000048 6 6 6 6 6 6
9 8.000000048 9.99999990399999 10 11.999999904 11.000000048 11.999999952 12 12 12 12 12 12.999999952 13 13 13 13 13 13 13.999999952 14 13.000000048 13 13 13 13 13 12.000000048 12 11.000000048 11 11 11 11 11 10.000000048 10 10 10 10 10 10 10 10 10 9.000000048 8.000000048 8 8 8 8 8 8 8 8 8.999999952 8.000000048 8 7.000000048 7 7 7 7 7 7
