Map_Files/Diversity_Metrics/richness.asc
NCOLS 312 
NROWS 528 
XLLCORNER 7 
YLLCORNER -10 
CELLSIZE 0.0416666666666667 
NODATA_value -9999 
[rows 116 to 144 of 528, columns 65 to 129 of 312]
5 5 5 5 5 4.000000048 4 3.000000048 3 3 3.999999952 4 4 4.999999952 4.000000048 4 4 4 4.999999952 5 5 5 4.000000048 4 4 4 4.999999952 5 8.99999980799998 9 9.999999952 11.999999904 12 11.000000048 9.00000009600001 6.00000014400001 6 4.00000009600001 3.000000048 3 3.999999952 7.99999980799998 8.999999952 8.000000048 8.999999952 8.000000048 8 8.999999952 9.999999952 9.000000048 10.999999904 10.000000048 10 10 9.000000048 9.999999952 10 10 10 10 10 10.999999952 11 11 10.000000048
5 5 5 5 4.000000048 4.999999952 4.000000048 4.999999952 5 4.000000048 4 4 7.99999980799998 8 9.99999990399999 6.00000019200002 5.000000048 4.000000048 4 4 4.999999952 5 5 5 5 5 5 6.99999990399999 7.999999952 9.99999990399999 10 12.999999856 12.000000048 12 12 9.00000014400001 9 9 4.00000024000002 3.000000048 4.99999990399999 7.99999985599999 8.99999995199999 8.000000048 8.99999995199999 8.000000048 8.99999995199999 9 9 9.999999952 10 10 10 9.000000048 9 9.999999952 10 9.000000048 10.999999904 9.00000009600001 10.999999904 11.999999952 11.000000048 11 11
5 4.000000048 4 4 4 3.000000048 3 4.99999990399999 5 5 5 5 4.000000048 7.99999980799998 8.999999952 9 5.00000019200002 4.000000048 4 4.999999952 4.000000048 4 4 4 4 5.99999990399999 6 8.99999985599999 7.00000009600001 8.99999990399999 11.999999856 12 13.999999904 13.000000048 12.000000048 12 12 10.000000096 6.00000019200002 3.00000014400001 5.99999985599999 7.99999990399999 8.999999952 9 9 9 8.000000048 8.999999952 9.999999952 9.000000048 9.999999952 10 10 9.000000048 9 9.999999952 10 9.000000048 9.999999952 10.999999952 11 10.000000048 11.999999904 10.000000096 10.999999952
4.000000048 8.99999975999998 9.999999952 9.000000048 7.00000009600001 6.000000048 5.000000048 4.000000048 4.999999952 5 5 5 4.000000048 4.999999952 5 7.99999985599999 6.00000009600001 4.00000009600001 4.999999952 4.000000048 4 4 4 4 4 4 4.999999952 5.999999952 6 8.99999985599999 11.999999856 12 13.999999904 14 14 14 13.000000048 11.000000096 9.00000009600001 6.00000014400001 6.999999952 7.999999952 8.999999952 9 9 9 8.000000048 8.999999952 9.999999952 9.000000048 9 9 8.000000048 9.99999990399999 9.000000048 9 9.999999952 10 10 10 10 10 10 10 10
6.99999985599999 12.999999712 10.000000144 8.00000009600001 8 8 8 8 5.00000014400001 4.000000048 4 4.999999952 5 5.999999952 6.999999952 10.999999808 6.00000024000002 5.000000048 5 4.000000048 4 4 4 4 4 4 4 5.99999990399999 6 7.99999990399999 11.999999808 12.999999952 13 13.999999952 14 12.000000096 12.999999952 12.000000048 12.999999952 9.00000019200001 8.000000048 8.99999995199999 9.999999952 10 10 9.000000048 9 9 9.999999952 9.000000048 9 9 9 9 8.000000048 9.99999990399999 9.000000048 10.999999904 10.000000048 10 10 10 10 10 10
6.99999980799998 7.999999952 7.000000048 4.00000014400001 4 5.99999990399999 7.99999990399999 8 7.000000048 5.00000009600001 5 5 4.000000048 7.99999980799998 8 10.999999856 8.00000014400001 8 8 6.00000009600001 4.00000009600001 7.99999980799998 5.00000014400001 4.000000048 4.999999952 5 5 6.99999990399999 7 9.99999985599999 13.999999808 14 14 15.999999904 14.000000096 13.000000048 12.000000048 12 12 10.000000096 11.999999904 11.000000048 10.000000048 9.000000048 9.999999952 10 10 10 9.000000048 9 9 9 9 9 9 8.000000048 9.99999990399999 10.999999952 11 11 10.000000048 10 10.999999952 11 11
5 5.999999952 4.00000009600001 4 4.999999952 7.99999985599999 8 8 8 8.999999952 7.00000009600001 6.000000048 7.99999990399999 8 8 8 8 9.99999990399999 9.000000048 7.00000009600001 7 7 6.000000048 5.000000048 5.999999952 6.999999952 5.00000009600001 8.99999980799998 9.999999952 10.999999952 13.999999856 14 13.000000048 14.999999904 14.000000048 14 12.000000096 12 12 12 11.000000048 11 11 10.000000048 9.000000048 9 9 9.999999952 8.00000009600001 8 8.999999952 9 9 9 9 9.999999952 10 10 10 10.999999952 11.999999952 12 11.000000048 11 11
5.00000009600001 5 5 5 5.999999952 7.99999990399999 8 7.000000048 7.999999952 10.999999856 8.00000014400001 8 9.99999990399999 9.000000048 9 8.000000048 9.99999990399999 10.999999952 11 11 10.000000048 9.000000048 8.000000048 6.00000009600001 6 7.99999990399999 5.00000014400001 7.99999985599999 9.99999990399999 13.999999808 14 14 13.000000048 13.999999952 13.000000048 13 13 13 12.000000048 12 11.000000048 10.000000048 10 10 10.999999952 9.00000009600001 9.999999952 9.000000048 8.000000048 8 8 8 8 8 8 8.99999995199999 9.999999952 10 10.999999952 11 11 11.999999952 11.000000048 11.999999952 12
8.999999952 8.000000048 7.000000048 7 6.000000048 7.99999990399999 7.000000048 5.00000009600001 7.99999985599999 8 7.000000048 7.999999952 8.999999952 9 9 10.999999904 11 11.999999952 12.999999952 13 11.000000096 8.00000014400001 8.999999952 7.00000009600001 7.999999952 7.000000048 8.99999990399999 8.000000048 9.99999990399999 11.999999904 13.999999904 14 14 14 13.000000048 13 13.999999952 13.000000048 13.999999952 12.000000096 12 11.000000048 11 10.000000048 10 10 10.999999952 9.00000009600001 9 8.000000048 8 8 8 8 8.999999952 9.999999952 10 10 10 10.999999952 11 11 11 11.999999952 12
15.999999712 9.00000033600003 9 8.000000048 8 8 8.999999952 7.00000009600001 7.999999952 8 8 8 8.999999952 9.999999952 10 10.999999952 11.999999952 14.999999856 13.000000096 11.000000096 13.999999856 14 8.00000028800002 7.000000048 7 7.999999952 8.999999952 9.999999952 7.00000014400001 13.999999664 13.000000048 13.999999952 14 14 14 14 14 14.999999952 14.000000048 14 13.000000048 12.000000048 11.000000048 11 11.999999952 10.000000096 10.999999952 10.000000048 10 9.000000048 8.000000048 8 8 8.999999952 9.999999952 10.999999952 10.000000048 10 10 10.999999952 11 11 10.000000048 10.999999952 11
11 9.00000009600001 9.999999952 9.000000048 9 10.999999904 10.000000048 9.000000048 16.999999616 17 9.00000038400003 8.000000048 11.999999808 13.999999904 10.000000192 11.999999904 12 12 11.000000048 11.999999952 12.999999952 13.999999952 8.00000028800002 8.99999995199999 9 8.000000048 8.99999995199999 9.999999952 9.000000048 11.999999856 10.000000096 12.999999856 13 13.999999952 14 14 14 15.999999904 14.000000096 14 14 14.999999952 13.000000096 12.000000048 12 12 12 12 10.000000096 10 9.000000048 8.000000048 9.99999990399999 10 10 10 10 10 10.999999952 11 11 11 11 11 10.000000048
12.000000192 10.000000096 10.999999952 10.000000048 13.999999808 15.999999904 15.000000048 18.999999808 19.999999952 18.000000096 13.00000024 8.00000024000002 11.999999808 13.999999904 11.000000144 12.999999904 13 12.000000048 12.999999952 13 14.999999904 15 8.00000033600003 8.999999952 9 9 14.999999712 13.000000096 11.000000096 9.00000009600001 9 11.999999856 12 13.999999904 14 14.999999952 15 14.000000048 14 15.999999904 15.000000048 14.000000048 14.999999952 13.000000096 13 13 13 11.000000096 11 11 12.999999904 11.000000096 11 10.000000048 10.999999952 11 10.000000048 10.999999952 11 11.999999952 11.000000048 11 11 10.000000048 10
12.000000288 12 15.999999808 12.000000192 19.999999616 20.999999952 20.000000048 20 20.999999952 19.000000096 17.000000096 8.00000043200004 8.99999995199999 12.999999808 12.000000048 12.999999952 13 13 13 13 14.999999904 15.999999952 13.000000144 14.999999904 15 15.999999952 16.999999952 16.000000048 13.000000144 9.00000019200001 9 12.999999808 14.999999904 15 15 16.999999904 15.000000096 16.999999904 15.000000096 15 15.999999952 16 16 16 13.000000144 12.000000048 12.999999952 12.000000048 12 12.999999952 13 11.000000096 11 11 11 12.999999904 13 13 12.000000048 12 12 12 12 12 11.000000048
12.000000048 12 19.999999616 16.000000192 19.999999808 20 20.999999952 22.999999904 23 21.000000096 19.000000096 10.000000432 10.999999952 11.999999952 14.999999856 14.000000048 13.000000048 13 14.999999904 15 15 15.999999952 16 17.999999904 18 18.999999952 19 17.000000096 16.000000048 11.00000024 12.999999904 13.999999952 18.99999976 15.000000192 16.999999904 18.999999904 18.000000048 18.999999952 18.000000048 16.000000096 18.999999856 19 16.000000144 15.000000048 15 12.000000144 12.999999952 13 13 13 13.999999952 11.000000144 12.999999904 12.000000048 12 12.999999952 13 13 13 13 13 13 13 12.000000048 12
16.999999952 21.99999976 13.000000432 15.999999856 13.000000144 19.999999664 23.999999808 24 22.000000096 22 20.000000096 19.000000048 14.00000024 12.000000096 11.000000048 14.999999808 14.000000048 14 13.000000048 13.999999952 16.999999856 17 17.999999952 18.999999952 18.000000048 18.999999952 19 18.000000048 17.000000048 15.000000096 15 15 16.999999904 17 19.999999856 20 20 19.000000048 18.000000048 18 18 18.999999952 16.000000144 13.000000144 15.999999856 15.000000048 13.000000096 13.999999952 14 14 14.999999952 13.000000096 12.000000048 12 12.999999952 13.999999952 14 14 14 14 14 14 13.000000048 13 12.000000048
16.999999808 20.999999808 18.000000144 19.999999904 17.000000144 16.000000048 21.999999712 22.999999952 22.000000048 20.000000096 21.999999904 21.000000048 19.000000096 18.000000048 16.000000096 14.000000096 16.999999856 17.999999952 18 18 18.999999952 17.000000096 17.999999952 18.999999952 19 19 19 18.000000048 18 17.000000048 16.000000048 16.999999952 19.999999856 19.000000048 19.999999952 20.999999952 21 19.000000096 20.999999904 21 19.000000096 17.000000096 16.000000048 14.000000096 14.999999952 15 14.000000048 14 14.999999952 15 15 14.000000048 13.000000048 13.999999952 14 14 14 14 14 14 14 14 14 14 14
13 14.999999904 13.000000096 14.999999904 19.99999976 20.999999952 23.999999856 23.000000048 23 23 21.000000096 22.999999904 17.000000288 18.999999904 19 17.000000096 19.999999856 20 20 18.000000096 18.999999952 19 19 19.999999952 19.000000048 19.999999952 20 20 20 18.000000096 18.999999952 19.999999952 20 19.000000048 19.999999952 15.00000024 15 13.000000096 14.999999904 20.999999712 16.00000024 14.000000096 14 15.999999904 16 14.000000096 14 14.999999952 15 15.999999952 15.000000048 15 15 14.000000048 14 14 14 14 14 14 14 14 14 14 14.999999952
13.000000096 13 13 16.999999808 14.000000144 19.999999712 21.999999904 24.999999856 24.000000048 24 24.999999952 24.000000048 22.000000096 21.000000048 21.999999952 20.000000096 20 20.999999952 21 19.000000096 19.999999952 19.000000048 19.999999952 20.999999952 21 20.000000048 20.999999952 21 21 19.000000096 20.999999904 21 21 21 14.000000336 12.000000096 12 12 12.999999952 13 13 12.000000048 11.000000048 17.999999664 18.999999952 16.000000144 16 16 14.000000096 14.999999952 15 15 15 15 15 15 15 14.000000048 14 14 14 14 14 14.999999952 15
14 13.000000048 14.999999904 19.99999976 18.000000096 18 20.999999856 21.999999952 22.999999952 23.999999952 24.999999952 24.000000048 22.000000096 25.999999808 23.000000144 22.000000048 23.999999904 23.000000048 21.000000096 18.000000144 19.999999904 20 21.999999904 21.000000048 22.999999904 23 23 22.000000048 22 22 22.999999952 21.000000096 22.999999904 20.000000144 12.000000384 12 12 12 12 12 12 12.999999952 11.000000096 15.99999976 16 17.999999904 16.000000096 15.000000048 15.999999952 16 15.000000048 15 15 15 15 15 15 14.000000048 14 14 14 14.999999952 14.000000048 14.999999952 15
17.999999904 22.99999976 14.000000432 14.999999952 18.999999808 17.000000096 19.999999856 20.999999952 24.999999808 25 25 25.999999952 26.999999952 25.000000096 25 24.000000048 24.999999952 25 22.000000144 21.000000048 21 23.999999856 25.999999904 26 25.000000048 24.000000048 24 23.000000048 23 18.00000024 14.000000192 16.999999856 18.999999904 19 11.000000384 14.999999808 12.000000144 11.000000048 10.000000048 11.999999904 12 12.999999952 13 18.999999712 16.000000144 18.999999856 19 16.000000144 16 16 16 15.000000048 15 15 15 15 15 15 15 15 14.000000048 14 14.999999952 15 15
19.000000192 20.999999904 21.999999952 18.000000192 19.999999904 20 21.999999904 21.000000048 22.999999904 24.999999904 24.000000048 24 26.999999856 27 25.000000096 25.999999952 25.000000048 25.999999952 25.000000048 23.000000096 23.999999952 25.999999904 26 26 25.000000048 24.000000048 24 23.000000048 22.000000048 16.000000288 14.000000096 14 14 12.000000096 11.000000048 10.000000048 13.999999808 11.000000144 11 11.999999952 12 12.999999952 13 15.999999856 14.000000096 14.999999952 18.999999808 19 19 17.000000096 16.000000048 16 16 16 16 16 16 16 16 16 16 15.000000048 15.999999952 16 16
25 22.000000144 23.999999904 24 24.999999952 21.000000192 23.999999856 25.999999904 24.000000096 24.999999952 25 27.999999856 27.000000048 26.000000048 26 26.999999952 27 25.000000096 26.999999904 27 25.000000096 25.999999952 26 26 26 26 26 24.000000096 22.000000096 16.000000288 14.000000096 14 13.000000048 13 12.000000048 11.000000048 11.999999952 11.000000048 10.000000048 11.999999904 12 12.999999952 14.999999904 15 14.000000048 15.999999904 17.999999904 18.999999952 17.000000096 17 17 17 16.000000048 16 16 16 16 16 16 16 16 16 16.999999952 17 17
30.999999904 27.000000192 27.999999952 26.000000096 25.000000048 23.000000096 26.999999808 26.000000048 22.000000192 22.999999952 26.999999808 27.999999952 26.000000096 27.999999904 27.000000048 27 27 28.999999904 27.000000096 27 26.000000048 26 26 26 26 26 26 26 21.00000024 19.000000096 19 17.000000096 13.000000192 11.000000096 12.999999904 13 13 13 12.000000048 14.999999856 15 13.000000096 13 14.999999904 16.999999904 16.000000048 18.999999856 17.000000096 17 17 16.000000048 16 16.999999952 17 17 17 16.000000048 16.999999952 17 16.000000048 16.999999952 17.999999952 17.000000048 17 17
31 30.000000048 27.000000144 26.000000048 26.999999952 27 28.999999904 29.999999952 25.00000024 25 24.000000048 27.999999808 27.000000048 27 27.999999952 29.999999904 30 29.000000048 29 27.000000096 27 26.000000048 26 26 26.999999952 27 27 27 25.000000096 22.000000144 20.000000096 14.000000288 14.999999952 13.000000096 13.999999952 14 14 13.000000048 14.999999904 15.999999952 15.000000048 15 16.999999904 17 16.000000048 18.999999856 18.000000048 16.000000096 16 16 15.000000048 15.999999952 16 18.999999856 18.000000048 17.000000048 17.999999952 20.999999856 19.000000096 18.000000048 18 18 18 18 18
31.000000048 30.000000048 28.000000096 28.999999952 28.000000048 33.999999712 34.999999952 34.000000048 32.000000096 27.00000024 27.999999952 28 26.000000096 27.999999904 28 28.999999952 29 29 29 27.000000096 26.000000048 26 27.999999904 27.000000048 27 26.000000048 26.999999952 27 26.000000048 26 20.000000288 16.000000192 16.999999952 16.000000048 15.000000048 15 14.000000048 13.000000048 16.999999808 17 15.000000096 15.999999952 16.999999952 17 17 19.999999856 18.000000096 15.000000144 15.999999952 16.999999952 17.999999952 18.999999952 17.000000096 19.999999856 18.000000096 20.999999856 21 21 19.000000096 19 19 19.999999952 19.000000048 19.999999952 20
31.000000144 29.000000096 29.999999952 30 30.999999952 32.999999904 34.999999904 35 34.000000048 33.000000048 30.000000144 29.000000048 28.000000048 28.999999952 29 29 29.999999952 31.999999904 29.000000144 29 28.000000048 28 28 28.999999952 27.000000096 27.999999952 28 28 27.000000048 25.000000096 21.000000192 20.000000048 19.000000048 16.000000144 15.000000048 15.999999952 16 16 16.999999952 17 17 17 17 17 17.999999952 20.999999856 16.00000024 15.000000048 17.999999856 18 19.999999904 20 19.000000048 21.999999856 21.000000048 22.999999904 22.000000048 22 22 21.000000048 21 20.000000048 20 20 20
32.000000048 32 30.000000096 30.999999952 32.999999904 33.999999952 34 34.999999952 35 35.999999952 34.000000096 33.000000048 33 32.000000048 30.000000096 30 32.999999856 31.000000096 31.999999952 32 30.000000096 29.000000048 29 29.999999952 30 28.000000096 25.000000144 27.999999856 23.00000024 22.000000048 20.000000096 19.000000048 18.000000048 17.000000048 17 17 18.999999904 17.000000096 17 17 17 17.999999952 18 17.000000048 17 17 16.000000048 20.99999976 21.999999952 21.000000048 20.000000048 20.999999952 21 21.999999952 22.999999952 23 23 23 23 21.000000096 22.999999904 23 21.000000096 21 19.000000096
33 33 33 36.999999808 36.000000048 35.000000048 36.999999904 36.000000048 36 34.000000096 34.999999952 33.000000096 33 34.999999904 32.000000144 33.999999904 33.000000048 33.999999952 32.000000096 32 30.000000096 30.999999952 31.999999952 30.000000096 31.999999904 30.000000096 30.999999952 23.000000384 22.000000048 17.00000024 18.999999904 19.999999952 18.000000096 18 18 18 18 17.000000048 17 17 17 17 18.999999904 17.000000096 17.999999952 18.999999952 19 19.999999952 20.999999952 21.999999952 21.000000048 21.999999952 22 22.999999952 23 23 23 25.999999856 23.000000144 24.999999904 23.000000096 23.999999952 24 22.000000096 22
32.999999952 33.999999952 34.999999952 37.999999856 37.000000048 39.999999856 40 39.000000048 39 39 38.000000048 36.000000096 36 35.000000048 35.999999952 35.000000048 35 33.000000096 33 33 33 31.000000096 31.999999952 32 30.000000096 30.999999952 30.000000048 25.00000024 21.000000192 19.000000096 17.000000096 17.999999952 19.999999904 19.000000048 19.999999952 20 20 18.000000096 18.999999952 19 19.999999952 21.999999904 21.000000048 20.000000048 22.999999856 23 23 22.000000048 22.999999952 23.999999952 24 24 25.999999904 26 25.000000048 25.999999952 24.000000096 24.999999952 25 25.999999952 24.000000096 25.999999904 25.000000048 25 25
