Map_Files/Diversity_Metrics/rpd.asc
NCOLS 312 
NROWS 528 
XLLCORNER 7 
YLLCORNER -10 
CELLSIZE 0.0416666666666667 
NODATA_value -9999 
[rows 315 to 335 of 528, columns 144 to 191 of 312]
0.888387496272723 0.889174614101648 0.88153971110781 0.875961707697975 0.87601242462794 0.876754707760281 0.884177539083693 0.893690414726734 0.89505316855179 0.893938327829043 0.8975027538836 0.908196032047272 0.908196032047272 0.908196032047272 0.889568895101547 0.876930922269821 0.877643999954065 0.876865700301197 0.875709622684452 0.874890743444363 0.875047025995122 0.875604070723057 0.876006762186686 0.875987038844162 0.875383748776383 0.87482309465607 0.875203308545881 0.872180241677496 0.867400959134102 0.868119680219226 0.875306891070472 0.872011026988427 0.874913542634911 0.873409738143285 0.867301285266876 0.868939347151253 0.878192442572779 0.877409844348828 0.874126331259807 0.873386871483591 0.873257680485646 0.868508089333772 0.875256912161906 0.876671052227418 0.877500351104471 0.878011392636431 0.877497392396132 0.875699031684134
0.888387496272723 0.892889719456435 0.895294974247615 0.892875404407581 0.888526447117329 0.890397503972053 0.909698829054832 0.911778405308723 0.909709443648656 0.908196032047272 0.908196032047272 0.908129800111055 0.907467480748892 0.907401248812675 0.889003311594327 0.876529717197021 0.877488985657692 0.877389481912057 0.875663542499145 0.875490948557854 0.875707353154818 0.876710033665101 0.87781972810626 0.877442628145218 0.876001238822937 0.875558122992516 0.875224031507969 0.874889804671208 0.874864976853132 0.875695254653692 0.877738315612078 0.877942621707916 0.876356112460295 0.871823228895664 0.867349103093147 0.868841705222924 0.875205668310324 0.871607929468155 0.8654300433894 0.86772105967005 0.876011822372675 0.876962319016457 0.876962319016457 0.876962319016457 0.87751903757453 0.877185232937336 0.876759402453899 0.878695398569107
0.890172232770257 0.906447153538466 0.912850042184194 0.9041472259495 0.890311453491449 0.890373664183748 0.909436591383483 0.912105402598778 0.910097720308436 0.908362910565403 0.908196032047272 0.907931104302407 0.905281826853752 0.905099201947451 0.88735228487187 0.87527028678192 0.876165387531122 0.876415594998333 0.877851268069612 0.877886645495892 0.876065403636959 0.876009588440259 0.877378109842539 0.876220375299454 0.874798506498337 0.876962684094906 0.876793745077319 0.875571676012543 0.875619862228632 0.878072153776884 0.87795439735055 0.878012705594301 0.872164356625742 0.867439856545793 0.867072576036056 0.867605249914858 0.861672708557712 0.86158287152648 0.862243347697788 0.867601099527544 0.875651699801286 0.878802317712042 0.879035951362716 0.879059314727783 0.878448329865932 0.878351246731149 0.878793586045504 0.878824971616268
0.908019597745604 0.910316649824381 0.911540478467941 0.912189962135421 0.906389247626067 0.890135266300704 0.906814214669995 0.910892063130935 0.911489757812685 0.910031695746713 0.908196032047272 0.907931104302406 0.905281826853752 0.90592223033309 0.887809522863892 0.874712134814925 0.875181290010611 0.8764910404053 0.877858126742972 0.876804746687412 0.876245761497153 0.875631794333458 0.875291537493467 0.876220375299454 0.874798506498337 0.875961996614933 0.875459524078502 0.875385837836398 0.876908998936415 0.878888849169016 0.878028642386198 0.878713544458151 0.87784207570884 0.871201410475705 0.86287277067701 0.8622829111086 0.861188859575325 0.861125219613314 0.861573573615816 0.862661790930562 0.866807984809081 0.876232347554631 0.878802317712042 0.879059314727783 0.879003770649433 0.877935856166813 0.87739947065711 0.880120702087879
0.909804334243138 0.910703599452972 0.912209956596295 0.912984307855368 0.909888319671154 0.902394557992617 0.90766862531503 0.908839706331491 0.909054264426231 0.908696667601665 0.908196032047272 0.908129800111055 0.907467480748892 0.90691028162837 0.888027280569077 0.874656319618225 0.875064361840487 0.876222026844819 0.875557410220305 0.876126140356064 0.875591389834881 0.875423944244782 0.875722721219063 0.875047333538532 0.874691866338253 0.874957721680403 0.875527036686738 0.875537324696779 0.876511573791504 0.880559735000134 0.878180541098118 0.878152873367071 0.878059428185224 0.871310443927845 0.862132243812084 0.862338345497847 0.861193899065256 0.867779981344939 0.870831187814474 0.867769936720531 0.863480769097805 0.86680798480908 0.875651699801286 0.876536071300506 0.876064207404852 0.87595056121548 0.878031607717275 0.883256454020739
0.912004714210829 0.910880080113808 0.911854207929638 0.912358438389169 0.914280970891317 0.92154839510719 0.923206087201834 0.911989988138278 0.908196032047272 0.908196032047272 0.908196032047272 0.908196032047272 0.908196032047272 0.907786101102829 0.888950449311071 0.875594014922778 0.875527036686738 0.875270286781921 0.874712134814925 0.875892791897058 0.875343248662021 0.874952542285124 0.875189520418644 0.874092432773776 0.86845356432928 0.872964659084877 0.875594014922778 0.876392768902911 0.875455801685651 0.871984020289448 0.870792030874226 0.868390674392382 0.871960921419991 0.869536647366153 0.863531126330296 0.86868471155564 0.868637698392074 0.873088198403518 0.875161038918628 0.873366531398562 0.870109159499407 0.87008967416154 0.87461345973942 0.875537702192863 0.876188839889235 0.876025361733304 0.876627874871095 0.880810353491041
0.914310528172388 0.911801294734081 0.911745398408837 0.915238015353679 0.922951944172382 0.9322329333259 0.93324399780896 0.921963235984246 0.912351551983092 0.908196032047272 0.908196032047272 0.908196032047272 0.908196032047272 0.908413421362638 0.889688102321492 0.875983156677749 0.87535959109664 0.874712134814925 0.87527028678192 0.875527036686738 0.875047025995122 0.874656319618225 0.874656319618225 0.873660566078292 0.863703030678961 0.871669058998426 0.875594014922778 0.876103738115893 0.8740622078379 0.86860986550649 0.86860986550649 0.862605193008979 0.864934601717525 0.867378899206718 0.866935774683952 0.868413334505425 0.869214176717732 0.874098354329666 0.875630394452148 0.875727092640267 0.875715305407842 0.875065838297208 0.875065838297208 0.875537702192863 0.87699098388354 0.877114549693134 0.87647283449769 0.877970243907637
0.919724456965924 0.914110742509365 0.91203914458553 0.919715502609808 0.93132908642292 0.932175158212582 0.932608471562465 0.932651802897453 0.921720484892528 0.911404789735874 0.907770913094282 0.907467480748892 0.908129800111055 0.908341374248266 0.889646824449301 0.875925425440073 0.875357992947102 0.875190537422895 0.876530114561319 0.875158257782459 0.874656319618225 0.874656319618225 0.874656319618225 0.873619839549065 0.86325503885746 0.87062145024538 0.874125685542822 0.874114441374938 0.873294446617365 0.872743334621191 0.870261657983065 0.865740887820721 0.864165474971136 0.867779981344938 0.870249975472689 0.862293923894564 0.86497921248277 0.873189739882946 0.875366147607565 0.875543750822544 0.876156758517027 0.875802762806416 0.875459663569927 0.875425353646278 0.876798865695794 0.877836924046278 0.877916693687439 0.87752465903759
0.932882964611053 0.919032596051693 0.912250352402528 0.91922322453724 0.93139598146081 0.932290708439218 0.933879524055454 0.934168399622043 0.932527235812611 0.921180581053099 0.906527947634459 0.90542447194457 0.907944072037935 0.907294183969498 0.888989727116294 0.876852780994442 0.877463012933731 0.876380157967408 0.877608137826125 0.875424973666668 0.874656319618225 0.874656319618225 0.874553494155407 0.873294911036889 0.863793843736252 0.868001457303763 0.869720697402954 0.871814153260655 0.874340279648701 0.872216196109852 0.863116715103388 0.871008175114791 0.873387533757422 0.872991502285004 0.870377185444037 0.863424382689926 0.872325860377815 0.875571579982837 0.876305700176292 0.876324171407355 0.876366656273603 0.876126080751419 0.874753683805466 0.87461644411087 0.876169041626983 0.87754414561722 0.877880491316319 0.87767575474249
0.932882964611054 0.932364292442799 0.919656850397587 0.919594863636625 0.932064931839705 0.932146270655924 0.932290708439218 0.93373508627216 0.934058595034811 0.92267576356729 0.90685186162591 0.906850922852755 0.908073749393225 0.908114045858383 0.888663793189658 0.876071368240648 0.877463012933731 0.876268523434798 0.876380157967409 0.875090070068836 0.874656319618225 0.874656319618225 0.873525239527226 0.87004562591513 0.869181892524163 0.869564402848482 0.869720697402954 0.872388261887762 0.875710279991229 0.874389840910832 0.87356261536479 0.873178405066331 0.873027505146133 0.872991502285004 0.870046553512415 0.862399153825309 0.874273620131943 0.87683372075359 0.876691946552859 0.876895130094555 0.877400014549494 0.876126080751419 0.874753683805466 0.87461644411087 0.875634346571234 0.87700945056147 0.877518467605114 0.876714460137817
0.932120010256767 0.932895850390196 0.928964710483949 0.928204136590163 0.93132908642292 0.93132908642292 0.93132908642292 0.933491069823504 0.934211730957031 0.931731053938469 0.922914642840625 0.906993567943573 0.908086717128754 0.907458156347275 0.889625021566947 0.877396979679664 0.877463012933731 0.876257359981537 0.876257359981537 0.875957164913416 0.876560397446156 0.874517690390349 0.870646126568317 0.869818799197674 0.870799817144871 0.870015002787113 0.865583289414644 0.868308264762163 0.875847280025482 0.874571029096842 0.874209266155958 0.866586372256279 0.863700602203607 0.86392942816019 0.864022418856621 0.862574023505052 0.865616964797178 0.873568382114172 0.876925880710284 0.878032645831505 0.878481339663267 0.877355385571718 0.874865438789129 0.87647283449769 0.877332739531994 0.877133479962746 0.876504801213741 0.875807204594215
0.933476945592298 0.942819924404224 0.944931112643746 0.939287349581719 0.93217676008741 0.931685859958331 0.931685859958331 0.932670305172602 0.933706198715501 0.934415028327041 0.931731053938469 0.921606177671089 0.909415136194892 0.907786101102829 0.890275130669276 0.877474176386992 0.876994147896767 0.876956624289354 0.874571966628234 0.874333500862122 0.874724221726259 0.873183727264404 0.870407409965992 0.869775198400021 0.870320208370686 0.869884200394154 0.864204153418541 0.866527252727084 0.874888279785713 0.87372497179442 0.874327570613888 0.869618069380522 0.863776485953066 0.864155631512403 0.86887592698137 0.868689412871997 0.868689412871997 0.873471731940905 0.876168421573109 0.876752505699794 0.876602818568547 0.876969456672668 0.876580486694972 0.87757291768988 0.877916693687439 0.87719264626503 0.876178979873657 0.875684451311827
0.941804761687914 0.952056750655174 0.954085229171647 0.944571686287721 0.932288251817226 0.932094662967656 0.931723023868269 0.932020335147778 0.933345104257266 0.934415028327041 0.934577666223049 0.932947078926696 0.920300558623341 0.911123389999072 0.889431313094166 0.875436724060112 0.875129379332065 0.875583747194873 0.873212169441912 0.872441680481036 0.872263903419177 0.871858246210549 0.87089791893959 0.86975419604116 0.870089182423221 0.870843319843213 0.867865548779567 0.869053241693311 0.872544314712286 0.868876318136851 0.873886783917745 0.873845491558313 0.869218601120843 0.86698044050071 0.868226882070303 0.868477764642901 0.872973920984401 0.875349545230468 0.876152272439665 0.876152272439665 0.876059491187334 0.876343692756361 0.877147415859832 0.876713139315446 0.876095628986756 0.875944541560279 0.875563773016135 0.873636543336842
0.95188333466649 0.954298466444016 0.953669826189677 0.946371249854565 0.935960788279772 0.932584907859564 0.931915957480669 0.932252164930105 0.933451231569052 0.934467136859894 0.934671461582184 0.93412217622002 0.933226628849904 0.91910108551383 0.89024110386769 0.872802728166183 0.872669924050569 0.872971087694168 0.872994631528854 0.872029926627874 0.871464179207881 0.871464179207881 0.871308956295252 0.87020884330074 0.87116623048981 0.872862063348293 0.873159804691871 0.872991502285004 0.870118714869022 0.862274585912625 0.87001691882809 0.873544663190842 0.873604418088992 0.86793856198589 0.860918197780848 0.861888762563467 0.869981843978166 0.875516511499882 0.876525568465392 0.876813930769761 0.877506941556931 0.876642218480508 0.876297765721877 0.874684136360884 0.873605751742919 0.87444793432951 0.874964125454426 0.871546253561973
0.951975986361503 0.952802777290344 0.953308324019114 0.954282909631729 0.949909269809723 0.934211730957031 0.934211730957031 0.933482237160206 0.933754876255989 0.933567051258352 0.93307754645745 0.933609291083283 0.930249120626185 0.930670421570539 0.898434865805838 0.87364723533392 0.871823657304048 0.87299672431416 0.872994108332528 0.87296794851621 0.872066869917843 0.872066869917843 0.872576838980119 0.87157080322504 0.872984749575456 0.874236940095822 0.873743253035678 0.873126144210498 0.869910549372435 0.860331738988558 0.861011480291684 0.869981843978167 0.872973920984401 0.86863430755006 0.862474833925565 0.862289142277506 0.862214255664084 0.871616954604785 0.875250349856085 0.876307678305441 0.877474764982859 0.877854238367743 0.876144185248348 0.873680680990219 0.873922360854016 0.875118642631504 0.875420559197664 0.874191311498483
0.951975986361503 0.952802777290344 0.953308324019114 0.954579442739487 0.950443029403687 0.934211730957031 0.934211730957031 0.934145413339138 0.933607503771782 0.931541428797775 0.929693815608819 0.931167081826263 0.930027101602819 0.929981950670481 0.911073368456629 0.887260812024276 0.872890319675207 0.872994108332528 0.872965332534578 0.872960100571314 0.872878184335099 0.872878184335099 0.872924545158943 0.872957927485307 0.874334869285424 0.874573544909557 0.874528664267725 0.874472563465436 0.870920363813639 0.860331738988558 0.861011480291685 0.861888762563467 0.868477764642901 0.868083254330688 0.864525879422823 0.874386020832592 0.87356226808495 0.875464533766111 0.875297888699505 0.875394009467628 0.877045263846715 0.878607496205304 0.873575022237169 0.873966932296753 0.875300051851405 0.87430354497499 0.872135635465383 0.872909786800544
0.951975986361503 0.954078435897827 0.954630042115847 0.955222114920616 0.954567573964596 0.94913934916258 0.935568787157536 0.932413376867771 0.930691309273243 0.929436494906743 0.928940638899803 0.929332493493954 0.929103003193935 0.930324465036392 0.912681454171737 0.888622169693312 0.872996985912323 0.872993846734365 0.872962454954783 0.872959315776825 0.872959315776825 0.872437756508589 0.871707573533058 0.871848228077094 0.87325477351745 0.874910842627287 0.874237325042486 0.874448772519827 0.874394983053208 0.869082058469455 0.861806963880857 0.868363227695227 0.873549371957779 0.869502831250429 0.865045014768839 0.87685684238871 0.87600830818216 0.875858668237925 0.875845547765493 0.876373589038849 0.876426041126251 0.874256931245327 0.872915752232075 0.866338957101107 0.871184154103199 0.875152333329121 0.873481679707766 0.872991889715195
0.953781186292569 0.954834381739299 0.955070614814758 0.955218881368637 0.954827473809322 0.952320319496923 0.945218198415307 0.933906059712171 0.929834375778834 0.929450298349063 0.929450298349062 0.929450298349063 0.929450298349063 0.930623567352692 0.912796199321747 0.888207356548972 0.872001434365908 0.872081257816818 0.872879492325915 0.872959315776825 0.872959315776825 0.872263903419177 0.872015163302422 0.874168368263377 0.873955302354362 0.874069022635619 0.873459222830004 0.870681404239602 0.868984537820021 0.873132333573368 0.868492165787353 0.866506304591894 0.866566271003749 0.864516450713078 0.864512560268243 0.874158508661721 0.867624817209111 0.873514104634524 0.876028706630071 0.875613955573903 0.874220099300146 0.872860314531459 0.873647116538551 0.869269809375207 0.87268127169874 0.875054674843947 0.873797828952471 0.874785782562362
0.94920688163903 0.952300830433766 0.953359241286913 0.953775387257337 0.953509323298931 0.95100702635116 0.951444106383456 0.934959677358468 0.929720268067386 0.929720268067386 0.929450298349063 0.92948886545168 0.929874536477857 0.930047929286957 0.912412121891975 0.892614188707538 0.879755955189467 0.871371457560195 0.872182771977451 0.872263903419177 0.872669560627805 0.872560198522276 0.872894002745549 0.875491332676676 0.874687580598725 0.873900335282087 0.873524026324352 0.868280169036654 0.86448931073149 0.874631032347679 0.873752559224765 0.863868904610475 0.860603635509809 0.860801893389887 0.862816628068685 0.867874016364416 0.866332689921061 0.873456735163927 0.87526071526938 0.871668508897225 0.86739224443833 0.867863160454565 0.868649962461657 0.872292646517356 0.874228931135601 0.871637619203992 0.869495851298173 0.876178966628181
0.941534128040075 0.948569443076849 0.950963318347931 0.950653970241546 0.950406491756439 0.950963318347931 0.950963318347931 0.93849778547883 0.931596748530865 0.929288316518068 0.928802371025085 0.928871791809797 0.929565999656916 0.929425437003374 0.912104859948158 0.899401290963094 0.891972739249468 0.871290326118469 0.871290326118469 0.871603261679411 0.872437756508589 0.873314975450436 0.874114815145731 0.874986117084821 0.874641651908557 0.87460720539093 0.874269559979439 0.870154467721781 0.867301251739264 0.874679495890935 0.87135390440623 0.863564927130937 0.862967840085427 0.862643075486024 0.861122861504555 0.86456873640418 0.87434222176671 0.875622972846031 0.872258660693963 0.865643240511418 0.860933173447847 0.864191398024559 0.864191398024559 0.872214745730162 0.873659784595172 0.867577217519284 0.864392228424549 0.876768828680118
0.943143546581268 0.949008375406265 0.950963318347931 0.947082478553057 0.943977806717157 0.950963318347931 0.950963318347931 0.950963318347931 0.938036099076271 0.928802371025085 0.928802371025085 0.928802371025085 0.928802371025085 0.93032331764698 0.912719383835793 0.899990592565801 0.893638402223587 0.873508366445701 0.871491966148218 0.872544422745705 0.872879492325915 0.874257261968321 0.876266986131668 0.876134334339036 0.8748712953594 0.874641651908557 0.874219155973858 0.874631032347679 0.874696489423514 0.871026573909654 0.861303996708658 0.860892525563637 0.868714406672451 0.867893741776546 0.862148461242517 0.871781739095846 0.876956440508365 0.874358502527078 0.86600995146566 0.860788464546204 0.864264320582151 0.874667991366651 0.874429018133216 0.875742015739282 0.874287773337629 0.869147795769904 0.867291130125522 0.877486990143856
