Map_Files/Diversity_Metrics/rpd.asc
NCOLS 312 
NROWS 528 
XLLCORNER 7 
YLLCORNER -10 
CELLSIZE 0.0416666666666667 
NODATA_value -9999 
[rows 147 to 167 of 528, columns 96 to 143 of 312]
0.822311348385282 0.814510510613521 0.808793666462104 0.81280046246118 0.815103186915319 0.797558274120091 0.826281764854986 0.816989171008269 0.797922784255611 0.79221586510539 0.800169881433248 0.801826272573736 0.790421263211304 0.783459754039844 0.782667711377144 0.783956519017617 0.786834806203842 0.790896007998123 0.764840528782872 0.76835951084892 0.765226520597935 0.761824003938172 0.761777859181166 0.758516114619044 0.739612319403225 0.744367708762487 0.74099624198344 0.737617883831263 0.738474905490875 0.738804951724079 0.742105414056115 0.739585855354865 0.741260770708322 0.756274963418642 0.775566938022772 0.778473536173502 0.780632863442103 0.771466455111901 0.773910003817744 0.774096102764209 0.770375560969114 0.774360798299313 0.766515709459782 0.770758870989084 0.770365519656075 0.774305862685044 0.778794719527165 0.769820557286342
0.806244667619466 0.812477990984917 0.801775013407072 0.805231306701898 0.816951274871826 0.803080881635347 0.831510310371715 0.824365623295307 0.801332286248605 0.796955759326616 0.810134589672089 0.807967716207107 0.798243752370278 0.79135450348258 0.789382219314575 0.794756434857845 0.801246229559183 0.795197499295077 0.765733408431213 0.75894208624959 0.757371123880148 0.757371123880148 0.759986963123083 0.765105041364829 0.746490386625132 0.752428863197565 0.742421433329582 0.734518025070429 0.736250434070826 0.737607840448617 0.745488803833723 0.750380143523216 0.756711610903342 0.770862119893232 0.787370692938566 0.791905293862025 0.78740390141805 0.777933649718761 0.782959705839554 0.782804553707441 0.77792028337717 0.786441897352537 0.770686949292819 0.777365818619728 0.778969875226418 0.780280575156212 0.783005394041538 0.782660466929276
0.808444189528624 0.818739883601666 0.827574819740322 0.81736076085104 0.796599848816792 0.793302177555031 0.790967505011294 0.819265104830265 0.808109450257487 0.79652805874745 0.799180733660857 0.794706347915861 0.803944107558992 0.787857302774985 0.782595463924938 0.792337468514839 0.801431491971016 0.787554857631525 0.772881361345451 0.756860680878162 0.752966507855389 0.752966507855389 0.752009570598602 0.753599502974085 0.769498826728926 0.755086919913689 0.737688469390074 0.730060157262617 0.732020001858473 0.734500262886285 0.742053549736738 0.75904105976224 0.765328519874149 0.767472844570875 0.7700640099744 0.772273218052254 0.780389984034829 0.782326988875866 0.778845253090064 0.777606432636579 0.779394614199797 0.777963204516305 0.773678557740317 0.768671156217654 0.776391623334752 0.784947677618927 0.787116541216771 0.78475875283281
0.82058493544658 0.814637519419193 0.836400135937664 0.830304675218134 0.801843704034885 0.81370548490021 0.805649677084552 0.80743782967329 0.799193419102165 0.800870480636755 0.808460456629595 0.796943740712272 0.797783537043465 0.796321100244919 0.80029753016101 0.804365151872238 0.801431491971016 0.786636722584567 0.762781875828903 0.754106275737285 0.762535880423254 0.762535880423255 0.752009570598602 0.753094188041157 0.763940362466706 0.755502426375945 0.740237486859163 0.742482332305775 0.756449822336436 0.753199767321348 0.758680675178766 0.772796060889959 0.777398195531633 0.776297026624282 0.777912737180789 0.786756058120066 0.778077766713169 0.783794082701206 0.788302647570769 0.794280832012494 0.796658975382646 0.787448621458477 0.8056690328651 0.78894047314922 0.781382051193052 0.784692710472478 0.794813723613818 0.805458266288043
0.812369238585234 0.811454873532057 0.82239098722736 0.835528130332629 0.83301141113043 0.803887750953435 0.80603988841176 0.803643938153982 0.80765986442566 0.81086319188277 0.810917835682631 0.812286734580994 0.812286734580994 0.79327530413866 0.786580375085274 0.791717637330293 0.793810777366162 0.776821014781793 0.770627769331138 0.768642496317625 0.761621053020159 0.75695106635491 0.75573680177331 0.752304104467233 0.75524944315354 0.754362598061561 0.759915072470904 0.760758279512326 0.759500168263912 0.770412422716618 0.77430497854948 0.777627430856228 0.783469650894403 0.785710903505485 0.784862712025643 0.787239395081997 0.784649945795536 0.785835850983858 0.783835838238398 0.786034287263949 0.793291661888361 0.799429558217525 0.809871025383472 0.805928230285645 0.796311769634486 0.782842194040617 0.775120723992586 0.783954118688901
0.812673730154833 0.818500399589538 0.82096950792604 0.833583833442793 0.844369025280079 0.823585908032126 0.816968654178911 0.793235945204894 0.804084457457065 0.806615336901613 0.792439012477795 0.794896865884463 0.794896865884463 0.77795427540938 0.771199899829096 0.773405308938689 0.778312244762977 0.780449797709783 0.780449797709783 0.770941068728765 0.762528748561939 0.75941434999307 0.761505533009767 0.765236249814431 0.766285502662261 0.766389582306147 0.783392180171277 0.789618746274048 0.781916151444117 0.783851193885008 0.785708847145239 0.788458938399951 0.792311170034938 0.789385496742196 0.782292097806931 0.782292097806931 0.782292097806931 0.778342586010695 0.775487018542157 0.777651242497894 0.783720698207617 0.788242106636366 0.7884418318669 0.794187746942044 0.792015903939804 0.782251580721803 0.774471521377563 0.779753244585461
0.81440579560068 0.822934736808141 0.823699874596463 0.832090879893964 0.843305976440509 0.833914267106189 0.827999520219035 0.803448896855116 0.800737300680743 0.799044984082381 0.791400954127312 0.790623823387756 0.782852515992192 0.782688877234856 0.777225974947214 0.770492881122563 0.769979720314344 0.78045669156644 0.787853276150094 0.77219869568944 0.771881859749556 0.781931509160333 0.791280052314202 0.793341692123148 0.801149759855535 0.796343890329202 0.806194108807378 0.810387887474564 0.800932671874762 0.790354046142763 0.792989643497599 0.79354536285003 0.792429532855749 0.787239928212431 0.781761268774668 0.783048377268844 0.778712346322007 0.776310620208581 0.772829903496636 0.774703306456407 0.78103755787015 0.783006954110331 0.776096569581165 0.781131473680337 0.781300710721148 0.779202807280753 0.779095239937305 0.782769372065862
0.821171072622141 0.831436786800624 0.833847776055337 0.840950458000104 0.847340051084758 0.834095101803541 0.845411453396082 0.836507491767407 0.805974666029215 0.795880501468976 0.81058156862855 0.81310384348035 0.788968469947577 0.803117405623198 0.793500947455565 0.779569218556086 0.776815842837095 0.782843763629596 0.794710104664167 0.78106090426445 0.789241656661034 0.81471557666858 0.83302914723754 0.821616188933452 0.834203212211529 0.826039314270019 0.822345275431871 0.820566393435002 0.81381343305111 0.799164108932019 0.797141797840595 0.792457662522793 0.788248971104622 0.786771576851606 0.78769376128912 0.787740714848042 0.779935859143734 0.782384216785431 0.776905722916126 0.776172641664743 0.783791858702898 0.789537118126949 0.784267036865155 0.784978080540896 0.780379202216864 0.780962328116099 0.787349089980126 0.78977686787645
0.845834684040812 0.861076379815737 0.862614706158638 0.863690379593107 0.867285799235106 0.864316698163747 0.885373342782258 0.865447167307138 0.820751010129849 0.800264792309866 0.814968957255284 0.829244531277155 0.791020490643052 0.802725327511629 0.786982369091776 0.777893267158005 0.791501473635435 0.807306473867761 0.802929162565205 0.795382605244716 0.807895651294125 0.831701535317632 0.844798121601344 0.828757191283835 0.828817785200145 0.827342903862397 0.826462769260009 0.832951591660579 0.838434816648563 0.824073366406892 0.800087285952436 0.797047808766365 0.797332639495532 0.797332639495532 0.79403567314148 0.785640135407448 0.785640135407448 0.785194523632526 0.781282835950454 0.778624650918775 0.780629881968101 0.787328773074679 0.795411494043138 0.801610570400953 0.79553368439277 0.798324396626816 0.809432871639729 0.807637580153015
0.858826774689886 0.849563096960385 0.854249939322472 0.86021774676111 0.866777781397104 0.885373342782259 0.887287583202124 0.878158193081617 0.871655599524578 0.844107700718776 0.809484721471866 0.809671628392405 0.795087990247542 0.80551107476155 0.793183205856218 0.777388684865502 0.77205691114068 0.77450852551394 0.784258549826012 0.80471312875549 0.820523847308424 0.824443759189712 0.824755202978849 0.837001006222434 0.83522623239292 0.834973701586326 0.830697319159905 0.828275619695584 0.830513818810383 0.832247766769596 0.808270833972428 0.798823580145836 0.801956718166669 0.80195671816667 0.795954644680023 0.79439739882946 0.79439739882946 0.789495669305324 0.787519654879967 0.787602869586812 0.789880609760682 0.795411494043138 0.796146286858453 0.805996540933847 0.797868373493354 0.790579174541765 0.791700266301632 0.79298241643442
0.849537229786316 0.84062996506691 0.839912071824074 0.844627724339564 0.850607194006443 0.85556536912918 0.85556536912918 0.872438240796328 0.894430927932263 0.889469033728045 0.862701322883369 0.848093564311666 0.80559584995111 0.803615763783455 0.790539555251599 0.787423194696506 0.794408150017262 0.788783129304647 0.80708022788167 0.806212104856968 0.818066338698069 0.823536101728678 0.821033246815204 0.829610038548707 0.837588306516409 0.825371172279119 0.824985034763813 0.82508397847414 0.823178827762604 0.828539888064067 0.824895163377126 0.796689059585332 0.794170890003443 0.797569118440151 0.794154644012451 0.79072730243206 0.798742488026619 0.790993504226208 0.791262619197369 0.791843807945649 0.791208583861589 0.795768592506647 0.791256856173277 0.793359525501728 0.791276201605797 0.78969781473279 0.790422677993775 0.790866646915674
0.84695480349991 0.843427830686172 0.842134475708008 0.844190550347169 0.846783385922511 0.845800896485647 0.844546069701513 0.859409091373285 0.87875290049447 0.89303342004617 0.896760360648235 0.886385035597618 0.840176158067254 0.837339259684086 0.828892505831188 0.821895462771256 0.821316199998061 0.821021075050036 0.812814409534137 0.807420166830222 0.811764118158155 0.812393205861251 0.807882539927959 0.809784239778916 0.814488598455986 0.811473187059164 0.813157998025417 0.81367804027266 0.813892420381307 0.820106704201964 0.812257111900383 0.788200454165538 0.782803549120824 0.785970039665699 0.789107693980137 0.792747668094105 0.797200548979971 0.793638244271278 0.791609206133419 0.790149521496561 0.789476481576761 0.791257863657342 0.788751343472136 0.792034129301707 0.790755552136236 0.78927649392022 0.7896622021993 0.789688032948308
0.851489050934712 0.851206913590431 0.851954044981135 0.852852940973308 0.853866702566544 0.855872943169541 0.859511699113581 0.859709337353706 0.86829822924402 0.888258336732784 0.907558182875315 0.905453271336027 0.88440415594313 0.875412918627262 0.8678312247826 0.847626309841872 0.82628424714009 0.829408288829857 0.810891716844506 0.810932078709205 0.810091181347768 0.806527071942886 0.802545173714558 0.801154027382533 0.801154027382533 0.804907816151778 0.806166035847531 0.806171004970868 0.807709593325853 0.811378806415532 0.801913286662765 0.789992591987053 0.780279857416948 0.778987061646249 0.78624215722084 0.795273125171661 0.795273125171661 0.791399735957384 0.790695133722491 0.791114081939062 0.791212690373262 0.791074732525481 0.786736901021666 0.793740604072809 0.792008812228839 0.789000988006592 0.787721456338962 0.783756673336029
0.859462222705285 0.859681218862534 0.861630226174991 0.862389266490936 0.863485250622034 0.869403890023628 0.883074873437484 0.874549817293882 0.881059178461631 0.895970969150463 0.907040730118752 0.907625205814838 0.913469962775707 0.901471335440874 0.880849263320366 0.849472639461359 0.822954408824444 0.824877861887218 0.814672242850066 0.817025620490313 0.813564229756594 0.809410264094671 0.807675331830978 0.80615907907486 0.80615907907486 0.80615907907486 0.805877134203911 0.807252579679092 0.808634880930185 0.806103140115738 0.805543750524521 0.800275430083275 0.786600121607383 0.780340416977803 0.78567961230874 0.792432639747858 0.795014899224043 0.785976991057396 0.787291391442219 0.790523031105598 0.791249793022871 0.792315717786551 0.784507621079684 0.790754098445177 0.790707462777694 0.787721456338962 0.784839399158955 0.780935974170765
0.867796995987495 0.869311248262723 0.869725561804242 0.869154447896613 0.868613440543413 0.870247339622841 0.88787606317136 0.884740521510442 0.897453752656778 0.908236323959298 0.908876817673445 0.908549606800079 0.908549606800079 0.919612642377615 0.874494933005837 0.84201268851757 0.848262165983518 0.854495039416685 0.829246818191476 0.823529429733753 0.815362135569255 0.809450795253118 0.80779243260622 0.806335657835007 0.806335657835007 0.806213513016701 0.8050874893864 0.81012507321106 0.815237019211054 0.806152863634957 0.806090709235933 0.800900919983784 0.791584161834584 0.784824132091469 0.782787079612414 0.783302145285738 0.793310133533345 0.78530374293526 0.778935902648502 0.77685267271267 0.778907898813486 0.783726811408997 0.783726811408997 0.783288728445768 0.786560035000245 0.783882861336073 0.781163112570842 0.793018122100169
0.873973216861486 0.876349861423175 0.871129367086623 0.87522453111079 0.882354583591223 0.869577188872629 0.868991767780648 0.875007430712382 0.886664343376954 0.901796232495042 0.912148926407099 0.908549606800079 0.908549606800079 0.88492314890027 0.872610809488429 0.859400505820911 0.845608318845431 0.84724821564224 0.855685642196072 0.822678945958614 0.810749729474386 0.809450795253118 0.808233879506588 0.808101445436478 0.808101445436478 0.806757852435112 0.805649387339751 0.806044990403785 0.806984346359968 0.806090709235933 0.805407010846668 0.805477650215228 0.804359453005923 0.795247833761905 0.781875078876813 0.777211763378646 0.784009255054924 0.778571261713902 0.779897458023495 0.782651910765304 0.783288728445768 0.783726811408997 0.783726811408997 0.778907898813486 0.784126240760088 0.783882861336073 0.777121632049481 0.778199360188511
0.879218416909376 0.875526752322912 0.868528116494417 0.87016378591458 0.875261019915342 0.867226291447878 0.86439898237586 0.871633790433407 0.874527202298244 0.890217646956442 0.904726665467024 0.883344687521457 0.881626062095165 0.87468034774065 0.867734737694264 0.85645162810882 0.845342934131622 0.845094973842303 0.842615370949109 0.84690972045064 0.822324600070716 0.805597183605035 0.808278024196625 0.808278024196625 0.808278024196625 0.807911589741707 0.803949523717165 0.801001931230227 0.802076186984777 0.806084493796031 0.805338641007741 0.805935323238373 0.805636982123057 0.796290203928948 0.783241078257561 0.781945789853732 0.783564900358518 0.782269611954689 0.778405347218116 0.776494732747475 0.780665919184684 0.79030578583479 0.782678999006748 0.771413594484329 0.77384023865064 0.78044240300854 0.777188703417779 0.757239326834678
0.876910266362959 0.873299355308215 0.87013172192706 0.870724289367596 0.871416745086511 0.864392316589753 0.864894051104784 0.867538699259361 0.863255416767465 0.870632958908875 0.881571693966787 0.86786242077748 0.866907628873984 0.866812149683635 0.863698326051235 0.860555509726206 0.857931508372227 0.852756475822793 0.841142614268595 0.847631987184286 0.834413131492005 0.816104465888606 0.814284016688664 0.835730880498887 0.80892230073611 0.806241442759832 0.820002104259199 0.831454782850212 0.826635540773471 0.805327471759584 0.805016699764464 0.80526531736056 0.802314611772696 0.791185700231129 0.779447161902984 0.781510727273094 0.778206361664666 0.780849854151408 0.777090238614215 0.773926850408316 0.777943069736163 0.787555913544364 0.77286322373483 0.766581803560257 0.786284713695446 0.78447904272212 0.758250374346972 0.75093471010526
0.880671981722117 0.875399171064297 0.873651939133803 0.873197099814812 0.870031235118707 0.859881099727419 0.858782056305144 0.858086253205935 0.858666171630224 0.863111548125744 0.868075892329216 0.866623997688293 0.866623997688293 0.85953575745225 0.859948670284616 0.861507149620189 0.858538507173459 0.850899944288863 0.845759933607446 0.834299036612113 0.836316645145416 0.826114842461216 0.813521064817905 0.833135251369742 0.808617518179948 0.806165744860967 0.832502142008808 0.854573595027129 0.851442130903404 0.828058895137575 0.825079573525323 0.827003069221974 0.824917148384783 0.814256392005418 0.797348255912463 0.782510897351636 0.778421530293094 0.780986522634824 0.792879254453712 0.785735693656737 0.765989041576783 0.768410748491685 0.757955162475507 0.775304353485505 0.800445003641976 0.786357795612681 0.75004169717431 0.75752424986826
0.896350530286631 0.88353680819273 0.87768809000651 0.874090241889159 0.868323288857937 0.85814734424154 0.852344596137604 0.852805946022272 0.862339788426956 0.869256634265184 0.870307896286249 0.871318278213342 0.864792736868063 0.856979880481958 0.85741214454174 0.855201873928309 0.847421914339066 0.842444449663162 0.848666280508041 0.83211836963892 0.835961990058422 0.831952050328256 0.812953040003777 0.802048514286677 0.807546546061833 0.808096349239349 0.826085129131873 0.841481251021225 0.845383003354071 0.845970481634139 0.841766417026519 0.855248805135489 0.858647818366686 0.850424612561862 0.830053921788932 0.799464829266072 0.796377532184125 0.79606880247593 0.815981615334749 0.80311125268539 0.760490432381631 0.746421933174133 0.746421933174133 0.789963528513909 0.804477393627167 0.788972791284324 0.769604533910752 0.776941058536371
0.915324652774467 0.895608274887005 0.883568223565817 0.874253222097953 0.867012011508147 0.866188913997677 0.863647723777426 0.865795247256756 0.868162491255337 0.869614508002996 0.870080634951592 0.867627934863171 0.843100933978956 0.861176177859307 0.85667277003328 0.848568444450696 0.848568444450696 0.848628446045849 0.849228461997376 0.859998613595963 0.852224436071184 0.843280161006583 0.832759470989307 0.805003953476747 0.807736751933892 0.808010031779607 0.804211761388514 0.801098813613256 0.800894767045975 0.802336272266176 0.806077026658588 0.843223669876656 0.85059643122885 0.842100979139408 0.836188495159149 0.838863750298818 0.832724670569102 0.831645842641592 0.817288961261511 0.805676813340849 0.790584632505974 0.751574856953488 0.752589555664194 0.791530801604192 0.804427270674043 0.804458091242446 0.805473426977793 0.807847335520718
