Map_Files/Diversity_Metrics/rpd.asc
NCOLS 312 
NROWS 528 
XLLCORNER 7 
YLLCORNER -10 
CELLSIZE 0.0416666666666667 
NODATA_value -9999 
[rows 231 to 251 of 528, columns 240 to 287 of 312]
0.833663939187924 0.840562126288811 0.838518396019936 0.836867792324887 0.836391292512417 0.82891049525804 0.8291861212088 0.820869119216999 0.815408257974519 0.813391004999479 0.812894069900115 0.811837707956632 0.811837707956632 0.810529684027036 0.811932642840677 0.813246190547943 0.813246190547943 0.813246190547943 0.813246190547943 0.813246190547943 0.812424575703012 0.812424575703012 0.808279602477948 0.793234667844243 0.791782963607047 0.806365184485912 0.800835870206357 0.777105742030675 0.762005191296339 0.784324978374773 0.777027329223024 0.775925296048323 0.787472402469978 0.795808970928192 0.783978037536145 0.752428881824013 0.791865326464176 0.781175415962935 0.776297564307849 0.766884817431371 0.753906094779571 0.754503463705381 0.754503463705381 0.754503463705381 0.737900405708289 0.726041078567505 0.726041078567505 0.728412943995659
0.830487690865993 0.843098204582929 0.839079721520345 0.833264028032621 0.831402637064457 0.825533758848906 0.821765664964914 0.813646659255028 0.812010350326697 0.812918793410063 0.812612373381853 0.810710921883583 0.810710921883583 0.810710921883583 0.81218982860446 0.813246190547943 0.813246190547943 0.813246190547943 0.813246190547943 0.813246190547943 0.811767283827067 0.811415163179239 0.803672514855863 0.776145029813053 0.76272776350379 0.800281152129172 0.785433297355973 0.759163220723471 0.756273977458477 0.772375198702018 0.751108286281427 0.748311512172222 0.768922578543421 0.768798489123583 0.747864790260792 0.751089315861461 0.781100962311028 0.757761728018523 0.748981595039368 0.738825677583616 0.724965814501047 0.726041078567505 0.726041078567505 0.726041078567505 0.726041078567505 0.726041078567505 0.725921604782343 0.725603008021911
0.830758247938421 0.835479747503996 0.836050491780043 0.829319815254874 0.823559713860353 0.830847412761715 0.82331572431657 0.815559095392625 0.811650570068095 0.811659562504954 0.813246190547943 0.813246190547943 0.813246190547943 0.813246190547943 0.813246190547943 0.813246190547943 0.813246190547943 0.813246190547943 0.813246190547943 0.810266237705946 0.811590661191278 0.810154381725523 0.807680934667587 0.808953545159767 0.76602709127797 0.797388301541406 0.783777767999308 0.772221186922656 0.771863676607609 0.743346579372882 0.748379074037075 0.748956777155399 0.74834460268418 0.747848245004813 0.748088151216507 0.748981595039368 0.748981595039368 0.748907141387463 0.751216562671794 0.741633002956709 0.725921604782343 0.726041078567505 0.726041078567505 0.725921604782343 0.725974704242415 0.726041078567505 0.725603008021911 0.724434819900327
0.830142275326782 0.832456115633249 0.834370696296294 0.830381129764849 0.822975563506285 0.820768569492632 0.812229107237525 0.810738482822975 0.812100295391347 0.81323360113634 0.813246190547943 0.813246190547943 0.813246190547943 0.813246190547943 0.813246190547943 0.813246190547943 0.813246190547943 0.813246190547943 0.813246190547943 0.780466709285976 0.795035367624624 0.793321119414437 0.777381062507629 0.809243886007206 0.769220840599802 0.768459795663754 0.767222474432654 0.757564446164503 0.745481543242932 0.743263853092988 0.747469084958235 0.748708598315716 0.748923686643442 0.748427328964074 0.748088151216507 0.748981595039368 0.748981595039368 0.748162604868412 0.773566238996052 0.763732567429544 0.724726866930723 0.726041078567505 0.726041078567505 0.724726866930723 0.725310960991515 0.726041078567505 0.726001253972451 0.725895055052307
0.823982549210389 0.825474761426449 0.830212878684202 0.832930068174998 0.83005315437913 0.822064464290938 0.813537622491519 0.812684938311577 0.813157149900992 0.813391004999479 0.813246190547943 0.813246190547943 0.813246190547943 0.813246190547943 0.813246190547943 0.813246190547943 0.804306332021952 0.780255436897275 0.807942241430283 0.801771063357593 0.805744333813587 0.80530882254243 0.801620960235596 0.80927292009195 0.769540215531985 0.765566945075989 0.753759760409595 0.744291587422291 0.743770893663168 0.746656647572915 0.747687273969253 0.748683780431747 0.748460419476032 0.74833633005619 0.748534873127937 0.751099400222299 0.781211890280247 0.783999778330327 0.790857451657454 0.766539892802638 0.725682657212019 0.726041078567505 0.726041078567505 0.725682657212019 0.725841955592235 0.725443709641695 0.724965814501047 0.726041078567505
0.824386671599415 0.823913021634022 0.829818790985478 0.834011725253529 0.829742994159461 0.817385255048672 0.813848153998454 0.813494443893433 0.813409968796703 0.81330652990275 0.813246190547943 0.813246190547943 0.813246190547943 0.813246190547943 0.813246190547943 0.813246190547943 0.808279602477948 0.79491799407535 0.810299552149243 0.811837707956632 0.811837707956632 0.811837707956632 0.811696859697501 0.80978310853243 0.794871044655641 0.772520168373983 0.76563866270913 0.756170489721829 0.744253806769848 0.748485237360001 0.748485237360001 0.748857505619526 0.748692053059737 0.760112923880417 0.769415073096753 0.750158153474329 0.766887314617634 0.768560230731964 0.76852101377315 0.756380520347093 0.736077554523945 0.726041078567505 0.726041078567505 0.726041078567505 0.726041078567505 0.725709206942055 0.725443709641695 0.726041078567505
0.826285501735078 0.824387729167938 0.827651441925101 0.829818790985479 0.825035810470581 0.813382012562619 0.812257699254486 0.813157149900993 0.813349629441897 0.812659322801563 0.81218982860446 0.813246190547943 0.813246190547943 0.81218982860446 0.812659322801563 0.804968543764618 0.793379838267962 0.793379838267962 0.793379838267962 0.793379838267962 0.793379838267962 0.792653986149364 0.791580335547527 0.791572285609113 0.793215515298976 0.771213634560507 0.765949256718158 0.757206935849456 0.74437789618969 0.748981595039368 0.748981595039368 0.748981595039368 0.748981595039368 0.760195650160312 0.769042804837228 0.748526600499948 0.74894023189942 0.748609326779842 0.748774779339631 0.748981595039368 0.743246465921402 0.72542629390955 0.719278447329998 0.718663662672043 0.722967155277728 0.726041078567505 0.72419672459364 0.719212073004908
0.826348779102166 0.824387729167938 0.82368129491806 0.822620164602995 0.819224547594786 0.813224608699481 0.810526256759961 0.812077809125185 0.813012335449457 0.81218982860446 0.811133466660977 0.812401100993156 0.812401100993156 0.811133466660977 0.81218982860446 0.793379838267963 0.765566945075989 0.765566945075989 0.765566945075989 0.764783024787903 0.76513143380483 0.763824899991354 0.762431263923645 0.765566945075989 0.765566945075989 0.763215184211731 0.75100496908029 0.743482732524475 0.745528820902109 0.748981595039368 0.748981595039368 0.748981595039368 0.748981595039368 0.748485237360001 0.747790336608887 0.74788960814476 0.748882323503494 0.748311512172222 0.748609326779842 0.748981595039368 0.742139853537083 0.720508016645909 0.709441892802715 0.711655117571354 0.717925921082496 0.721352629363536 0.717794455587864 0.709159230192501
0.825926771594419 0.824674878269434 0.823840822196669 0.819436773657799 0.813494443893433 0.813247094965644 0.810773605687751 0.810526256759962 0.812112884802951 0.813246190547943 0.812471525122722 0.810147528847059 0.810147528847059 0.812471525122722 0.810928449448612 0.791062097168632 0.765566945075989 0.765537910991245 0.765247570143806 0.762344161669413 0.763824899991353 0.763970070415073 0.76269257068634 0.765566945075989 0.765566945075989 0.764146719127893 0.751522488478159 0.74482706354724 0.747964565952619 0.748925300108062 0.747724382413758 0.748637268940608 0.748981595039368 0.748526600499948 0.74788960814476 0.747980607052644 0.748890596131484 0.748981595039368 0.748981595039368 0.748407718208101 0.737777459124725 0.708280884143379 0.70812007991804 0.721008073538541 0.715385492477153 0.70725589700871 0.70631767436862 0.707698605540726
0.826454280979104 0.827546369284391 0.825436094982757 0.819436773657799 0.813494443893433 0.81347195762727 0.813247094965643 0.813224608699481 0.813237198111084 0.813246190547943 0.813175766418378 0.812964494029681 0.812964494029681 0.813175766418377 0.787751038455304 0.76788468617532 0.765566945075989 0.765247570143806 0.762053820821974 0.761473139127096 0.763824899991353 0.765421774652269 0.765305638313293 0.765566945075989 0.765566945075989 0.749944459646941 0.743632344322072 0.739088295234575 0.737794275085131 0.748362350795005 0.735152256157663 0.745194007953008 0.748981595039368 0.74894023189942 0.748882323503494 0.748890596131484 0.748973322411378 0.748981595039368 0.748981595039368 0.742668949895436 0.727351886530718 0.707736921393209 0.705968074914482 0.714942518621683 0.712113454110093 0.706942049579488 0.706155065447092 0.707859409766065
0.826507031917572 0.827833518385887 0.825595622261366 0.819436773657799 0.813494443893433 0.81063908711076 0.782085519284009 0.803106985986232 0.812337747464577 0.798346426337958 0.786426614969968 0.813246190547943 0.813246190547943 0.813246190547943 0.785433297355973 0.765566945075989 0.764783024787903 0.762344161669413 0.761473139127095 0.763737797737122 0.76513143380483 0.765566945075989 0.765566945075989 0.765566945075989 0.765566945075989 0.739392049610616 0.73776989430189 0.738514418403308 0.733534768223762 0.736044337352117 0.72871525088946 0.734434977173805 0.736585855484009 0.736585855484009 0.731977395713329 0.71953960880637 0.733415532857179 0.722314793616533 0.722258314490317 0.730239221205313 0.735510803759098 0.72807757680615 0.707606970022122 0.713198170065879 0.715260441104571 0.711740581939618 0.707441318780184 0.707875490188599
0.825767432236009 0.827833518385887 0.822129263232152 0.815970414628585 0.806831944733859 0.78549639797873 0.77201590521468 0.802532044549781 0.813880120714505 0.793036221216124 0.77594585592548 0.812240637011 0.790655228826735 0.788496688008308 0.776907982511654 0.76735392295652 0.76513143380483 0.763824899991353 0.763824899991353 0.76513143380483 0.759943540311523 0.755926822622617 0.757080342620611 0.759971408380403 0.754276466038492 0.732569339374702 0.72946946736839 0.726383238202996 0.71811651190122 0.717909493380123 0.715839308169153 0.717495456337929 0.725671181662214 0.733217599491278 0.733667659262816 0.726757777647839 0.734466624342733 0.728299546986819 0.728268169694476 0.733658468143807 0.738779589533806 0.736085719118518 0.71346760665377 0.715115327388048 0.716910143693288 0.715631831023428 0.713350554307302 0.71412055980828
0.820903813259469 0.823529324183861 0.818377289507125 0.813952791194121 0.802583574006956 0.770089224394825 0.772471824867858 0.790718242526054 0.796720961729686 0.78363565189971 0.773167404035727 0.794562420911261 0.772977012726996 0.770818471908569 0.770818471908569 0.765761251664824 0.760949627806743 0.766866785784563 0.75798383106788 0.757095535596212 0.751472130831746 0.742755462725958 0.738339257737001 0.744086424923606 0.736646328949266 0.719274840007227 0.721453567759857 0.719013210799959 0.707875490188599 0.707875490188599 0.707875490188599 0.707875490188599 0.717711436665719 0.726887337863445 0.729897653063138 0.729897653063138 0.729897653063138 0.729897653063138 0.735162794176075 0.735162794176076 0.729897653063138 0.729498460061021 0.72550653003984 0.719222820053498 0.716769675413768 0.716769675413768 0.71726131439209 0.718031319893068
0.817840861777465 0.818323411047459 0.816590885321299 0.814790911972523 0.806318819522858 0.783377617597581 0.783377617597581 0.773958258330823 0.770818471908569 0.770818471908569 0.770818471908569 0.770780310034752 0.770398691296577 0.77036052942276 0.77036052942276 0.761584074546894 0.753380309790373 0.764031194150449 0.748041875660419 0.741337448358536 0.74290225158135 0.734442340830963 0.720207817852497 0.722835779190063 0.722835779190063 0.706776276230813 0.7149001446863 0.7178894666334 0.708416983485222 0.707875490188599 0.707875490188599 0.709635332226753 0.714328244328498 0.71726131439209 0.71726131439209 0.71726131439209 0.71726131439209 0.71726131439209 0.729897653063137 0.729897653063139 0.717134892940521 0.718151662498711 0.732112001627683 0.721322994679213 0.71637636423111 0.71637636423111 0.71726131439209 0.71726131439209
0.825851815442244 0.820328367253145 0.816489996181594 0.813898613883389 0.811824371417363 0.811798514591323 0.811539946330918 0.780877890686196 0.7706658244133 0.7706658244133 0.7706658244133 0.770525897542636 0.769126628835996 0.768752634525299 0.768133806271686 0.760520511203342 0.750318299978971 0.750093222906192 0.750374569247166 0.729727510362865 0.734813441005016 0.734813441005018 0.722835779190063 0.722862635221746 0.723131195538574 0.71242600803574 0.708421364840534 0.709219195776515 0.710237001379331 0.708681135127942 0.708916064351797 0.715180875112613 0.71726131439209 0.71726131439209 0.71726131439209 0.71726131439209 0.71726131439209 0.717134892940521 0.728774390700789 0.728844624840551 0.716755628585815 0.715407133102417 0.717092752456665 0.71726131439209 0.71726131439209 0.71726131439209 0.71726131439209 0.71726131439209
0.815765889982383 0.815779166917006 0.815481104784542 0.79908259626892 0.776265929142634 0.77598150405619 0.773137253191737 0.770067719121774 0.769139349460602 0.769139349460602 0.769139349460602 0.769126628835996 0.768999422589938 0.76641196012497 0.759604849335221 0.754698660638597 0.752850417047739 0.750374569247166 0.753469378997882 0.730571549385787 0.723924657536878 0.723924657536878 0.722835779190063 0.723131195538574 0.726085359023677 0.698870732138556 0.701846926990481 0.71062306728628 0.712192381421725 0.716737584521373 0.719321805983782 0.717841042826573 0.71726131439209 0.71726131439209 0.71726131439209 0.71726131439209 0.71726131439209 0.715870678424835 0.717541767077314 0.718314342614677 0.716755628585816 0.715407133102417 0.717092752456665 0.71726131439209 0.71726131439209 0.71726131439209 0.71726131439209 0.71726131439209
0.806059478471676 0.811472237110138 0.813265964388847 0.808821159104507 0.794786956161261 0.771155377229055 0.769183854262034 0.768986701965332 0.768986701965332 0.767816364765167 0.766880095005035 0.768752634525299 0.766411960124969 0.767582297325134 0.759922290841739 0.754116475582123 0.754116475582123 0.752751350402833 0.739100098609924 0.730284735560417 0.722860785822074 0.72240317116181 0.718239087611437 0.693236206968624 0.697126204768816 0.69021824374795 0.701189483205476 0.697389494627715 0.679072067141532 0.681026164442299 0.688383650034666 0.71212876215577 0.718318495899439 0.705183122307063 0.687649760395288 0.685778081417083 0.685778081417083 0.707873448729514 0.716418504714966 0.704831194132567 0.694887097924947 0.71726131439209 0.71726131439209 0.71726131439209 0.71726131439209 0.71726131439209 0.709803242236376 0.687429025769233
0.782035143838988 0.804441316674152 0.798384832425251 0.788258845607439 0.783919136971235 0.770558516184489 0.767143567403157 0.768440544605255 0.768986701965332 0.778113996403084 0.785415831953288 0.768133806271686 0.75960484933522 0.766428014884392 0.760312403241794 0.754116475582123 0.754116475582123 0.75335807270474 0.745774043930902 0.743617781748374 0.733377038604685 0.728938634610838 0.722410527368387 0.692314483225346 0.694027992586295 0.693277598669132 0.692408929268519 0.693972085913022 0.69672192633152 0.697255971117152 0.702596418973473 0.714785783241192 0.717848637451728 0.701157058278721 0.678264492501815 0.677169926464558 0.676622482637564 0.706455813099939 0.716910143693288 0.710355692025689 0.704831194132566 0.71726131439209 0.71726131439209 0.71726131439209 0.71726131439209 0.71726131439209 0.707317218184472 0.677484929561615
0.765577500479089 0.787317249923944 0.781025997880434 0.770900011062622 0.770700708031654 0.769311411099302 0.761397532704804 0.762244616945585 0.762790774305662 0.771864890224403 0.778702163447937 0.760520511203343 0.754698660638597 0.760622199624777 0.757730766716931 0.754116475582123 0.754116475582123 0.75335807270474 0.745774043930902 0.750575208415588 0.740671941389642 0.727520611137152 0.71504207700491 0.697673331946134 0.698679719120264 0.691555719822646 0.683001269482905 0.688005249119467 0.70115705827872 0.701321508735418 0.702966013302406 0.701650409648816 0.70115705827872 0.691762908879254 0.678163406749566 0.676765583455563 0.676218139628569 0.694908642520506 0.710551207678184 0.710355692025688 0.704620491713285 0.715107614381447 0.701998711046246 0.699696669975917 0.700137181414498 0.700687820712725 0.695004407316447 0.67791506399711
0.759360776593287 0.764523841440677 0.769014672686656 0.770900011062622 0.7704216837883 0.767747516433399 0.755355661114057 0.753356840461493 0.753694456070661 0.752428397536278 0.750065088272095 0.750318299978971 0.752850417047739 0.753863263875246 0.754116475582123 0.754116475582123 0.754116475582123 0.75220311805606 0.73306954279542 0.742002122104167 0.737834040075541 0.722424643735092 0.70562780275941 0.696787711232901 0.698599208146334 0.683653414249421 0.678611099720001 0.678611099720001 0.678611099720001 0.678611099720001 0.678611099720001 0.677987206727266 0.678264492501815 0.678264492501815 0.676973395049572 0.674625174452861 0.675318388889233 0.677594095468521 0.695239026099441 0.695004407316447 0.68477489426732 0.703440558165313 0.679844532161951 0.675912015140057 0.676775321364403 0.677649162709713 0.677696086466312 0.678282633423805
0.747149313903517 0.751408969362577 0.763390736447439 0.770659715351131 0.771204449236393 0.771027988443774 0.75534696256121 0.75099353119731 0.752428397536278 0.752007400410043 0.7503259430329 0.753828271395631 0.750714119109843 0.755990769714117 0.756444110638566 0.753973313917716 0.752471778541803 0.751954609735146 0.730335951265362 0.731249375889699 0.732274472713471 0.733195070591237 0.725508838891983 0.698600026468436 0.698763964076837 0.683445449918509 0.678495563980606 0.678611099720001 0.678611099720001 0.678587992572122 0.678356921093332 0.676254170636336 0.677340206586652 0.677340206586653 0.675560956199964 0.675815134826634 0.678356921093332 0.677836857736111 0.67741702703966 0.677847161475155 0.678329557180405 0.677469643039836 0.677316777822044 0.678075733284155 0.678495563980606 0.678180965284507 0.677578777074814 0.677664803961913
