Map_Files/Diversity_Metrics/rpd.asc
NCOLS 312 
NROWS 528 
XLLCORNER 7 
YLLCORNER -10 
CELLSIZE 0.0416666666666667 
NODATA_value -9999 
[rows 483 to 503 of 528, columns 192 to 239 of 312]
-9999 -9999 -9999 -9999 -9999 -9999 -9999 -9999 -9999 -9999 -9999 -9999 -9999 -9999 -9999 -9999 -9999 -9999 -9999 -9999 -9999 -9999 -9999 -9999 -9999 -9999 -9999 -9999 -9999 -9999 -9999 -9999 -9999 -9999 0.843071073293687 0.814871311187744 0.814871311187744 0.814871311187744 0.814871311187744 0.814871311187744 0.814871311187744 0.814871311187744 0.814871311187744 -9999 -9999 -9999 -9999 -9999
-9999 -9999 -9999 -9999 -9999 -9999 -9999 -9999 -9999 -9999 -9999 -9999 -9999 -9999 -9999 -9999 -9999 -9999 -9999 -9999 -9999 -9999 -9999 -9999 -9999 -9999 -9999 -9999 -9999 -9999 -9999 -9999 0.847832560539246 0.849282070994377 0.842201367020608 0.814871311187744 0.814871311187744 0.814871311187744 0.814871311187744 0.814871311187744 0.814871311187744 0.814871311187744 -9999 -9999 -9999 -9999 -9999 -9999
-9999 -9999 -9999 -9999 -9999 -9999 -9999 -9999 -9999 -9999 -9999 -9999 -9999 -9999 -9999 -9999 -9999 -9999 -9999 -9999 -9999 -9999 -9999 0.852470993995667 0.852470993995667 0.852470993995667 0.852245514591535 0.85646075507005 0.85889881849289 0.847832560539245 0.847832560539246 0.847832560539246 0.847832560539246 0.847832560539245 0.839592248201371 0.814871311187744 0.814871311187744 0.814871311187744 0.814871311187744 0.814871311187744 0.814871311187744 -9999 -9999 -9999 -9999 -9999 -9999 -9999
-9999 -9999 -9999 -9999 -9999 -9999 -9999 -9999 -9999 -9999 -9999 -9999 -9999 -9999 -9999 -9999 -9999 -9999 -9999 -9999 -9999 -9999 -9999 0.852470993995667 0.852470993995667 0.852470993995667 0.84999072055022 0.854205961028734 0.85889881849289 0.847832560539246 0.847832560539245 0.847832560539246 0.847832560539246 0.847832560539246 0.839592248201371 0.814871311187744 0.814871311187744 0.814871311187744 0.814871311187744 0.814871311187744 -9999 -9999 -9999 -9999 -9999 -9999 -9999 -9999
-9999 -9999 -9999 -9999 -9999 -9999 -9999 -9999 -9999 -9999 -9999 -9999 -9999 -9999 -9999 -9999 -9999 -9999 -9999 -9999 0.852470993995667 0.850538313388825 0.848122462630272 0.848992168903351 0.848992168903351 0.848992168903351 0.848315730690956 0.849369540810584 0.850599125027656 0.847832560539246 0.847832560539246 0.847832560539246 0.847832560539246 0.837532170116901 0.82105154544115 0.814871311187744 0.814871311187744 0.814871311187744 0.814871311187744 0.814871311187744 -9999 -9999 -9999 -9999 -9999 -9999 -9999 -9999
-9999 -9999 -9999 -9999 -9999 -9999 -9999 -9999 -9999 -9999 -9999 -9999 -9999 -9999 0.887202680110931 0.880215500791868 0.870433449745178 0.868550042311351 0.849715967973074 0.847832560539245 0.848959957559903 0.848959957559903 0.847832560539245 0.847832560539245 0.847832560539246 0.847832560539246 0.847832560539246 0.847832560539245 0.847832560539245 0.847832560539245 0.847832560539246 0.847832560539246 0.847832560539246 0.834098706642788 0.814871311187744 0.814871311187744 0.814871311187744 0.814871311187744 0.814871311187744 0.814871311187744 -9999 -9999 -9999 -9999 -9999 -9999 -9999 -9999
-9999 -9999 -9999 -9999 -9999 -9999 -9999 -9999 -9999 -9999 -9999 -9999 -9999 0.877459764480591 0.876793852696816 0.872242346819904 0.866536150376002 0.865762270987034 0.858023477097353 0.857249597708384 0.851756326026387 0.847832560539245 0.847832560539246 0.847832560539245 0.847832560539246 0.847832560539246 0.847832560539246 0.847832560539245 0.847832560539245 0.847832560539245 0.847832560539246 0.847832560539246 0.847832560539246 0.834098706642788 0.814871311187744 0.814871311187744 0.814871311187744 0.814871311187744 0.814871311187744 0.814871311187744 -9999 -9999 -9999 -9999 -9999 -9999 -9999 -9999
-9999 -9999 -9999 -9999 -9999 -9999 -9999 -9999 -9999 0.868760168552399 0.868760168552399 0.869303893297911 0.87474114075303 0.876916039735079 0.867904861768087 0.861079931259155 0.861079931259155 0.861664526164531 0.867510475218296 0.868095070123672 0.859571235875289 0.851128523548444 0.847832560539245 0.847832560539246 0.847832560539245 0.847832560539246 0.847832560539246 0.847832560539246 0.847832560539245 0.847832560539246 0.847832560539245 0.847832560539246 0.843025711675485 0.829291857779026 0.814871311187744 0.814871311187744 0.814871311187744 0.814871311187744 0.814871311187744 0.814871311187744 -9999 -9999 -9999 -9999 -9999 -9999 -9999 -9999
-9999 -9999 -9999 -9999 -9999 -9999 -9999 -9999 0.870051180322965 0.868760168552399 0.868760168552399 0.868760168552399 0.868760168552399 0.874741140753031 0.867231183167962 0.860442886749904 0.860442886749904 0.860442886749904 0.860442886749904 0.860442886749904 0.865444420940347 0.860712511671915 0.849086304505666 0.848930936720636 0.847377258870337 0.847221891085307 0.847221891085307 0.847221891085307 0.847221891085307 0.847272780206468 0.847781671418084 0.847832560539245 0.828605165084205 0.814871311187744 0.814871311187744 0.814871311187744 0.814871311187744 0.814871311187744 0.814871311187744 0.814871311187744 -9999 -9999 -9999 -9999 -9999 -9999 -9999 -9999
-9999 -9999 -9999 -9999 -9999 -9999 -9999 0.871858596801758 0.870051180322965 0.868760168552399 0.868760168552399 0.868760168552399 0.868760168552399 0.869303893297911 0.860494397166703 0.854072441657384 0.854072441657384 0.854072441657384 0.854072441657384 0.854072441657384 0.854527126583788 0.857673502630657 0.861623744169872 0.859914698534542 0.842824242181248 0.841115196545918 0.841115196545918 0.841115196545919 0.841115196545919 0.841674976878695 0.847272780206468 0.847832560539245 0.828605165084205 0.814871311187744 0.814871311187744 0.814871311187744 0.814871311187744 0.814871311187744 0.814871311187744 -9999 -9999 -9999 -9999 -9999 -9999 -9999 -9999 -9999
-9999 -9999 0.944266140460968 0.944266140460968 0.944266140460968 -9999 0.944266140460968 0.89151442050934 0.873478659739097 0.871324349194765 0.868760168552398 0.868760168552399 0.868760168552399 0.868760168552399 0.859820718566577 0.853435397148132 0.853435397148132 0.853435397148132 0.853435397148132 0.853435397148132 0.853435397148132 0.854418948292732 0.855795919895172 0.855919947226842 0.857160220543545 0.857284247875215 0.847496077418329 0.84050452709198 0.84050452709198 0.840657194455464 0.842183868090311 0.82382895797491 0.812852916618188 0.809419453144073 0.809419453144073 0.809419453144073 0.809419453144073 0.803354676812887 0.798700651774804 0.796820342540741 0.796820342540741 0.796820342540741 0.796820342540741 0.796820342540741 0.796820342540741 0.796820342540741 0.796820342540741 0.796820342540741
0.984658777713776 0.954364299774171 0.944266140460968 0.944266140460968 0.941977992653847 0.932490744938453 0.906262701998156 0.879311658442021 0.873196608076493 0.872179076075554 0.867125599334637 0.862221891681353 0.862221891681353 0.862221891681353 0.857096436536975 0.853435397148132 0.853435397148132 0.853435397148132 0.853435397148132 0.853435397148132 0.853435397148132 0.853435397148132 0.853435397148132 0.853763247529666 0.857041751344999 0.857369601726532 0.855144662989511 0.853555421034495 0.853555421034495 0.850868426263335 0.823998478551706 0.811029496292274 0.807602167129517 0.807602167129517 0.807602167129517 0.807602167129517 0.807602167129516 0.804232846945524 0.799440924906069 0.795617162767384 0.793932711084684 0.794173347039355 0.79657970658607 0.796820342540741 0.796820342540741 0.796820342540741 0.797443053374688 0.799281532979674
0.984658777713776 0.966986998915673 0.951278751095136 0.944266140460968 0.93389863272508 0.902866425199641 0.903569582021899 0.879311658442021 0.873196608076493 0.872179076075554 0.865958049893379 0.857551693916321 0.857551693916321 0.857551693916321 0.852781378974517 0.851066255321105 0.853435397148132 0.853435397148132 0.853435397148132 0.853435397148132 0.853435397148132 0.853435397148132 0.853435397148132 0.853435397148132 0.853435397148132 0.853435397148132 0.856648330887158 0.858943283557892 0.855548091232777 0.843060114317472 0.820036114917861 0.8177337149779 0.811823645399677 0.807602167129516 0.807602167129516 0.807602167129517 0.807602167129516 0.807602167129517 0.803933351818059 0.798979067554077 0.794751442968845 0.792282635966936 0.796407823761304 0.796820342540741 -9999 -9999 0.797887846827507 0.801090359687805
-9999 0.984658777713776 0.966986998915673 0.94919831554095 0.920750513672829 0.862744903812805 0.919151523460941 0.886064976453782 0.874010633677244 0.872179076075554 0.865958049893379 0.857551693916321 0.857551693916321 0.857551693916321 0.84946458041668 0.847749456763267 0.853435397148132 0.853435397148132 0.853435397148132 0.853435397148132 0.853435397148132 0.853435397148132 0.853435397148132 0.853435397148132 0.853435397148132 0.853435397148132 0.853435397148132 0.850040204823017 0.839175589382649 0.821533821523189 0.828456528484821 0.829148799180984 0.82012597223123 0.811148208876451 0.807602167129516 0.807602167129517 0.807602167129516 0.807602167129517 0.807602167129517 0.804888914028804 0.799361564218998 0.79439560820659 0.796599912146727 0.796820342540741 -9999 -9999 -9999 -9999
-9999 -9999 0.984658777713776 0.963994840780896 0.915276755889257 0.856721402870284 0.864825068248643 0.868345296631257 0.872382582475741 0.872179076075554 0.865958049893379 0.857551693916321 0.857551693916321 0.857551693916321 0.84946458041668 0.847411007930835 0.852826189249754 0.853435397148132 0.853435397148132 0.853435397148132 0.853435397148133 0.853435397148132 0.853435397148132 0.853435397148132 0.853435397148132 0.853435397148132 0.853435397148132 0.839854627847673 0.820841550827026 0.820841550827026 0.820841550827026 0.820841550827026 0.826764311227533 0.822092197007604 0.809628476699192 0.809459617568386 0.807771026260323 0.807602167129516 0.807602167129517 0.804888914028804 0.801090359687805 0.801090359687805 -9999 0.796820342540741 0.796820342540741 -9999 -9999 -9999
-9999 -9999 -9999 0.963994840780896 0.915649632612865 0.857476212912136 0.858212909764713 0.87017119800051 0.87441764647762 0.872179076075554 0.865958049893379 0.857551693916321 0.857551693916321 0.857551693916321 0.84946458041668 0.844026519606511 0.84673411026597 0.853435397148132 0.853435397148132 0.853435397148132 0.853435397148132 0.853435397148132 0.853435397148132 0.853435397148132 0.853435397148132 0.853435397148132 0.853435397148132 0.839854627847673 0.820841550827026 0.820841550827026 0.820841550827026 0.820841550827026 0.821379983590709 0.825150825911098 0.829891572395961 0.828034121957092 0.809459617568387 0.807602167129516 0.807602167129517 0.804888914028804 0.801090359687805 -9999 -9999 0.796820342540741 0.796820342540741 -9999 -9999 -9999
-9999 -9999 0.984658777713776 0.984658777713776 0.880183603614569 0.885913446545603 0.867772176861764 0.8724553771317 0.874621152877808 0.874010633677244 0.871356442570687 0.865257520228625 0.858252223581076 0.857551693916321 0.855529915541411 0.84975340589881 0.846124902367592 0.853435397148132 0.853435397148132 0.853435397148132 0.853435397148132 0.853435397148132 0.853435397148132 0.853435397148132 0.853435397148132 0.853435397148132 0.839175589382649 0.825594820082187 0.820841550827026 0.820841550827026 0.820841550827026 0.820841550827026 0.820841550827026 0.821995335320631 0.823610633611679 0.823796326915422 0.825653259952864 0.81216136366129 0.807602167129517 0.803109740217527 0.797887846827507 0.801090359687805 0.801090359687805 0.797887846827507 0.799311185876528 0.801090359687805 -9999 -9999
-9999 -9999 -9999 -9999 0.942239716649055 0.941006307800611 0.875327999393148 0.873155906796455 0.874621152877808 0.873196608076493 0.868957156936328 0.861832708534267 0.857940877063407 0.857551693916321 0.857551693916321 0.854144326100747 0.848967872560024 0.848223285128673 0.852961568782727 0.853435397148132 0.853435397148132 0.853435397148132 0.853435397148132 0.853435397148132 0.853435397148132 0.839175589382649 0.826500204702219 0.820841550827026 0.820841550827026 0.820841550827026 0.820841550827026 0.820841550827026 0.820841550827026 0.820841550827026 0.820841550827026 0.821226145658228 0.825072093970246 0.81785802791516 0.819094170298841 0.819914489570591 0.813243020325899 0.801090359687805 0.801090359687805 -9999 -9999 -9999 -9999 -9999
-9999 -9999 -9999 -9999 -9999 0.98313695192337 -9999 -9999 0.874621152877808 0.872179076075554 0.865958049893379 0.857551693916321 0.857551693916321 0.857551693916321 0.860275975945923 0.858560852292511 0.850998565554619 0.844500347971916 0.852623119950294 0.853435397148132 0.853435397148132 0.853435397148132 0.850040204823017 0.839854627847671 0.839854627847671 0.825594820082188 0.820841550827026 0.820841550827026 0.820841550827026 0.820841550827026 0.820841550827026 0.820841550827026 0.820841550827026 0.820841550827026 0.820841550827026 0.820841550827026 0.820841550827026 0.820841550827026 0.824610580172803 0.827302743991216 0.825687445700169 0.821975419918695 0.833314110835393 -9999 -9999 -9999 -9999 -9999
-9999 -9999 -9999 -9999 -9999 0.984531958897909 0.983263770739238 0.98313695192337 0.925255345801515 0.877598352730275 0.866658579558134 0.86035381257534 0.86035381257534 0.86035381257534 0.863622951010863 0.860740277916193 0.851607773452997 0.84673411026597 0.852826189249754 0.853435397148132 0.853435397148132 0.850040204823017 0.839175589382648 0.820841550827026 0.820841550827026 0.820841550827026 0.820841550827026 0.820841550827026 0.820841550827026 0.820841550827026 0.820841550827026 0.820841550827026 0.820841550827026 0.820841550827026 0.820841550827026 0.820841550827026 0.820841550827026 0.820841550827026 0.820841550827026 0.820841550827026 0.820841550827026 0.82146818563342 0.827734533697366 0.823796059936285 -9999 -9999 -9999 -9999
-9999 -9999 -9999 -9999 0.984056388338407 0.984415708316697 0.983253202504582 0.977802529931071 0.938549607992175 0.895349993060033 0.871449027210473 0.868760168552399 0.868760168552399 0.868760168552399 0.862766748087274 0.856381426668829 0.853435397148132 0.853435397148132 0.853435397148132 0.853435397148132 0.851850974063079 0.838270204762619 0.820841550827026 0.820841550827026 0.820841550827026 0.820841550827026 0.820841550827026 0.820841550827026 0.820841550827026 0.820841550827026 0.820841550827026 0.820841550827026 0.820841550827026 0.820841550827026 0.820841550827026 0.820841550827026 0.820841550827026 0.820841550827026 0.820841550827026 0.820841550827026 0.820841550827026 0.820021071781715 0.811816281328598 0.814352307468652 -9999 -9999 -9999 -9999
