Map_Files/Contemporary/bio1.asc
NCOLS 312 
NROWS 528 
XLLCORNER 7.000000002 
YLLCORNER -10 
CELLSIZE 0.0416666666666667 
NODATA_value -9999 
[rows 360 to 399 of 528, columns 90 to 179 of 312]
242 249 254 249 252 252 252 255 252 245 243 242 242 239 242 245 246 247 244 252 252 248 253 253 253 254 255 255 254 253 251 249 249 248 251 250 253 252 251 249 246 241 239 237 232 237 238 236 234 233 233 233 233 233 234 234 235 235 236 236 236 236 234 235 235 234 235 235 231 230 229 229 230 231 231 232 232 233 234 235 236 237 238 237 236 232 234 236 236 232
243 246 251 249 252 249 245 253 254 253 246 243 243 242 243 245 249 246 240 249 253 253 252 252 254 254 254 254 254 254 254 252 251 248 248 252 252 253 253 251 249 242 239 239 235 236 240 237 233 231 233 233 233 233 234 234 235 235 236 236 236 236 235 235 234 234 236 236 233 231 231 228 229 230 230 230 231 232 232 234 236 237 237 236 234 232 234 234 239 236
247 244 239 244 242 250 248 248 252 254 254 250 249 246 245 244 250 245 239 235 243 252 254 254 254 253 252 253 254 254 254 255 253 250 250 249 249 253 255 253 251 245 240 238 239 238 237 234 229 227 234 234 233 233 233 234 234 236 235 234 234 235 236 236 235 236 235 235 235 235 234 232 228 229 229 230 230 231 233 235 236 238 237 236 234 233 234 232 234 239
247 244 238 234 232 232 248 248 248 251 252 254 257 257 255 249 248 245 242 236 238 249 254 253 253 253 251 249 253 254 254 255 255 253 253 251 251 249 251 255 253 252 248 242 239 241 234 232 230 229 233 235 235 234 234 234 234 235 235 234 234 233 234 233 234 234 235 234 235 234 231 228 230 228 228 229 230 231 233 235 237 238 237 236 236 233 235 233 237 240
244 242 239 237 237 234 228 246 248 246 248 249 253 255 256 257 254 249 245 242 241 248 253 253 246 247 245 242 248 253 254 255 256 256 255 254 253 250 248 253 255 253 252 246 242 241 240 234 232 233 231 237 238 236 235 234 235 234 234 235 234 234 232 235 234 235 235 235 235 233 232 231 227 228 229 229 230 232 233 235 237 237 236 236 235 234 233 236 238 236
245 241 237 236 233 233 227 226 245 247 245 244 245 250 253 254 255 256 252 246 248 248 246 251 253 250 248 246 248 251 254 255 256 256 256 256 255 254 251 252 253 254 253 250 244 244 245 238 235 228 227 235 244 241 235 234 234 236 235 235 233 235 234 233 235 234 234 231 229 228 228 228 226 227 228 229 231 232 234 236 237 236 236 235 236 235 235 237 238 234
247 244 239 235 236 235 232 226 228 240 241 245 246 247 249 251 253 254 256 249 246 255 247 242 247 253 252 252 250 250 251 255 256 256 256 257 256 255 254 253 250 254 254 252 247 245 247 246 240 236 234 239 244 243 235 234 234 235 235 235 235 233 234 234 235 234 232 229 226 226 225 226 226 226 227 229 230 231 234 235 235 235 236 236 236 235 237 238 235 235
248 247 244 238 238 235 234 229 221 216 224 235 241 245 247 248 249 252 254 257 252 249 257 246 239 240 247 250 251 251 252 253 255 256 257 257 257 257 256 254 253 254 255 252 249 248 249 249 247 245 243 245 244 243 239 238 237 235 236 235 233 233 233 234 233 231 232 227 228 230 225 224 226 228 228 230 230 233 235 234 235 235 236 236 237 238 237 237 237 236
251 248 244 242 242 234 232 231 224 220 218 226 230 233 243 247 246 250 253 254 255 257 257 255 241 237 236 237 245 249 250 251 252 255 256 257 258 258 257 256 254 252 254 252 249 252 251 245 243 237 231 232 232 234 236 232 234 236 235 234 233 233 233 231 229 231 229 227 230 231 225 227 227 227 229 229 230 234 234 233 234 235 236 237 237 237 235 235 236 237
251 248 245 246 246 238 235 229 229 229 224 228 231 227 227 234 246 247 252 253 254 254 255 256 252 241 238 238 236 240 247 251 253 254 256 257 257 258 258 258 257 255 254 252 250 250 252 248 244 237 235 231 230 232 232 232 233 234 234 234 233 233 232 232 232 233 234 234 234 230 228 229 228 227 226 229 233 233 231 233 234 236 236 236 236 235 234 236 238 239
251 250 250 248 246 244 239 239 239 234 233 229 232 239 233 219 230 248 248 251 252 253 253 254 255 255 245 240 238 239 241 250 253 255 256 256 257 257 258 258 258 257 255 255 255 254 251 247 247 246 244 239 236 237 233 229 231 232 234 234 233 232 233 232 233 233 233 232 232 230 230 229 226 227 226 230 234 231 229 233 235 235 236 236 236 235 236 238 240 241
-9999 250 250 249 246 248 246 243 238 237 238 237 238 243 238 232 221 225 245 251 252 251 251 252 253 251 248 240 240 239 236 242 252 253 255 257 255 256 258 259 259 259 258 257 255 252 247 247 246 244 246 244 241 238 236 233 228 227 229 234 233 233 232 232 232 232 232 232 232 230 228 226 227 228 231 233 230 228 229 231 234 236 236 236 236 236 238 239 239 241
-9999 -9999 250 250 247 250 249 244 244 245 241 241 241 243 241 234 225 219 226 242 250 250 251 249 252 252 249 243 243 240 237 240 244 249 253 257 257 252 259 259 258 259 259 257 254 255 252 252 248 247 248 246 241 236 238 234 232 226 226 230 234 233 233 233 232 231 232 232 227 230 227 228 230 229 233 233 227 227 230 232 233 235 235 236 237 238 239 239 239 242
-9999 -9999 -9999 251 251 251 251 249 250 251 247 245 245 242 240 236 235 231 233 231 242 248 251 249 248 249 252 252 247 244 243 242 241 242 247 254 256 259 259 259 259 259 259 258 256 255 254 256 254 255 252 250 246 244 241 235 231 227 227 231 232 233 234 233 233 232 232 231 232 230 228 232 234 234 236 231 230 230 231 232 233 234 234 235 238 239 240 241 240 242
-9999 -9999 -9999 -9999 252 252 253 253 253 248 247 250 248 247 244 240 235 237 237 239 236 244 249 250 249 247 247 249 252 252 249 248 243 244 244 252 255 257 257 253 258 258 258 258 257 256 255 254 252 255 250 252 252 248 245 242 242 239 238 236 229 232 233 233 233 232 232 232 232 231 231 232 235 236 232 230 228 228 229 231 231 233 235 236 239 240 240 241 242 242
-9999 -9999 -9999 -9999 -9999 -9999 254 254 252 250 250 252 252 246 246 247 245 248 241 239 242 241 245 248 250 249 248 245 247 248 252 255 250 248 248 250 255 256 258 258 256 256 257 257 257 256 256 254 250 252 252 249 249 247 246 245 241 241 237 235 231 232 231 233 233 233 232 233 233 232 230 230 235 235 230 229 228 228 229 230 231 236 239 240 239 241 242 242 242 242
-9999 -9999 -9999 -9999 -9999 -9999 254 254 255 255 255 254 253 250 250 251 247 249 243 242 245 243 243 245 247 248 249 248 248 246 246 251 255 253 248 248 250 254 257 257 257 255 256 256 256 256 256 256 253 249 255 254 254 252 249 246 238 239 239 238 236 232 229 231 232 233 233 233 233 233 232 233 234 232 232 228 229 229 231 233 237 239 240 240 240 241 242 242 243 243
-9999 -9999 -9999 -9999 -9999 -9999 -9999 255 255 255 255 254 254 254 254 254 253 253 253 251 251 242 242 245 244 247 248 249 249 250 250 250 253 255 257 254 250 255 253 255 256 254 255 256 255 256 256 256 255 252 254 256 252 248 248 250 245 239 238 236 235 232 229 228 229 231 234 234 233 234 234 231 228 229 229 228 230 232 236 238 239 239 239 240 240 243 244 244 243 243
-9999 -9999 -9999 -9999 -9999 -9999 -9999 252 255 256 255 254 255 255 254 254 252 250 251 249 245 245 238 245 245 245 246 247 250 250 251 252 254 256 253 256 259 256 253 254 255 255 248 254 254 255 256 256 256 255 254 256 254 250 252 253 252 242 239 240 238 236 231 230 228 230 232 233 234 234 233 231 230 230 230 231 232 236 239 237 239 239 238 239 242 244 243 243 244 244
-9999 -9999 -9999 -9999 -9999 -9999 -9999 251 252 254 255 255 256 255 255 255 253 253 250 246 244 242 238 249 247 244 241 243 246 248 249 250 251 251 256 256 258 257 255 252 252 255 252 247 247 253 255 256 256 256 255 255 253 253 253 252 249 250 245 241 239 239 233 236 234 228 231 232 234 234 235 233 231 233 232 235 236 237 238 237 238 239 240 241 243 243 244 245 244 244
-9999 -9999 -9999 -9999 -9999 -9999 -9999 -9999 252 252 253 255 256 257 256 257 256 256 256 255 253 253 251 250 248 246 242 240 241 246 250 249 249 249 253 258 255 254 254 252 250 254 253 251 244 246 254 255 256 257 255 256 257 256 253 251 252 248 246 244 240 243 241 237 238 232 230 233 234 234 236 235 236 234 235 236 237 238 238 238 239 240 240 241 243 246 248 246 243 246
-9999 -9999 -9999 -9999 -9999 -9999 -9999 -9999 -9999 -9999 251 254 255 256 257 256 256 256 256 255 255 255 252 251 250 248 248 243 240 241 245 250 251 252 252 255 254 249 248 251 248 250 253 252 252 246 248 255 256 257 257 256 256 255 252 249 246 246 246 243 238 244 245 246 241 240 236 235 232 234 235 237 239 238 238 237 238 239 239 240 239 241 241 242 243 247 250 248 250 249
-9999 -9999 -9999 -9999 -9999 -9999 -9999 -9999 -9999 -9999 -9999 253 254 256 257 257 257 256 256 254 255 255 253 250 247 250 250 247 246 243 239 242 246 251 252 254 249 246 247 248 249 240 249 252 250 251 252 255 256 257 257 257 258 254 254 252 251 250 248 246 245 248 247 250 245 240 244 242 239 237 238 237 243 238 238 236 236 236 240 242 242 242 246 245 248 249 253 253 254 253
-9999 -9999 -9999 -9999 -9999 -9999 -9999 -9999 -9999 -9999 -9999 -9999 256 257 257 257 257 256 254 255 256 255 254 253 251 252 252 248 248 250 246 242 242 246 252 252 249 251 250 250 240 246 244 248 251 247 247 245 254 256 257 257 257 257 253 252 247 246 245 247 247 248 252 251 244 238 248 246 244 240 240 239 237 243 237 237 237 237 241 245 245 243 247 253 253 253 254 253 253 249
-9999 -9999 -9999 -9999 -9999 -9999 -9999 -9999 -9999 -9999 -9999 -9999 -9999 255 255 255 256 256 255 253 256 256 255 255 255 257 251 248 248 251 248 244 246 244 254 245 231 232 245 249 249 235 245 246 249 250 250 249 247 252 255 257 259 258 256 254 251 249 246 248 251 251 254 254 246 246 250 248 244 239 241 239 237 250 242 240 238 238 241 247 250 250 250 254 254 255 253 252 250 244
-9999 -9999 -9999 -9999 -9999 -9999 -9999 -9999 -9999 -9999 -9999 -9999 -9999 -9999 255 254 255 256 255 255 257 257 256 256 256 256 254 253 253 252 249 248 247 248 250 250 236 237 242 242 242 245 237 246 247 248 249 250 249 246 251 256 257 259 259 256 254 250 249 247 252 255 252 251 251 250 250 248 246 246 242 242 242 250 248 245 242 241 245 246 248 254 255 253 252 251 252 250 246 239
-9999 -9999 -9999 -9999 -9999 -9999 -9999 -9999 -9999 -9999 -9999 -9999 -9999 -9999 -9999 256 256 255 256 257 257 256 256 256 256 257 253 257 254 252 253 252 254 252 250 243 245 233 239 238 231 234 241 241 246 246 246 248 249 250 249 253 255 256 257 258 258 257 256 256 253 251 248 250 250 251 253 251 249 252 251 250 247 252 248 247 245 244 248 249 250 253 251 252 251 250 250 248 243 242
-9999 -9999 -9999 -9999 -9999 -9999 -9999 -9999 -9999 -9999 -9999 -9999 -9999 -9999 -9999 -9999 256 255 257 256 256 255 255 257 256 256 255 258 255 254 254 256 252 254 244 235 241 234 236 239 234 225 239 240 244 246 247 246 247 247 248 251 254 255 256 258 256 256 256 257 256 255 255 255 254 255 255 255 255 255 255 255 252 254 252 247 241 239 241 245 249 253 254 250 248 249 246 244 243 245
-9999 -9999 -9999 -9999 -9999 -9999 -9999 -9999 -9999 -9999 -9999 -9999 -9999 -9999 -9999 -9999 254 255 255 255 255 255 256 257 257 257 255 258 257 257 255 252 250 246 247 241 239 229 233 240 236 224 225 240 242 246 244 246 246 245 244 246 251 255 257 258 256 256 256 256 256 256 255 255 254 254 254 254 255 255 255 255 256 256 251 244 238 238 241 252 254 255 252 252 251 249 247 246 248 245
-9999 -9999 -9999 -9999 -9999 -9999 -9999 -9999 -9999 -9999 -9999 -9999 -9999 -9999 -9999 -9999 -9999 253 254 252 253 254 255 256 257 -9999 257 257 257 255 247 249 250 247 237 247 247 236 240 241 238 244 230 230 235 244 246 244 244 240 241 243 246 254 255 257 256 254 256 256 256 256 256 254 253 249 246 250 252 254 250 251 254 254 255 252 249 250 251 255 254 252 248 249 250 250 250 248 245 242
-9999 -9999 -9999 -9999 -9999 -9999 -9999 -9999 -9999 -9999 -9999 -9999 -9999 -9999 -9999 -9999 -9999 -9999 -9999 253 253 252 254 255 256 257 257 257 257 257 254 244 242 244 242 244 245 245 250 243 244 248 238 222 224 235 242 244 239 240 239 240 242 246 252 254 255 254 253 254 255 255 254 250 241 235 239 239 245 247 250 249 252 254 255 255 254 255 254 253 253 251 248 243 247 247 245 242 241 240
-9999 -9999 -9999 -9999 -9999 -9999 -9999 -9999 -9999 -9999 -9999 -9999 -9999 -9999 -9999 -9999 -9999 -9999 -9999 -9999 254 252 254 254 255 255 256 256 256 255 255 252 243 247 248 249 245 247 251 252 250 248 242 234 231 223 231 239 240 240 240 238 239 241 244 251 252 256 253 251 253 253 252 242 231 244 244 243 245 246 238 237 241 244 253 253 254 251 249 249 249 247 242 244 243 237 236 238 239 239
-9999 -9999 -9999 -9999 -9999 -9999 -9999 -9999 -9999 -9999 -9999 -9999 -9999 -9999 -9999 -9999 -9999 -9999 -9999 -9999 -9999 253 253 253 255 255 256 256 257 256 254 254 253 253 251 249 245 249 255 252 252 251 247 242 233 233 228 221 234 238 239 239 239 238 241 243 250 253 254 253 253 254 253 252 247 245 243 237 226 238 243 237 229 231 249 251 250 237 241 241 243 248 244 238 235 235 235 238 239 242
-9999 -9999 -9999 -9999 -9999 -9999 -9999 -9999 -9999 -9999 -9999 -9999 -9999 -9999 -9999 -9999 -9999 -9999 -9999 -9999 -9999 -9999 252 254 255 255 255 256 256 256 256 255 255 256 254 251 249 252 249 251 248 248 243 244 243 242 232 220 222 233 237 239 240 239 239 240 243 247 252 253 254 252 248 246 243 241 239 236 233 232 237 235 234 239 239 241 246 238 231 236 239 234 231 232 236 238 237 240 241 240
-9999 -9999 -9999 -9999 -9999 -9999 -9999 -9999 -9999 -9999 -9999 -9999 -9999 -9999 -9999 -9999 -9999 -9999 -9999 -9999 -9999 -9999 -9999 253 254 255 255 255 255 255 255 254 255 254 253 253 254 249 244 240 248 248 245 245 246 238 235 226 226 226 226 237 239 239 240 241 242 245 249 250 252 252 245 243 243 241 242 239 239 238 229 226 220 221 224 228 231 229 229 230 230 232 232 233 237 239 238 239 241 243
-9999 -9999 -9999 -9999 -9999 -9999 -9999 -9999 -9999 -9999 -9999 -9999 -9999 -9999 -9999 -9999 -9999 -9999 -9999 -9999 -9999 -9999 -9999 -9999 253 254 254 254 254 254 255 254 254 250 251 255 256 247 247 245 244 247 249 248 246 244 236 224 225 237 234 228 233 240 239 241 240 241 248 247 245 250 247 246 242 241 242 245 244 229 220 218 223 226 225 225 227 227 228 229 230 232 234 235 237 238 240 239 242 241
-9999 -9999 -9999 -9999 -9999 -9999 -9999 -9999 -9999 -9999 -9999 -9999 -9999 -9999 -9999 -9999 -9999 -9999 -9999 -9999 -9999 -9999 -9999 -9999 -9999 252 252 253 253 252 252 254 253 253 253 256 255 252 249 249 244 243 245 247 248 247 247 236 223 232 239 236 230 235 240 240 241 238 244 245 243 246 251 248 244 246 243 244 246 237 226 228 231 229 225 225 226 227 228 228 231 232 233 234 235 235 237 240 241 239
-9999 -9999 -9999 -9999 -9999 -9999 -9999 -9999 -9999 -9999 -9999 -9999 -9999 -9999 -9999 -9999 -9999 -9999 -9999 -9999 -9999 -9999 -9999 -9999 -9999 -9999 249 250 252 251 252 251 253 254 255 253 251 247 249 247 247 245 242 240 246 249 248 246 232 229 242 239 223 224 237 240 241 242 241 241 243 244 248 250 247 248 246 244 247 244 238 234 235 230 222 225 226 226 229 230 232 233 233 233 233 232 234 238 238 237
-9999 -9999 -9999 -9999 -9999 -9999 -9999 -9999 -9999 -9999 -9999 -9999 -9999 -9999 -9999 -9999 -9999 -9999 -9999 -9999 -9999 -9999 -9999 -9999 -9999 -9999 246 246 247 250 250 250 251 254 255 252 253 253 248 248 246 244 240 238 244 249 249 248 247 231 238 243 234 222 228 236 241 241 236 240 242 242 245 247 248 248 248 248 248 248 245 235 237 234 229 225 226 226 229 231 232 234 234 234 235 234 233 236 235 235
-9999 -9999 -9999 -9999 -9999 -9999 -9999 -9999 -9999 -9999 -9999 -9999 -9999 -9999 -9999 -9999 -9999 -9999 -9999 -9999 -9999 -9999 -9999 -9999 -9999 -9999 246 245 243 246 248 249 250 253 255 253 251 250 249 249 247 247 246 245 247 249 241 247 250 246 232 235 244 227 227 229 239 239 239 236 238 239 240 244 245 245 245 244 246 247 245 242 246 241 232 231 228 226 231 232 232 234 235 237 239 237 232 235 233 235
