Map_Files/Contemporary/bio1.asc
NCOLS 312 
NROWS 528 
XLLCORNER 7.000000002 
YLLCORNER -10 
CELLSIZE 0.0416666666666667 
NODATA_value -9999 
[rows 480 to 519 of 528, columns 180 to 269 of 312]
240 241 235 226 229 230 232 231 231 230 229 232 225 225 228 225 226 216 210 209 208 209 208 209 209 209 209 210 211 210 211 211 213 215 215 217 217 218 218 217 219 222 220 223 221 224 229 227 225 224 229 232 233 235 236 237 237 235 235 240 234 234 232 231 232 231 232 232 236 232 235 237 237 235 232 232 231 234 233 232 232 231 230 230 228 230 233 230 228 227
245 240 236 226 232 232 232 234 231 232 231 232 230 226 227 228 224 221 209 209 208 210 209 210 210 210 210 209 209 210 210 209 212 214 214 215 215 217 217 218 217 219 219 221 223 226 223 222 223 225 231 234 235 238 237 235 237 235 237 240 237 237 234 230 231 231 232 234 234 232 233 236 238 235 233 235 234 234 232 233 234 232 232 230 230 229 231 229 230 226
246 242 238 235 234 235 232 234 233 233 233 231 231 231 222 228 228 224 208 210 209 209 210 209 209 208 209 210 209 211 211 209 211 213 213 213 215 216 218 217 216 218 219 220 222 221 221 222 223 225 233 235 236 237 234 234 235 234 236 239 237 235 232 230 230 231 232 235 232 232 235 236 238 236 236 236 236 236 235 235 233 233 232 232 231 229 231 227 228 229
244 241 232 237 237 234 235 234 234 234 232 232 232 233 229 226 229 227 209 211 209 208 209 208 208 208 209 209 208 210 211 210 210 211 211 213 216 216 217 217 216 216 218 218 218 219 221 223 223 229 234 235 237 237 234 234 233 234 236 239 236 237 235 233 229 230 233 232 230 232 233 236 237 236 236 236 234 232 233 234 233 232 230 230 230 229 232 230 227 229
245 247 244 246 237 235 236 236 235 235 232 232 233 231 232 226 227 229 216 210 211 208 209 208 207 208 208 208 209 209 211 210 209 210 214 215 215 215 217 215 216 216 217 217 219 221 227 233 232 234 236 237 237 236 234 231 233 234 236 239 236 234 235 231 231 232 232 230 229 230 233 235 238 236 234 235 235 232 231 232 234 231 230 230 230 229 230 233 229 227
242 242 249 246 240 239 239 235 233 235 235 233 233 231 234 231 225 227 225 215 213 212 208 209 208 208 209 210 210 211 212 211 208 209 213 214 215 217 217 215 215 215 217 223 231 226 231 235 236 236 237 237 235 233 233 233 234 236 236 239 236 236 233 230 230 232 232 228 230 232 234 235 237 235 233 233 235 234 231 231 234 234 233 232 231 230 229 232 227 225
243 242 246 250 244 242 238 234 234 237 237 235 232 234 235 234 231 224 224 212 213 211 208 209 209 209 207 209 210 211 212 211 209 209 211 213 215 215 215 215 214 219 229 231 233 234 235 235 236 236 236 235 233 233 235 235 235 235 237 239 237 235 235 232 229 229 229 232 233 234 233 235 237 236 232 230 232 232 231 231 232 234 230 229 229 228 228 230 227 227
244 241 243 248 243 239 238 236 239 236 236 235 235 233 235 232 232 226 226 214 210 210 207 208 209 208 207 209 210 212 213 212 211 209 209 211 213 213 214 213 220 228 230 231 232 233 234 233 234 235 234 232 232 234 235 236 237 238 239 239 234 235 233 232 229 230 232 230 233 234 235 235 237 236 234 232 231 231 230 230 232 232 234 232 229 231 230 230 230 227
247 244 242 247 242 236 236 235 238 236 237 235 235 232 234 229 231 225 223 217 208 208 207 208 210 210 209 210 211 211 212 213 211 211 211 209 210 212 211 213 226 228 228 230 232 232 233 232 233 233 234 235 236 237 236 236 238 239 239 239 236 232 233 230 231 233 234 232 232 232 232 235 238 237 235 236 233 234 234 233 230 231 231 233 231 230 228 227 231 228
251 250 250 249 246 244 241 240 240 237 234 237 234 233 233 231 229 230 221 223 214 209 207 206 208 210 211 211 209 210 211 213 212 211 210 209 209 210 210 212 218 221 226 230 230 231 230 230 232 234 235 237 238 238 238 236 238 239 239 239 238 235 232 231 232 233 234 235 233 233 235 237 237 237 238 238 236 235 235 233 232 230 230 230 229 227 229 227 228 230
243 246 245 240 238 242 241 242 241 233 233 236 235 235 235 227 225 231 225 222 220 209 206 206 208 210 211 209 209 211 212 212 213 212 211 211 210 209 210 211 212 214 223 229 230 228 229 230 232 235 236 237 239 239 238 238 238 239 239 239 238 233 232 230 230 230 232 233 236 236 237 237 236 235 235 236 237 237 236 235 232 233 231 226 226 225 226 226 225 224
237 235 237 239 242 242 237 237 238 234 232 233 236 236 234 229 224 226 229 224 217 208 205 206 209 211 211 210 211 210 210 210 211 213 212 212 211 209 209 212 213 212 221 228 228 228 228 228 233 235 234 236 238 239 239 239 239 239 239 239 238 234 229 230 231 232 231 231 234 236 233 235 236 234 233 234 235 236 236 234 234 234 231 228 230 228 227 225 222 222
232 230 233 238 240 240 238 238 236 232 232 230 235 234 234 232 226 223 229 225 218 211 203 204 209 210 210 211 209 210 211 212 212 214 213 212 211 210 210 211 213 214 219 227 226 227 225 226 234 234 236 237 239 239 239 239 239 239 239 238 238 235 229 228 228 229 233 236 236 237 233 233 235 233 231 233 234 236 236 235 235 234 232 232 228 224 227 225 225 223
229 229 228 231 236 234 235 236 236 231 229 230 231 232 233 232 230 226 227 217 219 215 204 203 208 208 210 211 210 210 210 212 213 214 214 213 212 212 212 211 213 214 217 222 223 223 224 226 229 233 234 236 237 239 239 238 238 237 238 239 237 236 231 228 230 233 235 236 235 237 235 232 234 234 231 232 234 233 235 236 235 234 233 232 231 229 228 226 223 223
234 231 232 227 230 228 232 233 235 229 227 232 229 228 229 229 230 229 224 217 216 219 207 201 207 208 210 210 211 210 211 212 213 214 215 214 213 213 213 212 213 215 214 219 220 221 223 224 226 228 229 233 237 239 239 238 235 236 238 238 238 236 233 226 232 233 232 236 237 236 236 235 236 237 232 232 232 232 233 233 235 233 232 230 230 231 229 228 226 222
236 234 239 238 236 229 228 228 230 228 230 232 228 228 229 228 228 225 226 223 216 221 211 202 205 207 208 210 211 210 212 213 213 214 215 215 215 214 214 214 215 214 215 218 218 220 221 223 225 227 229 231 237 238 239 236 234 235 236 235 237 236 234 232 229 229 231 235 236 236 236 235 235 236 235 232 230 232 230 230 233 233 232 231 232 231 231 228 226 225
233 237 246 247 236 229 229 226 229 229 231 231 227 230 231 228 225 222 227 222 218 222 217 203 204 206 207 211 212 212 212 212 214 214 215 216 216 214 215 215 214 214 213 215 216 218 219 222 224 227 228 230 235 238 239 237 234 234 236 236 234 230 226 227 224 225 232 235 236 237 235 234 234 235 236 234 230 230 228 230 231 233 231 230 230 229 228 228 228 225
238 243 247 246 233 233 232 230 233 231 234 231 231 228 229 227 224 221 224 220 221 223 218 203 202 204 206 209 211 212 213 213 214 215 215 216 215 213 215 215 213 212 213 213 216 218 220 223 224 226 228 230 232 234 237 238 237 237 235 236 228 223 221 222 222 228 234 235 236 237 235 234 234 235 236 234 231 228 228 230 229 231 231 229 229 227 226 226 227 226
236 241 248 244 237 228 233 235 235 234 234 232 230 228 227 226 224 221 223 221 224 222 216 208 202 203 206 208 209 211 212 213 213 215 214 216 216 214 216 214 214 213 214 212 214 218 221 223 224 224 227 229 233 235 237 238 237 236 236 236 235 225 220 224 227 232 235 235 236 236 235 234 234 236 236 234 232 227 228 228 227 229 231 228 227 226 224 224 222 224
242 244 249 243 237 239 239 238 238 235 233 229 228 227 226 225 224 221 224 224 225 222 219 216 211 206 206 209 209 211 212 212 213 215 215 217 215 214 216 215 214 214 213 211 212 216 219 222 222 223 226 230 233 234 236 237 237 237 235 235 235 230 221 230 232 233 234 235 236 236 235 234 234 236 235 234 233 231 230 228 228 227 230 230 228 226 225 222 220 220
247 249 246 245 245 243 240 240 238 234 229 228 228 226 226 227 224 223 224 226 224 223 217 214 207 207 208 211 212 211 213 213 214 215 215 217 215 215 216 216 215 214 213 211 211 212 218 221 221 223 225 229 231 232 233 235 237 236 235 233 234 234 230 233 234 233 234 235 236 235 235 235 235 235 234 234 233 231 230 228 226 225 227 227 229 226 225 224 220 219
249 249 246 243 241 234 235 236 233 231 227 226 227 227 226 228 225 224 227 227 226 221 215 211 208 210 212 212 213 212 214 215 215 216 216 216 217 215 217 216 215 215 215 214 213 213 214 217 221 222 224 227 229 229 231 233 235 235 234 232 232 234 233 233 234 234 235 235 235 235 234 235 235 235 233 233 234 232 230 229 224 224 226 227 229 225 225 222 221 219
246 247 246 241 237 231 227 231 232 229 228 226 225 226 229 228 227 228 228 225 224 218 214 211 211 211 215 213 214 212 213 214 215 216 215 216 217 216 217 217 216 216 215 215 215 215 214 214 218 222 224 227 227 228 229 232 233 233 233 229 230 233 232 233 234 235 235 235 235 233 233 235 235 235 234 232 232 233 231 229 222 223 225 225 228 225 224 222 220 219
246 244 244 243 238 234 226 226 228 226 226 226 227 227 226 228 227 227 225 223 220 215 213 216 215 217 216 213 214 214 214 215 215 216 217 216 217 216 217 217 216 216 215 216 216 214 214 215 216 220 223 226 227 230 228 231 233 232 231 225 231 228 228 232 233 234 233 234 233 233 234 234 235 235 234 232 231 231 231 229 224 223 225 226 226 224 221 221 219 218
244 239 238 241 237 234 232 231 232 229 229 230 228 226 228 227 226 224 224 220 215 215 216 218 219 218 216 216 216 216 216 217 215 216 216 217 218 217 217 216 217 216 216 216 215 214 215 215 215 218 221 223 225 228 229 230 230 230 224 225 230 225 224 231 233 234 233 234 233 233 233 233 234 235 234 233 232 230 229 228 225 220 224 225 227 224 219 217 218 217
243 237 234 234 233 228 228 230 231 232 231 229 229 228 227 226 224 224 221 218 216 217 217 218 220 219 217 218 219 218 219 219 218 216 216 218 219 219 217 219 220 218 217 216 215 216 217 216 214 215 219 221 223 226 228 228 226 215 215 219 227 222 229 232 232 233 233 233 233 232 232 233 234 234 234 233 231 231 230 229 227 223 223 224 226 225 221 218 217 218
239 232 239 239 235 229 229 228 227 227 227 226 226 227 226 225 222 221 222 221 217 219 220 220 221 221 221 222 222 222 222 223 223 221 221 222 223 222 222 221 221 220 219 219 218 218 217 216 216 215 215 218 220 223 224 226 226 219 209 213 218 216 227 231 231 232 233 232 232 231 230 231 233 234 233 233 232 230 228 228 227 225 225 224 225 225 223 220 218 220
241 240 240 241 238 233 231 228 226 224 223 222 222 223 221 220 221 222 224 223 220 222 221 222 222 223 223 224 224 224 224 224 224 224 223 222 222 221 221 219 218 218 218 219 218 218 218 218 215 215 215 215 215 217 220 222 223 220 209 209 212 211 222 230 230 232 232 231 231 230 225 230 233 233 233 232 231 230 229 227 225 225 225 225 226 225 222 219 218 222
244 243 243 241 238 235 233 227 224 220 220 220 220 218 219 222 224 225 225 224 223 222 223 223 224 224 224 223 223 224 223 224 223 222 222 219 220 219 220 218 217 216 217 218 218 217 216 216 216 214 213 213 214 214 216 216 215 211 207 209 211 211 216 226 229 231 230 230 230 230 227 229 232 233 232 232 231 230 229 226 225 225 225 225 225 224 223 221 220 222
243 244 242 239 238 231 231 225 223 223 220 220 221 222 223 224 225 226 227 226 226 225 222 223 221 222 222 223 223 223 223 222 223 221 220 219 218 218 218 217 216 216 217 217 218 217 216 215 214 214 213 212 212 212 213 214 212 211 211 210 211 212 213 225 230 230 229 230 231 232 230 231 232 233 232 231 230 229 229 227 224 225 225 225 226 225 225 223 223 224
245 243 240 239 238 234 231 229 224 221 221 221 222 222 223 225 226 228 227 227 226 225 224 225 222 221 223 223 223 223 222 220 222 220 219 218 218 217 216 216 214 215 215 216 217 218 217 215 213 213 213 212 211 211 210 212 212 212 211 211 211 212 218 225 228 226 228 231 232 232 232 232 232 232 232 231 230 229 228 225 224 224 224 224 225 224 224 225 224 224
239 239 233 230 232 227 225 225 223 222 221 220 222 223 222 226 228 229 228 228 227 226 227 226 223 222 222 221 222 222 221 220 222 221 220 219 218 217 216 215 213 212 214 216 216 217 217 216 215 213 212 211 210 210 209 210 210 211 210 210 213 222 223 226 229 227 229 231 231 231 231 232 231 232 231 230 229 227 227 225 223 224 224 224 224 224 224 224 224 224
244 244 239 241 239 236 230 228 232 225 223 222 226 228 227 230 230 232 231 230 228 227 227 226 224 224 221 221 220 221 221 221 220 219 219 218 217 216 215 214 214 214 214 214 215 216 216 216 215 214 212 211 208 209 210 209 210 210 210 210 211 222 226 227 229 230 231 231 230 230 230 231 231 231 230 230 228 224 225 223 223 223 224 223 224 224 224 224 224 223
245 244 244 245 243 242 239 236 234 229 232 228 233 234 232 231 228 226 227 226 226 226 225 225 224 223 222 220 220 220 220 220 220 219 218 217 217 216 215 215 215 215 214 215 215 215 214 214 213 212 212 211 209 211 210 208 208 209 210 209 209 211 215 224 228 229 230 231 230 229 230 230 230 230 229 226 224 221 222 222 223 222 224 223 223 223 223 223 223 223
245 243 244 243 242 243 242 241 240 237 231 233 226 232 224 224 221 224 225 225 225 224 224 223 219 218 218 219 219 219 219 218 218 218 216 216 216 215 215 215 215 215 214 214 214 214 213 212 212 212 212 211 211 210 209 208 207 207 209 209 209 209 208 210 227 229 230 231 230 229 229 228 229 229 229 229 225 220 220 221 222 222 223 222 222 223 223 222 222 223
243 242 242 236 235 239 240 238 237 236 236 234 232 232 231 230 229 228 225 224 223 223 223 223 222 222 221 219 219 220 219 219 218 217 217 215 214 214 213 215 215 214 213 210 210 211 211 210 211 212 213 211 211 210 209 208 207 208 208 208 209 210 209 207 221 228 229 230 230 230 229 225 223 223 225 229 228 220 219 219 221 222 222 221 221 222 222 221 222 222
242 239 242 242 240 240 239 239 237 236 232 232 229 230 228 231 231 229 227 224 217 218 220 220 222 223 222 222 222 222 222 221 219 218 216 214 212 212 213 215 212 211 210 209 209 209 210 211 211 211 212 212 211 211 210 209 209 209 210 209 208 210 209 207 207 225 228 228 229 230 229 228 227 224 226 227 227 219 218 217 220 221 221 220 221 221 221 222 222 222
243 243 242 241 238 238 236 237 235 233 233 229 228 227 227 227 227 227 226 225 223 218 217 217 220 221 219 217 217 217 218 218 217 217 215 214 214 214 214 215 213 212 211 210 210 209 210 212 211 212 213 212 212 212 210 210 210 210 211 210 209 211 209 209 207 210 225 227 229 229 228 228 226 226 225 225 225 221 219 219 219 220 219 220 221 221 221 222 222 222
245 243 238 238 235 232 230 235 234 233 229 229 228 226 226 226 226 225 224 223 224 223 220 216 217 218 217 215 215 216 215 216 216 215 213 213 215 215 215 214 213 212 211 211 211 212 213 213 212 212 212 212 211 211 211 212 212 212 211 211 210 211 210 209 208 208 216 227 229 229 229 228 227 227 226 225 224 222 223 223 221 218 219 219 220 221 221 222 222 222
244 242 239 239 234 233 232 232 230 227 227 227 227 226 225 224 225 225 224 223 222 222 219 217 217 217 215 214 213 214 215 216 216 214 214 213 214 215 214 213 213 212 212 212 213 213 212 211 210 211 211 210 210 211 212 212 211 211 211 211 211 210 211 211 210 207 211 218 227 228 228 228 227 227 226 226 225 225 225 225 223 219 218 219 220 221 221 222 221 222
