Map_Files/Contemporary/bio12.asc
NCOLS 312 
NROWS 528 
XLLCORNER 7.000000002 
YLLCORNER -10 
CELLSIZE 0.0416666666666667 
NODATA_value -9999 
[rows 216 to 251 of 528, columns 166 to 248 of 312]
1622 1624 1612 1613 1615 1621 1616 1613 1618 1618 1612 1612 1611 1621 1617 1616 1618 1621 1627 1627 1631 1630 1627 1618 1617 1614 1611 1607 1606 1621 1618 1616 1606 1606 1608 1611 1601 1601 1604 1603 1613 1614 1616 1614 1598 1589 1590 1592 1592 1595 1594 1598 1606 1622 1611 1596 1607 1612 1618 1618 1632 1643 1639 1645 1649 1638 1651 1657 1663 1664 1658 1663 1673 1670 1685 1687 1686 1688 1682 1690 1691 1703 1698
1620 1623 1615 1611 1614 1615 1617 1620 1622 1620 1618 1615 1612 1615 1620 1619 1619 1620 1624 1629 1627 1630 1623 1621 1617 1618 1615 1614 1606 1613 1614 1608 1611 1608 1609 1607 1604 1598 1596 1611 1610 1613 1613 1613 1604 1598 1596 1599 1605 1602 1599 1599 1620 1625 1606 1599 1606 1613 1619 1630 1640 1653 1651 1641 1648 1645 1639 1651 1662 1673 1669 1660 1662 1674 1686 1691 1681 1683 1694 1700 1702 1701 1703
1609 1611 1610 1610 1608 1610 1616 1616 1619 1622 1621 1622 1617 1613 1617 1617 1623 1623 1626 1630 1631 1633 1625 1620 1624 1622 1630 1624 1606 1611 1611 1606 1609 1607 1605 1603 1600 1594 1601 1619 1615 1607 1614 1617 1606 1603 1598 1598 1607 1605 1602 1600 1605 1605 1602 1603 1610 1618 1631 1634 1640 1656 1658 1651 1649 1653 1654 1647 1655 1674 1673 1671 1664 1679 1693 1686 1687 1679 1694 1702 1703 1698 1695
1613 1608 1606 1606 1603 1609 1619 1618 1614 1617 1621 1621 1622 1620 1616 1615 1619 1623 1629 1633 1626 1628 1628 1625 1625 1622 1620 1620 1603 1605 1605 1605 1603 1604 1602 1602 1595 1597 1606 1621 1616 1611 1606 1608 1599 1594 1595 1595 1598 1602 1602 1601 1608 1605 1608 1615 1619 1622 1628 1639 1643 1644 1654 1663 1666 1667 1661 1657 1654 1671 1682 1671 1668 1685 1697 1686 1683 1681 1683 1695 1700 1701 1701
1613 1610 1610 1605 1602 1608 1611 1613 1615 1619 1621 1619 1616 1622 1625 1619 1618 1621 1625 1629 1622 1629 1629 1629 1625 1624 1614 1612 1608 1599 1604 1603 1602 1603 1598 1594 1593 1599 1606 1616 1612 1611 1612 1609 1605 1602 1603 1600 1600 1600 1602 1603 1605 1605 1614 1618 1624 1629 1639 1638 1648 1659 1658 1652 1662 1668 1673 1669 1660 1665 1678 1680 1670 1687 1693 1698 1698 1692 1686 1688 1693 1693 1705
1615 1616 1614 1617 1604 1605 1607 1612 1618 1625 1619 1619 1621 1618 1617 1618 1620 1617 1623 1626 1624 1625 1634 1625 1622 1617 1613 1614 1609 1600 1604 1605 1599 1600 1600 1595 1596 1598 1606 1610 1611 1615 1616 1611 1605 1607 1604 1602 1604 1606 1608 1608 1606 1617 1619 1623 1627 1630 1637 1652 1655 1667 1665 1658 1655 1663 1671 1676 1674 1665 1677 1683 1673 1688 1686 1695 1695 1696 1697 1690 1692 1695 1700
1613 1617 1621 1608 1604 1608 1618 1616 1621 1623 1624 1620 1621 1620 1617 1622 1621 1616 1617 1622 1624 1627 1628 1625 1617 1612 1610 1608 1608 1602 1598 1601 1599 1598 1594 1600 1600 1604 1605 1613 1618 1622 1620 1620 1611 1607 1607 1608 1607 1609 1613 1608 1609 1619 1622 1624 1631 1639 1640 1652 1658 1657 1660 1669 1665 1662 1668 1669 1674 1675 1669 1670 1671 1677 1684 1698 1698 1694 1699 1697 1693 1700 1699
1606 1612 1610 1605 1603 1607 1617 1615 1616 1620 1626 1622 1621 1621 1620 1621 1622 1622 1622 1623 1624 1623 1626 1627 1622 1614 1608 1603 1607 1604 1602 1593 1594 1591 1605 1615 1608 1603 1607 1623 1621 1622 1622 1629 1627 1617 1609 1609 1614 1610 1613 1608 1617 1621 1624 1628 1636 1643 1646 1651 1660 1665 1660 1665 1671 1672 1662 1666 1667 1670 1673 1678 1686 1680 1680 1691 1692 1693 1695 1700 1701 1702 1706
1607 1602 1601 1603 1599 1604 1607 1606 1607 1608 1613 1614 1618 1620 1621 1626 1626 1626 1624 1620 1620 1624 1623 1630 1623 1613 1607 1607 1605 1609 1614 1595 1597 1602 1605 1613 1613 1613 1614 1623 1620 1618 1619 1617 1611 1607 1612 1613 1613 1610 1618 1613 1621 1622 1628 1633 1640 1645 1646 1657 1661 1670 1670 1667 1665 1667 1672 1681 1675 1680 1686 1690 1694 1688 1685 1684 1687 1692 1697 1701 1702 1704 1706
1606 1603 1602 1604 1603 1599 1601 1607 1610 1618 1618 1619 1624 1626 1625 1623 1623 1626 1627 1623 1619 1622 1622 1627 1621 1617 1614 1611 1619 1625 1622 1595 1588 1597 1611 1607 1616 1624 1620 1613 1610 1611 1616 1624 1617 1616 1611 1612 1611 1616 1616 1617 1619 1627 1631 1639 1644 1646 1649 1657 1661 1667 1666 1668 1676 1674 1679 1684 1682 1686 1692 1694 1689 1690 1691 1694 1693 1692 1697 1701 1704 1708 1708
1604 1607 1614 1605 1610 1603 1602 1618 1618 1625 1624 1631 1632 1629 1623 1620 1625 1629 1626 1619 1615 1621 1619 1629 1627 1615 1621 1617 1619 1619 1613 1591 1590 1601 1602 1607 1616 1620 1621 1614 1626 1626 1632 1632 1633 1622 1618 1614 1613 1616 1620 1617 1623 1629 1633 1638 1645 1644 1650 1659 1664 1668 1674 1681 1682 1676 1681 1694 1691 1687 1694 1694 1696 1704 1704 1700 1697 1697 1702 1701 1703 1710 1711
1602 1602 1613 1608 1613 1606 1602 1621 1627 1625 1621 1620 1620 1620 1618 1621 1626 1623 1621 1621 1618 1614 1627 1624 1620 1618 1624 1619 1623 1610 1599 1595 1590 1589 1599 1612 1622 1620 1618 1623 1627 1631 1633 1630 1625 1620 1620 1616 1614 1616 1625 1620 1626 1632 1635 1643 1644 1647 1659 1666 1665 1667 1672 1677 1682 1684 1692 1697 1695 1697 1698 1701 1701 1701 1701 1700 1700 1709 1711 1709 1705 1705 1712
1613 1619 1613 1606 1603 1598 1605 1612 1622 1624 1621 1619 1613 1609 1617 1629 1625 1625 1623 1622 1620 1613 1617 1617 1611 1610 1605 1607 1607 1599 1599 1586 1581 1594 1601 1602 1616 1615 1618 1628 1630 1630 1628 1624 1617 1620 1615 1618 1623 1619 1627 1622 1629 1634 1635 1642 1644 1652 1660 1666 1666 1668 1674 1684 1685 1693 1701 1693 1696 1699 1703 1707 1703 1706 1701 1701 1706 1714 1713 1711 1710 1714 1710
1623 1622 1608 1608 1612 1601 1604 1615 1621 1611 1620 1609 1610 1610 1622 1621 1627 1626 1622 1623 1618 1619 1614 1618 1602 1600 1608 1605 1601 1604 1612 1590 1598 1599 1611 1607 1611 1617 1621 1625 1628 1628 1626 1618 1616 1616 1613 1616 1620 1620 1622 1626 1628 1634 1639 1645 1650 1654 1657 1660 1663 1671 1680 1683 1683 1687 1701 1696 1693 1697 1699 1704 1707 1707 1704 1713 1714 1716 1715 1718 1717 1718 1716
1624 1627 1615 1612 1616 1603 1604 1616 1610 1602 1608 1594 1598 1603 1615 1618 1620 1624 1622 1620 1618 1617 1614 1607 1609 1602 1607 1604 1607 1593 1586 1601 1603 1608 1615 1613 1618 1619 1617 1616 1617 1624 1619 1612 1610 1611 1613 1618 1622 1623 1629 1631 1628 1636 1642 1647 1650 1654 1656 1660 1672 1675 1682 1681 1683 1687 1693 1697 1696 1693 1696 1705 1706 1711 1713 1716 1720 1721 1720 1721 1716 1716 1722
1623 1628 1622 1621 1615 1613 1603 1599 1605 1613 1601 1600 1596 1597 1614 1612 1620 1617 1618 1621 1618 1617 1613 1613 1616 1608 1605 1602 1603 1577 1591 1610 1614 1619 1618 1617 1614 1610 1606 1603 1612 1614 1610 1609 1608 1615 1622 1625 1630 1633 1644 1639 1640 1635 1645 1649 1654 1652 1663 1667 1673 1680 1677 1679 1682 1688 1695 1703 1708 1703 1698 1702 1707 1710 1712 1717 1716 1718 1717 1714 1726 1723 1722
1620 1632 1627 1621 1619 1615 1610 1613 1614 1615 1607 1616 1610 1602 1615 1608 1618 1607 1608 1616 1618 1610 1606 1609 1606 1597 1600 1582 1573 1580 1589 1601 1611 1609 1619 1620 1605 1605 1607 1607 1612 1618 1611 1610 1616 1636 1654 1656 1652 1654 1650 1641 1640 1637 1647 1653 1654 1657 1662 1667 1676 1678 1678 1681 1681 1685 1693 1700 1701 1708 1710 1701 1710 1707 1711 1718 1717 1719 1722 1720 1719 1722 1725
1623 1629 1631 1628 1626 1621 1620 1621 1619 1617 1624 1618 1613 1596 1591 1591 1603 1596 1602 1603 1598 1605 1594 1595 1583 1582 1596 1583 1572 1577 1579 1598 1595 1603 1612 1601 1601 1597 1600 1605 1610 1617 1616 1631 1642 1651 1665 1669 1655 1641 1635 1642 1641 1641 1649 1655 1655 1661 1663 1668 1675 1681 1681 1681 1684 1693 1701 1706 1706 1700 1706 1705 1718 1708 1714 1721 1719 1715 1721 1725 1725 1722 1724
1634 1622 1615 1627 1635 1628 1628 1627 1627 1624 1622 1621 1612 1610 1596 1580 1597 1591 1590 1593 1587 1604 1593 1580 1577 1570 1583 1567 1557 1565 1580 1595 1584 1583 1585 1594 1594 1596 1599 1601 1607 1618 1641 1645 1645 1648 1650 1645 1637 1637 1635 1637 1643 1649 1647 1654 1661 1664 1666 1666 1680 1685 1678 1680 1688 1692 1699 1707 1707 1706 1706 1704 1714 1708 1714 1717 1725 1723 1718 1719 1724 1721 1728
1613 1606 1611 1635 1639 1638 1632 1634 1631 1628 1612 1605 1603 1596 1603 1590 1581 1592 1582 1586 1584 1581 1580 1580 1568 1562 1575 1581 1559 1557 1578 1576 1565 1577 1590 1581 1590 1595 1595 1593 1606 1637 1644 1629 1635 1632 1632 1637 1636 1637 1638 1638 1644 1643 1652 1658 1663 1665 1669 1671 1674 1679 1682 1682 1688 1693 1700 1705 1710 1709 1709 1704 1710 1712 1713 1718 1719 1724 1725 1724 1721 1724 1727
1594 1605 1609 1607 1615 1632 1639 1636 1635 1625 1617 1612 1605 1599 1592 1603 1592 1567 1572 1573 1586 1589 1572 1575 1565 1561 1587 1588 1573 1559 1565 1554 1564 1583 1579 1578 1591 1586 1586 1597 1616 1650 1632 1626 1616 1623 1633 1635 1634 1636 1637 1639 1645 1653 1662 1663 1665 1667 1670 1675 1678 1683 1683 1685 1692 1693 1703 1709 1709 1707 1711 1709 1710 1712 1713 1715 1719 1729 1729 1726 1726 1729 1727
1587 1595 1594 1596 1606 1624 1638 1641 1635 1633 1619 1613 1602 1595 1611 1606 1594 1581 1572 1566 1573 1575 1560 1562 1560 1561 1589 1591 1574 1550 1547 1546 1562 1568 1570 1591 1593 1579 1584 1595 1620 1629 1647 1626 1614 1630 1642 1641 1637 1638 1642 1640 1647 1659 1665 1668 1667 1672 1672 1677 1675 1680 1683 1684 1689 1695 1701 1707 1713 1715 1710 1715 1711 1713 1713 1716 1721 1729 1730 1731 1730 1725 1728
1585 1584 1587 1593 1604 1622 1635 1651 1644 1638 1628 1618 1617 1614 1611 1608 1595 1583 1578 1584 1574 1568 1567 1559 1565 1562 1588 1583 1574 1556 1541 1544 1555 1561 1582 1584 1580 1577 1583 1605 1614 1619 1637 1633 1613 1629 1642 1641 1638 1641 1641 1640 1651 1662 1670 1671 1672 1671 1677 1680 1681 1684 1687 1687 1692 1700 1706 1710 1712 1716 1714 1714 1720 1717 1718 1716 1721 1728 1727 1730 1730 1733 1729
1584 1584 1584 1592 1603 1609 1623 1642 1643 1638 1619 1614 1611 1611 1609 1605 1597 1591 1581 1587 1584 1574 1560 1553 1554 1550 1559 1561 1554 1545 1547 1548 1549 1562 1581 1575 1572 1573 1592 1629 1603 1611 1627 1620 1616 1625 1636 1634 1641 1645 1647 1645 1654 1667 1675 1675 1672 1673 1675 1682 1683 1687 1687 1688 1695 1701 1707 1710 1713 1714 1714 1713 1716 1721 1717 1721 1718 1727 1726 1728 1729 1735 1733
1584 1583 1585 1592 1598 1604 1614 1631 1643 1641 1628 1627 1618 1614 1603 1600 1590 1584 1579 1573 1576 1564 1560 1568 1562 1559 1558 1551 1555 1566 1561 1557 1552 1557 1569 1566 1568 1574 1592 1604 1596 1599 1617 1613 1617 1622 1629 1637 1652 1653 1650 1646 1659 1668 1677 1681 1677 1676 1680 1681 1684 1689 1689 1693 1693 1701 1705 1711 1711 1712 1713 1714 1716 1718 1721 1718 1720 1724 1731 1727 1729 1731 1736
1585 1586 1585 1588 1596 1600 1605 1615 1644 1647 1640 1625 1604 1602 1597 1599 1590 1579 1573 1575 1567 1578 1594 1597 1595 1583 1572 1560 1560 1582 1568 1553 1564 1556 1562 1567 1573 1583 1598 1598 1595 1601 1615 1609 1617 1621 1630 1642 1653 1653 1655 1649 1659 1670 1678 1683 1686 1680 1681 1685 1688 1689 1692 1695 1693 1701 1707 1711 1711 1713 1713 1712 1716 1717 1719 1721 1721 1726 1730 1731 1731 1733 1737
1583 1585 1585 1587 1593 1598 1604 1610 1644 1650 1638 1624 1616 1599 1592 1584 1583 1572 1567 1569 1575 1589 1589 1598 1600 1593 1578 1571 1581 1587 1558 1567 1581 1567 1566 1568 1583 1607 1642 1602 1598 1636 1621 1611 1614 1621 1629 1644 1660 1659 1659 1655 1658 1673 1679 1683 1694 1683 1683 1684 1690 1693 1694 1696 1694 1700 1708 1712 1714 1717 1712 1715 1715 1719 1718 1721 1724 1725 1729 1729 1732 1736 1738
1586 1604 1588 1588 1589 1594 1605 1608 1631 1652 1642 1626 1607 1608 1604 1585 1577 1571 1578 1568 1565 1583 1583 1583 1586 1578 1582 1579 1588 1572 1568 1578 1577 1569 1567 1574 1599 1642 1639 1600 1605 1640 1616 1615 1619 1622 1630 1646 1654 1658 1663 1662 1661 1670 1678 1680 1685 1683 1685 1689 1690 1698 1698 1698 1695 1702 1708 1714 1715 1714 1714 1714 1716 1717 1720 1723 1727 1728 1731 1732 1733 1735 1738
1586 1609 1584 1585 1592 1595 1596 1603 1609 1627 1638 1624 1619 1612 1600 1580 1573 1566 1564 1568 1571 1575 1581 1574 1573 1575 1581 1584 1572 1565 1571 1585 1575 1571 1583 1593 1627 1651 1642 1636 1617 1626 1622 1622 1622 1628 1632 1640 1649 1655 1660 1665 1663 1669 1677 1684 1683 1685 1687 1689 1693 1694 1699 1701 1699 1703 1706 1715 1718 1719 1717 1718 1720 1720 1725 1727 1728 1731 1733 1735 1736 1739 1739
1581 1581 1583 1586 1599 1593 1594 1598 1601 1606 1623 1628 1627 1623 1623 1585 1572 1567 1579 1580 1575 1570 1569 1572 1578 1580 1581 1587 1568 1572 1575 1587 1581 1583 1610 1643 1655 1654 1656 1644 1624 1619 1622 1626 1626 1633 1636 1642 1644 1651 1659 1670 1673 1672 1681 1691 1690 1685 1688 1691 1693 1696 1696 1698 1699 1703 1708 1710 1715 1722 1723 1722 1724 1726 1729 1731 1731 1734 1734 1737 1737 1741 1740
1579 1582 1582 1587 1592 1591 1592 1595 1598 1603 1634 1630 1624 1643 1640 1625 1584 1575 1592 1581 1578 1574 1585 1582 1577 1578 1586 1585 1572 1580 1589 1593 1589 1609 1645 1653 1652 1653 1652 1643 1623 1618 1618 1626 1630 1634 1642 1647 1653 1656 1660 1667 1672 1672 1682 1688 1696 1691 1688 1688 1694 1698 1699 1702 1699 1708 1714 1712 1713 1718 1725 1726 1731 1726 1735 1733 1730 1733 1738 1736 1739 1741 1744
1578 1585 1584 1589 1588 1591 1591 1593 1596 1601 1614 1616 1629 1643 1629 1589 1579 1577 1582 1585 1578 1578 1584 1585 1586 1591 1596 1595 1580 1586 1594 1607 1610 1647 1653 1654 1655 1644 1648 1647 1629 1615 1628 1633 1639 1649 1651 1649 1660 1660 1661 1667 1672 1675 1682 1691 1700 1695 1692 1689 1692 1697 1701 1703 1701 1707 1712 1712 1713 1714 1724 1717 1726 1728 1730 1730 1732 1735 1738 1737 1742 1743 1742
1580 1585 1587 1586 1586 1586 1591 1592 1595 1601 1605 1609 1628 1645 1619 1581 1579 1583 1591 1582 1579 1582 1582 1589 1603 1606 1600 1593 1580 1589 1605 1617 1629 1654 1653 1649 1644 1639 1643 1640 1623 1623 1635 1641 1650 1657 1656 1653 1661 1663 1663 1669 1678 1682 1681 1689 1698 1699 1694 1694 1693 1697 1702 1703 1701 1708 1713 1714 1717 1714 1718 1718 1721 1723 1726 1729 1732 1735 1737 1740 1743 1747 1743
1578 1583 1585 1589 1585 1586 1588 1592 1596 1599 1603 1609 1634 1647 1620 1588 1584 1586 1601 1586 1579 1581 1589 1594 1607 1611 1604 1586 1582 1597 1603 1618 1646 1658 1647 1646 1644 1641 1638 1631 1628 1630 1643 1652 1656 1664 1659 1665 1665 1668 1667 1669 1678 1683 1683 1689 1694 1697 1698 1696 1695 1696 1700 1701 1703 1709 1716 1720 1717 1718 1716 1718 1720 1722 1725 1729 1731 1735 1738 1738 1745 1749 1745
1578 1579 1582 1587 1586 1585 1588 1592 1595 1597 1599 1607 1646 1640 1617 1593 1588 1604 1608 1590 1588 1592 1599 1615 1618 1615 1605 1584 1592 1594 1599 1619 1656 1654 1652 1644 1648 1646 1644 1629 1632 1641 1653 1656 1661 1663 1666 1671 1670 1668 1670 1669 1676 1682 1683 1687 1694 1696 1701 1694 1696 1696 1699 1699 1702 1709 1715 1717 1721 1726 1720 1718 1718 1720 1725 1727 1733 1735 1739 1741 1745 1748 1751
1579 1581 1582 1584 1587 1590 1590 1594 1594 1596 1599 1603 1659 1637 1612 1610 1608 1613 1610 1595 1595 1610 1618 1627 1614 1596 1591 1587 1589 1596 1599 1610 1650 1653 1653 1651 1649 1648 1641 1632 1634 1640 1653 1656 1656 1658 1664 1667 1675 1675 1671 1671 1672 1676 1677 1688 1690 1693 1700 1695 1695 1697 1693 1695 1704 1709 1716 1721 1719 1720 1718 1717 1720 1720 1723 1727 1730 1735 1739 1743 1746 1748 1753
