Map_Files/Contemporary/bio12.asc
NCOLS 312 
NROWS 528 
XLLCORNER 7.000000002 
YLLCORNER -10 
CELLSIZE 0.0416666666666667 
NODATA_value -9999 
[rows 396 to 431 of 528, columns 83 to 165 of 312]
-9999 -9999 -9999 -9999 -9999 -9999 -9999 -9999 -9999 -9999 -9999 -9999 -9999 -9999 -9999 -9999 -9999 -9999 -9999 -9999 -9999 -9999 -9999 -9999 -9999 -9999 -9999 -9999 -9999 -9999 -9999 -9999 1328 1323 1311 1306 1304 1293 1285 1286 1284 1275 1251 1261 1274 1285 1276 1286 1276 1260 1244 1230 1228 1223 1257 1297 1252 1225 1228 1248 1229 1214 1217 1212 1227 1205 1201 1214 1199 1178 1194 1215 1202 1218 1217 1204 1254 1324 1311 1297 1309 1343 1347
-9999 -9999 -9999 -9999 -9999 -9999 -9999 -9999 -9999 -9999 -9999 -9999 -9999 -9999 -9999 -9999 -9999 -9999 -9999 -9999 -9999 -9999 -9999 -9999 -9999 -9999 -9999 -9999 -9999 -9999 -9999 -9999 -9999 1331 1318 1295 1291 1282 1277 1266 1255 1241 1252 1268 1281 1264 1264 1258 1259 1261 1262 1235 1219 1218 1223 1267 1275 1226 1231 1293 1287 1233 1222 1220 1218 1220 1223 1213 1211 1190 1182 1198 1190 1204 1212 1197 1217 1248 1269 1269 1303 1354 1343
-9999 -9999 -9999 -9999 -9999 -9999 -9999 -9999 -9999 -9999 -9999 -9999 -9999 -9999 -9999 -9999 -9999 -9999 -9999 -9999 -9999 -9999 -9999 -9999 -9999 -9999 -9999 -9999 -9999 -9999 -9999 -9999 -9999 1330 1324 1307 1281 1275 1265 1256 1230 1219 1238 1226 1227 1246 1244 1246 1252 1261 1264 1241 1219 1216 1219 1223 1281 1252 1232 1261 1309 1282 1246 1229 1229 1248 1230 1223 1219 1208 1198 1193 1192 1191 1190 1193 1192 1206 1264 1254 1274 1308 1334
-9999 -9999 -9999 -9999 -9999 -9999 -9999 -9999 -9999 -9999 -9999 -9999 -9999 -9999 -9999 -9999 -9999 -9999 -9999 -9999 -9999 -9999 -9999 -9999 -9999 -9999 -9999 -9999 -9999 -9999 -9999 -9999 -9999 1314 1309 1308 1281 1261 1248 1232 1210 1193 1203 1215 1222 1224 1218 1227 1225 1225 1236 1226 1215 1256 1231 1210 1235 1288 1277 1239 1304 1297 1287 1243 1241 1237 1249 1240 1233 1232 1214 1203 1204 1208 1211 1198 1197 1201 1220 1202 1231 1280 1289
-9999 -9999 -9999 -9999 -9999 -9999 -9999 -9999 -9999 -9999 -9999 -9999 -9999 -9999 -9999 -9999 -9999 -9999 -9999 -9999 -9999 -9999 -9999 -9999 -9999 -9999 -9999 -9999 -9999 -9999 -9999 -9999 -9999 1282 1285 1275 1261 1246 1220 1201 1180 1172 1181 1185 1201 1196 1194 1196 1201 1192 1206 1216 1221 1229 1258 1223 1223 1244 1309 1291 1243 1272 1274 1269 1252 1243 1239 1261 1248 1249 1234 1228 1221 1209 1215 1217 1201 1198 1198 1191 1220 1260 1251
-9999 -9999 -9999 -9999 -9999 -9999 -9999 -9999 -9999 -9999 -9999 -9999 -9999 -9999 -9999 -9999 -9999 -9999 -9999 -9999 -9999 -9999 -9999 -9999 -9999 -9999 -9999 -9999 -9999 -9999 -9999 -9999 -9999 1244 1249 1244 1232 1225 1185 1172 1153 1160 1156 1162 1163 1179 1172 1181 1169 1165 1184 1199 1224 1244 1241 1250 1223 1229 1236 1251 1272 1275 1253 1281 1277 1255 1244 1245 1253 1253 1244 1235 1240 1245 1223 1226 1208 1202 1196 1185 1193 1206 1222
-9999 -9999 -9999 -9999 -9999 -9999 -9999 -9999 -9999 -9999 -9999 -9999 -9999 -9999 -9999 -9999 -9999 -9999 -9999 -9999 -9999 -9999 -9999 -9999 -9999 -9999 -9999 -9999 -9999 -9999 -9999 -9999 -9999 -9999 1211 1209 1204 1181 1150 1137 1143 1142 1140 1152 1154 1151 1155 1164 1152 1139 1154 1179 1243 1249 1231 1271 1233 1226 1245 1241 1262 1321 1284 1254 1291 1282 1261 1249 1248 1252 1260 1242 1236 1247 1264 1240 1211 1209 1191 1190 1180 1181 1200
-9999 -9999 -9999 -9999 -9999 -9999 -9999 -9999 -9999 -9999 -9999 -9999 -9999 -9999 -9999 -9999 -9999 -9999 -9999 -9999 -9999 -9999 -9999 -9999 -9999 -9999 -9999 -9999 -9999 -9999 -9999 -9999 -9999 -9999 1177 1174 1172 1131 1116 1125 1111 1111 1129 1131 1155 1127 1136 1132 1141 1131 1178 1169 1229 1253 1231 1236 1225 1230 1239 1249 1268 1277 1334 1292 1307 1326 1303 1315 1285 1260 1259 1267 1242 1232 1230 1244 1224 1205 1193 1192 1177 1181 1191
-9999 -9999 -9999 -9999 -9999 -9999 -9999 -9999 -9999 -9999 -9999 -9999 -9999 -9999 -9999 -9999 -9999 -9999 -9999 -9999 -9999 -9999 -9999 -9999 -9999 -9999 -9999 -9999 -9999 -9999 -9999 -9999 -9999 -9999 -9999 1127 1111 1102 1105 1109 1096 1092 1091 1104 1115 1105 1105 1117 1106 1133 1151 1182 1228 1244 1198 1210 1213 1246 1299 1326 1312 1306 1312 1329 1307 1307 1313 1310 1327 1318 1289 1320 1299 1269 1231 1214 1191 1198 1189 1181 1179 1170 1172
-9999 -9999 -9999 -9999 -9999 -9999 -9999 -9999 -9999 -9999 -9999 -9999 -9999 -9999 -9999 -9999 -9999 -9999 -9999 -9999 -9999 -9999 -9999 -9999 -9999 -9999 -9999 -9999 -9999 -9999 -9999 -9999 -9999 -9999 -9999 -9999 1069 1058 1062 1065 1074 1060 1068 1067 1087 1093 1080 1097 1094 1129 1138 1162 1197 1233 1208 1201 1232 1242 1281 1315 1320 1298 1281 1300 1321 1301 1295 1313 1307 1314 1320 1330 1292 1285 1288 1248 1226 1208 1182 1170 1173 1169 1179
-9999 -9999 -9999 -9999 -9999 -9999 -9999 -9999 -9999 -9999 -9999 -9999 -9999 -9999 -9999 -9999 -9999 -9999 -9999 -9999 -9999 -9999 -9999 -9999 -9999 -9999 -9999 -9999 -9999 -9999 -9999 -9999 -9999 -9999 -9999 -9999 -9999 -9999 1020 1020 1028 1030 1041 1035 1056 1070 1071 1067 1096 1115 1118 1118 1151 1179 1208 1216 1220 1261 1260 1267 1278 1274 1271 1266 1302 1315 1279 1297 1299 1307 1306 1299 1272 1265 1287 1287 1289 1278 1229 1183 1157 1171 1183
-9999 -9999 -9999 -9999 -9999 -9999 -9999 -9999 -9999 -9999 -9999 -9999 -9999 -9999 -9999 -9999 -9999 -9999 -9999 -9999 -9999 -9999 -9999 -9999 -9999 -9999 -9999 -9999 -9999 -9999 -9999 -9999 -9999 -9999 -9999 -9999 -9999 -9999 975 971 971 990 1002 1027 1044 1052 1054 1056 1083 1111 1129 1107 1141 1176 1179 1206 1234 1259 1230 1228 1244 1253 1262 1277 1274 1296 1284 1261 1288 1290 1292 1303 1265 1259 1262 1280 1282 1285 1270 1232 1182 1166 1175
-9999 -9999 -9999 -9999 -9999 -9999 -9999 -9999 -9999 -9999 -9999 -9999 -9999 -9999 -9999 -9999 -9999 -9999 -9999 -9999 -9999 -9999 -9999 -9999 -9999 -9999 -9999 -9999 -9999 -9999 -9999 -9999 -9999 -9999 -9999 -9999 -9999 -9999 939 927 931 952 984 1010 1037 1037 1042 1048 1061 1093 1083 1089 1130 1189 1220 1218 1225 1225 1221 1230 1243 1258 1244 1276 1293 1277 1268 1257 1270 1281 1284 1286 1270 1253 1255 1259 1256 1269 1272 1265 1216 1160 1195
-9999 -9999 -9999 -9999 -9999 -9999 -9999 -9999 -9999 -9999 -9999 -9999 -9999 -9999 -9999 -9999 -9999 -9999 -9999 -9999 -9999 -9999 -9999 -9999 -9999 -9999 -9999 -9999 -9999 -9999 -9999 -9999 -9999 -9999 -9999 -9999 -9999 -9999 -9999 891 906 929 952 983 1014 1032 1034 1039 1039 1066 1085 1088 1133 1165 1213 1208 1199 1215 1236 1243 1231 1268 1266 1276 1264 1268 1261 1252 1231 1253 1281 1272 1272 1250 1246 1246 1248 1239 1247 1262 1253 1166 1178
-9999 -9999 -9999 -9999 -9999 -9999 -9999 -9999 -9999 -9999 -9999 -9999 -9999 -9999 -9999 -9999 -9999 -9999 -9999 -9999 -9999 -9999 -9999 -9999 -9999 -9999 -9999 -9999 -9999 -9999 -9999 -9999 -9999 -9999 -9999 -9999 -9999 -9999 -9999 -9999 917 932 939 957 991 1020 1036 1025 1026 1074 1095 1074 1098 1145 1187 1195 1205 1229 1245 1239 1238 1242 1273 1251 1257 1258 1256 1240 1230 1228 1259 1265 1254 1229 1235 1240 1225 1216 1225 1229 1248 1222 1157
-9999 -9999 -9999 -9999 -9999 -9999 -9999 -9999 -9999 -9999 -9999 -9999 -9999 -9999 -9999 -9999 -9999 -9999 -9999 -9999 -9999 -9999 -9999 -9999 -9999 -9999 -9999 -9999 -9999 -9999 -9999 -9999 -9999 -9999 -9999 -9999 -9999 -9999 -9999 -9999 942 936 931 943 976 1000 1019 1001 1011 1027 1046 1059 1071 1087 1138 1197 1244 1236 1267 1260 1244 1266 1249 1242 1239 1244 1243 1221 1222 1229 1247 1261 1232 1197 1199 1216 1221 1201 1205 1215 1174 1192 1184
-9999 -9999 -9999 -9999 -9999 -9999 -9999 -9999 -9999 -9999 -9999 -9999 -9999 -9999 -9999 -9999 -9999 -9999 -9999 -9999 -9999 -9999 -9999 -9999 -9999 -9999 -9999 -9999 -9999 -9999 -9999 -9999 -9999 -9999 -9999 -9999 -9999 -9999 -9999 -9999 -9999 929 942 944 954 977 981 1003 1041 1023 1038 1076 1070 1122 1152 1179 1215 1220 1218 1264 1239 1240 1235 1222 1246 1243 1236 1210 1212 1221 1225 1223 1229 1193 1182 1169 1183 1191 1157 1183 1165 1155 1160
-9999 -9999 -9999 -9999 -9999 -9999 -9999 -9999 -9999 -9999 -9999 -9999 -9999 -9999 -9999 -9999 -9999 -9999 -9999 -9999 -9999 -9999 -9999 -9999 -9999 -9999 -9999 -9999 -9999 -9999 -9999 -9999 -9999 -9999 -9999 -9999 -9999 -9999 -9999 -9999 -9999 939 948 953 949 965 976 1003 1018 1022 1025 1085 1085 1091 1112 1138 1176 1172 1184 1224 1226 1221 1225 1234 1247 1252 1228 1205 1204 1220 1209 1195 1189 1202 1164 1157 1146 1163 1165 1124 1159 1134 1122
-9999 -9999 -9999 -9999 -9999 -9999 -9999 -9999 -9999 -9999 -9999 -9999 -9999 -9999 -9999 -9999 -9999 -9999 -9999 -9999 -9999 -9999 -9999 -9999 -9999 -9999 -9999 -9999 -9999 -9999 -9999 -9999 -9999 -9999 -9999 -9999 -9999 -9999 -9999 -9999 -9999 -9999 935 938 955 958 966 985 998 1013 1016 1036 1061 1060 1090 1135 1132 1151 1179 1188 1193 1243 1263 1243 1219 1224 1203 1193 1200 1195 1184 1166 1172 1177 1169 1146 1117 1125 1124 1114 1123 1132 1117
-9999 -9999 -9999 -9999 -9999 -9999 -9999 -9999 -9999 -9999 -9999 -9999 -9999 -9999 -9999 -9999 -9999 -9999 -9999 -9999 -9999 -9999 -9999 -9999 -9999 -9999 -9999 -9999 -9999 -9999 -9999 -9999 -9999 -9999 -9999 -9999 -9999 -9999 -9999 -9999 -9999 -9999 955 947 970 980 968 982 988 999 1017 1032 1053 1049 1076 1106 1107 1151 1170 1165 1179 1225 1244 1234 1215 1193 1212 1221 1213 1200 1180 1168 1148 1166 1151 1108 1114 1105 1102 1117 1109 1113 1121
-9999 -9999 -9999 -9999 -9999 -9999 -9999 -9999 -9999 -9999 -9999 -9999 -9999 -9999 -9999 -9999 -9999 -9999 -9999 -9999 -9999 -9999 -9999 -9999 -9999 -9999 -9999 -9999 -9999 -9999 -9999 -9999 -9999 -9999 -9999 -9999 -9999 -9999 -9999 -9999 -9999 -9999 985 993 992 997 992 983 983 992 1006 1016 1059 1055 1096 1102 1093 1138 1145 1153 1189 1186 1223 1216 1193 1205 1196 1213 1204 1194 1180 1156 1149 1127 1110 1114 1121 1124 1111 1113 1128 1111 1130
-9999 -9999 -9999 -9999 -9999 -9999 -9999 -9999 -9999 -9999 -9999 -9999 -9999 -9999 -9999 -9999 -9999 -9999 -9999 -9999 -9999 -9999 -9999 -9999 -9999 -9999 -9999 -9999 -9999 -9999 -9999 -9999 -9999 -9999 -9999 -9999 -9999 -9999 -9999 -9999 -9999 -9999 -9999 973 993 1017 1009 996 978 990 1009 1012 1040 1063 1112 1113 1132 1118 1150 1147 1162 1180 1196 1203 1199 1195 1191 1189 1183 1175 1164 1156 1150 1123 1117 1136 1136 1145 1141 1120 1121 1122 1120
-9999 -9999 -9999 -9999 -9999 -9999 -9999 -9999 -9999 -9999 -9999 -9999 -9999 -9999 -9999 -9999 -9999 -9999 -9999 -9999 -9999 -9999 -9999 -9999 -9999 -9999 -9999 -9999 -9999 -9999 -9999 -9999 -9999 -9999 -9999 -9999 -9999 -9999 -9999 -9999 -9999 -9999 -9999 947 956 985 998 1008 988 1002 1009 1014 1028 1055 1099 1119 1134 1128 1160 1167 1175 1188 1195 1192 1189 1196 1184 1172 1172 1157 1147 1145 1128 1121 1081 1117 1132 1145 1144 1138 1122 1127 1117
-9999 -9999 -9999 -9999 -9999 -9999 -9999 -9999 -9999 -9999 -9999 -9999 -9999 -9999 -9999 -9999 -9999 -9999 -9999 -9999 -9999 -9999 -9999 -9999 -9999 -9999 -9999 -9999 -9999 -9999 -9999 -9999 -9999 -9999 -9999 -9999 -9999 -9999 -9999 -9999 -9999 -9999 -9999 946 969 956 979 984 1012 1007 1026 1020 1020 1061 1080 1100 1099 1102 1124 1166 1174 1190 1186 1186 1178 1186 1194 1163 1152 1145 1133 1121 1125 1104 1078 1068 1103 1122 1130 1150 1142 1123 1117
-9999 -9999 -9999 -9999 -9999 -9999 -9999 -9999 -9999 -9999 -9999 -9999 -9999 -9999 -9999 -9999 -9999 -9999 -9999 -9999 -9999 -9999 -9999 -9999 -9999 -9999 -9999 -9999 -9999 -9999 -9999 -9999 -9999 -9999 -9999 -9999 -9999 -9999 -9999 -9999 -9999 -9999 -9999 937 958 958 987 982 1006 1013 1027 1010 1015 1055 1091 1086 1063 1064 1085 1147 1167 1175 1165 1170 1164 1164 1148 1146 1135 1141 1131 1111 1093 1073 1072 1066 1059 1102 1120 1134 1135 1127 1122
-9999 -9999 -9999 -9999 -9999 -9999 -9999 -9999 -9999 -9999 -9999 -9999 -9999 -9999 -9999 -9999 -9999 -9999 -9999 -9999 -9999 -9999 -9999 -9999 -9999 -9999 -9999 -9999 -9999 -9999 -9999 -9999 -9999 -9999 -9999 -9999 -9999 -9999 -9999 -9999 -9999 -9999 -9999 917 930 960 975 976 993 1008 1006 1014 1007 1023 1044 1057 1027 1021 1054 1092 1153 1148 1131 1136 1138 1150 1121 1123 1112 1131 1130 1118 1101 1075 1038 1078 1099 1086 1099 1117 1107 1118 1121
-9999 -9999 -9999 -9999 -9999 -9999 -9999 -9999 -9999 -9999 -9999 -9999 -9999 -9999 -9999 -9999 -9999 -9999 -9999 -9999 -9999 -9999 -9999 -9999 -9999 -9999 -9999 -9999 -9999 -9999 -9999 -9999 -9999 -9999 -9999 -9999 -9999 -9999 -9999 -9999 -9999 -9999 901 905 925 951 968 982 975 992 991 999 1006 990 1021 1031 996 995 1040 1048 1080 1116 1111 1114 1113 1116 1099 1104 1106 1097 1114 1113 1109 1089 1057 1036 1077 1108 1098 1085 1093 1110 1122
-9999 -9999 -9999 -9999 -9999 -9999 -9999 -9999 -9999 -9999 -9999 -9999 -9999 -9999 -9999 -9999 -9999 -9999 -9999 -9999 -9999 -9999 -9999 -9999 -9999 -9999 -9999 -9999 -9999 -9999 -9999 -9999 -9999 -9999 -9999 -9999 -9999 -9999 -9999 -9999 -9999 873 901 912 921 939 952 965 966 961 980 985 980 969 971 981 975 965 985 1013 1053 1082 1069 1084 1084 1080 1101 1098 1098 1087 1085 1096 1098 1087 1052 1032 1072 1091 1115 1113 1112 1115 1122
-9999 -9999 -9999 -9999 -9999 -9999 -9999 -9999 -9999 -9999 -9999 -9999 -9999 -9999 -9999 -9999 -9999 -9999 -9999 -9999 -9999 -9999 -9999 -9999 -9999 -9999 -9999 -9999 -9999 -9999 -9999 -9999 -9999 -9999 -9999 -9999 -9999 -9999 -9999 -9999 -9999 -9999 877 907 912 923 932 947 951 949 946 944 964 967 953 969 976 951 939 962 1003 1033 1034 1058 1061 1074 1073 1076 1078 1075 1079 1049 1069 1064 1033 1025 1057 1096 1101 1122 1119 1117 1117
-9999 -9999 -9999 -9999 -9999 -9999 -9999 -9999 -9999 -9999 -9999 -9999 -9999 -9999 -9999 -9999 -9999 -9999 -9999 -9999 -9999 -9999 -9999 -9999 -9999 -9999 -9999 -9999 -9999 -9999 -9999 -9999 -9999 -9999 -9999 -9999 -9999 -9999 -9999 -9999 -9999 -9999 859 880 896 904 916 913 929 929 936 926 944 954 958 945 936 933 916 920 941 972 1014 1028 1056 1052 1055 1054 1069 1071 1078 1045 1035 1031 1020 1035 1049 1065 1096 1115 1134 1130 1112
-9999 -9999 -9999 -9999 -9999 -9999 -9999 -9999 -9999 -9999 -9999 -9999 -9999 -9999 -9999 -9999 -9999 -9999 -9999 -9999 -9999 -9999 -9999 -9999 -9999 -9999 -9999 -9999 -9999 -9999 -9999 -9999 -9999 -9999 -9999 -9999 -9999 -9999 -9999 -9999 -9999 -9999 -9999 851 879 892 904 904 905 924 934 922 918 934 935 929 905 899 897 920 933 924 952 996 1024 1051 1047 1025 1028 1024 1037 1038 1028 998 1030 1037 1046 1065 1091 1099 1127 1123 1107
-9999 -9999 -9999 -9999 -9999 -9999 -9999 -9999 -9999 -9999 -9999 -9999 -9999 -9999 -9999 -9999 -9999 -9999 -9999 -9999 -9999 -9999 -9999 -9999 -9999 -9999 -9999 -9999 -9999 -9999 -9999 -9999 -9999 -9999 -9999 -9999 -9999 -9999 -9999 -9999 -9999 -9999 -9999 -9999 852 881 886 889 890 906 922 916 907 926 913 910 893 884 879 878 911 912 902 974 979 1009 1012 998 1003 991 1007 995 983 1035 1054 1031 1033 1073 1093 1078 1105 1108 1101
-9999 -9999 -9999 -9999 -9999 -9999 -9999 -9999 -9999 -9999 -9999 -9999 -9999 -9999 -9999 -9999 -9999 -9999 -9999 -9999 -9999 -9999 -9999 -9999 -9999 -9999 -9999 -9999 -9999 -9999 -9999 -9999 -9999 -9999 -9999 -9999 -9999 -9999 -9999 -9999 -9999 -9999 -9999 -9999 -9999 853 876 867 889 904 914 911 900 914 909 886 882 -9999 -9999 -9999 864 863 874 905 947 943 937 971 989 975 966 974 1033 1002 1010 1008 1037 1074 1082 1065 1098 1099 1093
-9999 -9999 -9999 -9999 -9999 -9999 -9999 -9999 -9999 -9999 -9999 -9999 -9999 -9999 -9999 -9999 -9999 -9999 -9999 -9999 -9999 -9999 -9999 -9999 -9999 -9999 -9999 -9999 -9999 -9999 -9999 -9999 -9999 -9999 -9999 -9999 -9999 -9999 -9999 -9999 -9999 -9999 -9999 -9999 -9999 -9999 853 872 865 882 902 882 884 881 874 870 869 -9999 860 859 858 -9999 866 879 891 912 946 969 938 937 964 992 1042 1003 998 1010 1013 1045 1036 1037 1069 1108 1085
-9999 -9999 -9999 -9999 -9999 -9999 -9999 -9999 -9999 -9999 -9999 -9999 -9999 -9999 -9999 -9999 -9999 -9999 -9999 -9999 -9999 -9999 -9999 -9999 -9999 -9999 -9999 -9999 -9999 -9999 -9999 -9999 -9999 -9999 -9999 -9999 -9999 -9999 -9999 -9999 -9999 -9999 -9999 -9999 -9999 -9999 819 859 862 854 860 867 870 -9999 871 865 -9999 -9999 -9999 -9999 859 860 879 894 924 919 950 980 950 956 979 1015 1023 1021 1021 1015 1008 1040 1065 1037 1059 1090 1075
-9999 -9999 -9999 -9999 -9999 -9999 -9999 -9999 -9999 -9999 -9999 -9999 -9999 -9999 -9999 -9999 -9999 -9999 -9999 -9999 -9999 -9999 -9999 -9999 -9999 -9999 -9999 -9999 -9999 -9999 -9999 -9999 -9999 -9999 -9999 -9999 -9999 -9999 -9999 -9999 -9999 -9999 -9999 -9999 -9999 -9999 -9999 831 838 -9999 861 871 867 867 867 -9999 -9999 -9999 -9999 -9999 855 863 881 906 934 914 950 957 949 961 972 1004 1036 1037 1034 1018 1018 1023 1034 1076 1073 1073 1064
