Map_Files/Contemporary/bio1.asc
NCOLS 312 
NROWS 528 
XLLCORNER 7.000000002 
YLLCORNER -10 
CELLSIZE 0.0416666666666667 
NODATA_value -9999 
[rows 400 to 439 of 528, columns 90 to 179 of 312]
-9999 -9999 -9999 -9999 -9999 -9999 -9999 -9999 -9999 -9999 -9999 -9999 -9999 -9999 -9999 -9999 -9999 -9999 -9999 -9999 -9999 -9999 -9999 -9999 -9999 -9999 247 245 245 246 246 249 251 253 254 252 252 250 250 251 250 249 251 249 248 248 247 242 249 250 246 230 234 245 236 235 235 238 239 239 235 237 236 239 240 242 244 243 242 245 245 246 247 242 235 237 235 228 230 231 235 238 235 239 240 240 240 235 233 237
-9999 -9999 -9999 -9999 -9999 -9999 -9999 -9999 -9999 -9999 -9999 -9999 -9999 -9999 -9999 -9999 -9999 -9999 -9999 -9999 -9999 -9999 -9999 -9999 -9999 -9999 249 247 246 246 245 250 250 253 252 252 251 252 250 251 250 252 253 251 250 247 245 246 246 250 250 248 246 241 238 242 234 234 238 240 239 236 237 237 238 237 236 240 240 243 245 246 248 246 244 242 236 233 231 232 233 239 239 240 241 242 242 236 236 242
-9999 -9999 -9999 -9999 -9999 -9999 -9999 -9999 -9999 -9999 -9999 -9999 -9999 -9999 -9999 -9999 -9999 -9999 -9999 -9999 -9999 -9999 -9999 -9999 -9999 -9999 -9999 248 246 246 247 250 251 250 250 251 249 249 251 251 250 253 255 254 252 244 244 248 244 249 251 249 249 244 228 237 242 232 233 237 239 238 237 234 237 238 235 232 237 242 243 246 247 248 248 245 237 238 235 233 233 237 241 243 243 243 245 244 243 246
-9999 -9999 -9999 -9999 -9999 -9999 -9999 -9999 -9999 -9999 -9999 -9999 -9999 -9999 -9999 -9999 -9999 -9999 -9999 -9999 -9999 -9999 -9999 -9999 -9999 -9999 -9999 248 247 246 250 251 249 250 250 248 249 246 251 251 252 253 255 250 252 245 244 248 249 251 251 250 249 246 242 224 234 229 223 228 224 230 235 234 232 237 239 238 235 239 242 245 246 248 248 246 245 240 240 240 234 235 240 245 247 245 245 247 248 250
-9999 -9999 -9999 -9999 -9999 -9999 -9999 -9999 -9999 -9999 -9999 -9999 -9999 -9999 -9999 -9999 -9999 -9999 -9999 -9999 -9999 -9999 -9999 -9999 -9999 -9999 -9999 -9999 248 249 249 248 247 248 249 250 249 249 251 252 252 255 253 252 250 245 245 252 252 253 249 244 236 237 237 232 225 230 228 226 225 220 222 228 221 225 231 238 241 245 244 245 247 247 249 249 246 243 246 247 243 246 245 246 249 247 245 248 252 255
-9999 -9999 -9999 -9999 -9999 -9999 -9999 -9999 -9999 -9999 -9999 -9999 -9999 -9999 -9999 -9999 -9999 -9999 -9999 -9999 -9999 -9999 -9999 -9999 -9999 -9999 -9999 -9999 -9999 250 250 248 248 247 249 249 250 249 250 253 253 255 252 252 251 248 245 250 252 250 249 245 240 236 239 241 234 227 230 230 224 225 222 221 218 225 226 226 233 237 241 247 249 248 250 247 246 250 252 253 255 252 250 250 250 249 251 254 252 247
-9999 -9999 -9999 -9999 -9999 -9999 -9999 -9999 -9999 -9999 -9999 -9999 -9999 -9999 -9999 -9999 -9999 -9999 -9999 -9999 -9999 -9999 -9999 -9999 -9999 -9999 -9999 -9999 -9999 -9999 -9999 249 249 249 249 249 251 250 250 252 254 253 252 253 255 253 251 249 250 251 247 247 246 244 244 243 242 231 225 234 228 226 223 223 223 229 230 225 225 224 227 236 245 251 249 246 247 248 249 249 254 257 257 255 254 254 252 248 245 244
-9999 -9999 -9999 -9999 -9999 -9999 -9999 -9999 -9999 -9999 -9999 -9999 -9999 -9999 -9999 -9999 -9999 -9999 -9999 -9999 -9999 -9999 -9999 -9999 -9999 -9999 -9999 -9999 -9999 -9999 -9999 250 250 251 250 250 249 249 250 252 254 253 251 251 255 253 250 251 250 248 246 250 251 248 246 244 239 237 230 232 236 228 226 225 222 229 230 229 226 225 225 227 235 245 249 247 248 249 250 250 254 257 255 255 253 248 242 245 244 243
-9999 -9999 -9999 -9999 -9999 -9999 -9999 -9999 -9999 -9999 -9999 -9999 -9999 -9999 -9999 -9999 -9999 -9999 -9999 -9999 -9999 -9999 -9999 -9999 -9999 -9999 -9999 -9999 -9999 -9999 -9999 251 251 252 251 250 249 248 250 251 253 254 251 255 256 253 248 246 248 248 249 251 250 248 245 246 238 232 235 235 236 232 228 226 224 227 230 229 228 229 227 227 228 238 249 242 244 251 254 255 255 253 252 254 254 254 244 239 233 242
-9999 -9999 -9999 -9999 -9999 -9999 -9999 -9999 -9999 -9999 -9999 -9999 -9999 -9999 -9999 -9999 -9999 -9999 -9999 -9999 -9999 -9999 -9999 -9999 -9999 -9999 -9999 -9999 -9999 -9999 -9999 -9999 251 251 252 252 250 249 249 251 253 255 253 253 255 251 249 245 248 250 249 247 247 249 242 241 238 239 236 235 236 240 234 225 227 226 230 231 230 229 231 230 227 229 247 245 238 252 251 252 250 247 249 251 251 254 250 236 232 236
-9999 -9999 -9999 -9999 -9999 -9999 -9999 -9999 -9999 -9999 -9999 -9999 -9999 -9999 -9999 -9999 -9999 -9999 -9999 -9999 -9999 -9999 -9999 -9999 -9999 -9999 -9999 -9999 -9999 -9999 -9999 -9999 -9999 249 250 252 252 250 249 249 253 254 251 251 255 254 250 247 248 248 246 245 246 247 246 239 242 239 237 236 238 239 238 229 227 228 233 232 231 234 235 233 233 229 235 249 251 252 249 246 246 244 247 249 251 253 254 236 232 235
-9999 -9999 -9999 -9999 -9999 -9999 -9999 -9999 -9999 -9999 -9999 -9999 -9999 -9999 -9999 -9999 -9999 -9999 -9999 -9999 -9999 -9999 -9999 -9999 -9999 -9999 -9999 -9999 -9999 -9999 -9999 -9999 -9999 248 250 252 253 251 250 250 254 255 256 255 256 256 256 252 246 241 244 239 241 244 240 243 243 243 239 238 242 239 236 230 226 232 239 238 235 233 237 237 235 244 241 243 251 255 251 244 238 244 244 249 251 252 255 241 232 232
-9999 -9999 -9999 -9999 -9999 -9999 -9999 -9999 -9999 -9999 -9999 -9999 -9999 -9999 -9999 -9999 -9999 -9999 -9999 -9999 -9999 -9999 -9999 -9999 -9999 -9999 -9999 -9999 -9999 -9999 -9999 -9999 -9999 -9999 251 251 252 253 252 253 253 250 255 255 253 255 251 249 248 244 245 247 239 244 244 245 247 239 237 237 243 240 236 234 234 231 240 241 244 240 238 246 241 245 248 247 252 256 253 247 240 239 244 244 248 252 254 247 235 226
-9999 -9999 -9999 -9999 -9999 -9999 -9999 -9999 -9999 -9999 -9999 -9999 -9999 -9999 -9999 -9999 -9999 -9999 -9999 -9999 -9999 -9999 -9999 -9999 -9999 -9999 -9999 -9999 -9999 -9999 -9999 -9999 -9999 -9999 250 250 251 253 252 253 251 252 254 256 250 252 254 253 252 249 251 251 246 246 247 245 242 237 233 238 242 240 234 236 238 238 235 244 245 247 243 244 253 246 252 255 256 255 254 251 246 241 239 242 248 252 254 250 236 224
-9999 -9999 -9999 -9999 -9999 -9999 -9999 -9999 -9999 -9999 -9999 -9999 -9999 -9999 -9999 -9999 -9999 -9999 -9999 -9999 -9999 -9999 -9999 -9999 -9999 -9999 -9999 -9999 -9999 -9999 -9999 -9999 -9999 -9999 -9999 251 252 251 253 253 253 253 254 256 255 254 257 255 252 254 253 251 252 251 240 233 238 243 239 243 244 240 239 241 244 241 239 241 246 253 251 252 254 253 251 255 250 253 253 254 249 243 239 241 246 251 252 251 236 224
-9999 -9999 -9999 -9999 -9999 -9999 -9999 -9999 -9999 -9999 -9999 -9999 -9999 -9999 -9999 -9999 -9999 -9999 -9999 -9999 -9999 -9999 -9999 -9999 -9999 -9999 -9999 -9999 -9999 -9999 -9999 -9999 -9999 -9999 -9999 248 250 249 249 252 252 253 254 254 255 254 257 256 254 256 252 252 254 253 243 237 239 242 247 238 233 233 234 239 241 245 240 243 254 253 255 256 252 255 255 254 249 252 252 253 253 247 241 240 245 249 253 252 234 227
-9999 -9999 -9999 -9999 -9999 -9999 -9999 -9999 -9999 -9999 -9999 -9999 -9999 -9999 -9999 -9999 -9999 -9999 -9999 -9999 -9999 -9999 -9999 -9999 -9999 -9999 -9999 -9999 -9999 -9999 -9999 -9999 -9999 -9999 -9999 244 244 245 246 248 251 253 254 254 255 252 255 252 254 257 254 255 256 252 253 242 242 248 239 240 232 232 233 236 241 243 248 252 251 249 249 253 253 250 255 251 252 248 251 252 253 252 245 242 246 251 254 246 230 226
-9999 -9999 -9999 -9999 -9999 -9999 -9999 -9999 -9999 -9999 -9999 -9999 -9999 -9999 -9999 -9999 -9999 -9999 -9999 -9999 -9999 -9999 -9999 -9999 -9999 -9999 -9999 -9999 -9999 -9999 -9999 -9999 -9999 -9999 -9999 -9999 245 244 242 245 248 252 253 253 255 253 253 249 251 251 255 253 256 256 254 249 244 243 240 239 235 235 235 237 238 240 247 248 243 244 242 244 250 250 251 253 252 249 251 251 251 252 250 242 249 253 251 237 227 236
-9999 -9999 -9999 -9999 -9999 -9999 -9999 -9999 -9999 -9999 -9999 -9999 -9999 -9999 -9999 -9999 -9999 -9999 -9999 -9999 -9999 -9999 -9999 -9999 -9999 -9999 -9999 -9999 -9999 -9999 -9999 -9999 -9999 -9999 -9999 -9999 247 247 245 245 245 250 250 251 253 253 252 249 248 249 253 250 252 253 252 248 245 242 235 236 237 233 237 238 238 243 245 257 246 243 241 242 245 249 249 253 250 253 251 250 251 251 251 246 249 253 250 229 236 248
-9999 -9999 -9999 -9999 -9999 -9999 -9999 -9999 -9999 -9999 -9999 -9999 -9999 -9999 -9999 -9999 -9999 -9999 -9999 -9999 -9999 -9999 -9999 -9999 -9999 -9999 -9999 -9999 -9999 -9999 -9999 -9999 -9999 -9999 -9999 -9999 246 244 247 246 247 245 248 248 251 253 250 250 250 252 255 254 250 251 248 247 242 241 234 229 236 237 236 239 243 241 247 256 259 250 245 244 241 244 250 252 251 252 250 249 249 250 251 248 248 251 251 231 242 249
-9999 -9999 -9999 -9999 -9999 -9999 -9999 -9999 -9999 -9999 -9999 -9999 -9999 -9999 -9999 -9999 -9999 -9999 -9999 -9999 -9999 -9999 -9999 -9999 -9999 -9999 -9999 -9999 -9999 -9999 -9999 -9999 -9999 -9999 -9999 -9999 246 245 246 244 246 245 246 246 251 252 249 246 250 256 258 258 251 250 248 249 242 242 237 241 237 239 232 236 242 248 255 256 257 260 248 246 243 244 248 251 250 251 250 250 249 250 251 248 247 250 252 241 247 249
-9999 -9999 -9999 -9999 -9999 -9999 -9999 -9999 -9999 -9999 -9999 -9999 -9999 -9999 -9999 -9999 -9999 -9999 -9999 -9999 -9999 -9999 -9999 -9999 -9999 -9999 -9999 -9999 -9999 -9999 -9999 -9999 -9999 -9999 -9999 -9999 248 247 245 244 245 245 245 247 248 251 252 251 252 258 261 259 256 248 249 253 249 245 237 245 242 243 235 233 236 242 252 264 252 247 252 250 247 250 250 250 252 250 250 250 249 248 250 250 246 247 250 250 250 248
-9999 -9999 -9999 -9999 -9999 -9999 -9999 -9999 -9999 -9999 -9999 -9999 -9999 -9999 -9999 -9999 -9999 -9999 -9999 -9999 -9999 -9999 -9999 -9999 -9999 -9999 -9999 -9999 -9999 -9999 -9999 -9999 -9999 -9999 -9999 248 248 247 245 244 243 246 246 248 249 250 254 253 253 260 262 259 259 256 251 252 250 249 245 249 245 242 243 235 236 237 244 256 263 252 244 249 254 253 250 249 251 249 250 250 249 248 249 250 248 248 247 247 247 247
-9999 -9999 -9999 -9999 -9999 -9999 -9999 -9999 -9999 -9999 -9999 -9999 -9999 -9999 -9999 -9999 -9999 -9999 -9999 -9999 -9999 -9999 -9999 -9999 -9999 -9999 -9999 -9999 -9999 -9999 -9999 -9999 -9999 -9999 250 247 246 246 245 244 245 246 249 248 249 252 256 257 258 261 264 263 261 257 253 256 253 252 253 245 243 241 243 243 237 237 241 255 263 252 248 243 246 247 249 249 251 248 250 250 250 250 249 249 246 249 248 248 248 247
-9999 -9999 -9999 -9999 -9999 -9999 -9999 -9999 -9999 -9999 -9999 -9999 -9999 -9999 -9999 -9999 -9999 -9999 -9999 -9999 -9999 -9999 -9999 -9999 -9999 -9999 -9999 -9999 -9999 -9999 -9999 -9999 -9999 -9999 -9999 250 246 246 246 246 246 247 249 251 254 253 254 258 258 259 264 267 265 262 258 259 256 255 251 250 249 245 244 242 254 245 248 261 264 255 246 246 243 245 248 250 250 250 249 250 249 249 249 248 245 242 243 245 246 246
-9999 -9999 -9999 -9999 -9999 -9999 -9999 -9999 -9999 -9999 -9999 -9999 -9999 -9999 -9999 -9999 -9999 -9999 -9999 -9999 -9999 -9999 -9999 -9999 -9999 -9999 -9999 -9999 -9999 -9999 -9999 -9999 -9999 -9999 -9999 252 249 248 248 247 249 249 250 251 255 254 255 256 260 263 264 268 269 267 265 260 259 254 255 254 254 247 243 239 253 257 257 262 260 257 254 247 244 241 244 251 250 250 249 250 248 249 247 247 240 239 239 243 244 245
-9999 -9999 -9999 -9999 -9999 -9999 -9999 -9999 -9999 -9999 -9999 -9999 -9999 -9999 -9999 -9999 -9999 -9999 -9999 -9999 -9999 -9999 -9999 -9999 -9999 -9999 -9999 -9999 -9999 -9999 -9999 -9999 -9999 -9999 -9999 -9999 253 249 248 248 249 251 250 250 254 257 256 258 260 265 268 269 267 267 269 267 263 259 253 255 264 262 264 254 253 257 269 259 258 257 253 248 248 243 246 251 251 251 249 250 249 249 248 241 240 233 236 239 240 241
-9999 -9999 -9999 -9999 -9999 -9999 -9999 -9999 -9999 -9999 -9999 -9999 -9999 -9999 -9999 -9999 -9999 -9999 -9999 -9999 -9999 -9999 -9999 -9999 -9999 -9999 -9999 -9999 -9999 -9999 -9999 -9999 -9999 -9999 -9999 -9999 -9999 252 249 249 250 251 251 251 254 257 256 260 262 266 268 270 271 268 270 273 265 266 262 264 270 270 273 269 266 273 254 250 259 260 250 247 253 248 249 252 252 252 250 251 250 249 248 237 234 234 236 238 240 241
-9999 -9999 -9999 -9999 -9999 -9999 -9999 -9999 -9999 -9999 -9999 -9999 -9999 -9999 -9999 -9999 -9999 -9999 -9999 -9999 -9999 -9999 -9999 -9999 -9999 -9999 -9999 -9999 -9999 -9999 -9999 -9999 -9999 -9999 -9999 -9999 -9999 -9999 251 250 252 251 251 251 253 257 257 260 264 266 -9999 -9999 -9999 274 276 277 275 271 274 277 275 274 276 278 275 256 268 265 267 259 250 250 256 249 251 254 253 251 250 251 247 247 247 239 235 233 233 234 236 237
-9999 -9999 -9999 -9999 -9999 -9999 -9999 -9999 -9999 -9999 -9999 -9999 -9999 -9999 -9999 -9999 -9999 -9999 -9999 -9999 -9999 -9999 -9999 -9999 -9999 -9999 -9999 -9999 -9999 -9999 -9999 -9999 -9999 -9999 -9999 -9999 -9999 -9999 -9999 251 250 253 253 253 257 260 262 264 266 268 -9999 272 273 275 -9999 278 278 278 278 276 274 280 281 278 272 253 268 270 266 265 258 262 262 256 249 255 255 250 248 251 245 241 244 240 231 232 228 232 234 233
-9999 -9999 -9999 -9999 -9999 -9999 -9999 -9999 -9999 -9999 -9999 -9999 -9999 -9999 -9999 -9999 -9999 -9999 -9999 -9999 -9999 -9999 -9999 -9999 -9999 -9999 -9999 -9999 -9999 -9999 -9999 -9999 -9999 -9999 -9999 -9999 -9999 -9999 -9999 255 251 253 257 259 260 262 -9999 265 266 -9999 -9999 -9999 -9999 274 276 275 276 273 276 275 272 278 279 275 263 260 262 262 264 267 259 254 262 258 252 257 257 252 248 251 248 242 247 242 236 229 232 234 235 234
-9999 -9999 -9999 -9999 -9999 -9999 -9999 -9999 -9999 -9999 -9999 -9999 -9999 -9999 -9999 -9999 -9999 -9999 -9999 -9999 -9999 -9999 -9999 -9999 -9999 -9999 -9999 -9999 -9999 -9999 -9999 -9999 -9999 -9999 -9999 -9999 -9999 -9999 -9999 -9999 255 257 -9999 259 260 261 263 264 -9999 -9999 -9999 -9999 -9999 274 275 274 273 271 277 274 275 278 277 275 267 256 256 258 263 264 263 261 252 254 255 259 257 250 248 253 248 241 246 241 235 233 235 236 236 237
-9999 -9999 -9999 -9999 -9999 -9999 -9999 -9999 -9999 -9999 -9999 -9999 -9999 -9999 -9999 -9999 -9999 -9999 -9999 -9999 -9999 -9999 -9999 -9999 -9999 -9999 -9999 -9999 -9999 -9999 -9999 -9999 -9999 -9999 -9999 -9999 -9999 -9999 -9999 -9999 -9999 -9999 259 259 -9999 -9999 -9999 265 -9999 -9999 -9999 271 272 272 275 274 274 274 277 274 275 276 271 276 266 263 264 258 260 260 255 250 258 252 251 259 258 252 249 253 247 240 246 243 235 235 235 236 236 237
-9999 -9999 -9999 -9999 -9999 -9999 -9999 -9999 -9999 -9999 -9999 -9999 -9999 -9999 -9999 -9999 -9999 -9999 -9999 -9999 -9999 -9999 -9999 -9999 -9999 -9999 -9999 -9999 -9999 -9999 -9999 -9999 -9999 -9999 -9999 -9999 -9999 -9999 -9999 -9999 -9999 258 -9999 -9999 261 262 264 265 267 269 270 270 270 271 272 270 272 274 276 272 272 275 271 271 272 268 265 264 260 257 253 245 252 251 250 258 258 252 253 253 245 240 246 244 237 233 235 235 233 237
-9999 -9999 -9999 -9999 -9999 -9999 -9999 -9999 -9999 -9999 -9999 -9999 -9999 -9999 -9999 -9999 -9999 -9999 -9999 -9999 -9999 -9999 -9999 -9999 -9999 -9999 -9999 -9999 -9999 -9999 -9999 -9999 -9999 -9999 -9999 -9999 -9999 -9999 -9999 -9999 -9999 260 260 261 262 263 264 -9999 266 265 266 266 268 270 270 269 270 272 273 271 272 275 273 266 269 264 262 263 258 255 252 248 254 251 258 258 256 254 254 251 241 238 244 244 240 230 234 235 233 236
-9999 -9999 -9999 -9999 -9999 -9999 -9999 -9999 -9999 -9999 -9999 -9999 -9999 -9999 -9999 -9999 -9999 -9999 -9999 -9999 -9999 -9999 -9999 -9999 -9999 -9999 -9999 -9999 -9999 -9999 -9999 -9999 -9999 -9999 -9999 -9999 -9999 -9999 259 259 259 258 257 258 260 261 263 260 261 259 263 263 268 269 270 270 269 271 273 272 270 270 272 265 264 262 259 259 257 254 249 247 253 255 258 257 254 252 252 252 244 239 244 244 241 232 232 234 234 236
-9999 -9999 -9999 -9999 -9999 -9999 -9999 -9999 -9999 -9999 -9999 -9999 -9999 -9999 -9999 -9999 -9999 -9999 -9999 -9999 -9999 -9999 -9999 -9999 -9999 -9999 -9999 -9999 -9999 -9999 -9999 -9999 -9999 -9999 -9999 -9999 -9999 -9999 258 258 255 255 255 254 257 255 258 257 261 259 259 261 267 268 270 269 269 271 273 273 269 267 270 266 264 262 258 260 258 255 245 247 251 259 253 256 254 251 250 250 247 240 242 243 239 235 232 233 234 235
-9999 -9999 -9999 -9999 -9999 -9999 -9999 -9999 -9999 -9999 -9999 -9999 -9999 -9999 -9999 -9999 -9999 -9999 -9999 -9999 -9999 -9999 -9999 -9999 -9999 -9999 -9999 -9999 -9999 -9999 -9999 -9999 -9999 -9999 -9999 -9999 -9999 -9999 -9999 257 254 253 254 254 255 256 257 258 259 260 260 261 262 266 269 268 267 269 271 273 272 271 269 267 265 262 262 261 258 251 246 246 255 257 252 255 253 251 252 246 246 243 240 241 238 237 232 232 234 236
-9999 -9999 -9999 -9999 -9999 -9999 -9999 -9999 -9999 -9999 -9999 -9999 -9999 -9999 -9999 -9999 -9999 -9999 -9999 -9999 -9999 -9999 -9999 -9999 -9999 -9999 -9999 -9999 -9999 -9999 -9999 -9999 -9999 -9999 -9999 -9999 -9999 -9999 -9999 -9999 254 254 254 254 255 256 258 259 259 259 259 261 261 265 267 268 267 268 270 272 270 270 270 268 263 262 261 258 254 251 250 253 258 251 254 253 251 252 252 247 247 246 240 238 239 238 233 232 233 234
-9999 -9999 -9999 -9999 -9999 -9999 -9999 -9999 -9999 -9999 -9999 -9999 -9999 -9999 -9999 -9999 -9999 -9999 -9999 -9999 -9999 -9999 -9999 -9999 -9999 -9999 -9999 -9999 -9999 -9999 -9999 -9999 -9999 -9999 -9999 -9999 -9999 -9999 -9999 -9999 257 254 254 255 255 256 258 258 259 260 260 256 261 262 266 267 266 267 269 270 269 269 269 268 266 263 258 255 249 246 249 256 257 251 255 253 250 252 253 250 250 247 243 240 239 236 235 231 232 232
