Map_Files/Contemporary/bio12.asc
NCOLS 312 
NROWS 528 
XLLCORNER 7.000000002 
YLLCORNER -10 
CELLSIZE 0.0416666666666667 
NODATA_value -9999 
[rows 144 to 179 of 528, columns 0 to 82 of 312]
1981 1990 1991 1985 1974 1989 1980 1980 1983 1993 1968 1953 1950 1948 1949 1949 1951 1954 1957 1963 1971 1979 1993 2004 2020 2037 2052 2068 2086 2104 2123 2141 2162 2177 2194 2211 2228 2251 2267 2283 2301 2324 2342 2362 2379 2397 2413 2429 2445 2459 2474 2486 2495 2501 2505 2506 2498 2495 2482 2464 2452 2327 2348 2243 2286 2289 2249 2230 2235 2237 2247 2220 2187 2172 2160 2147 2143 2159 2134 2119 2074 2054 2037
1983 2002 2018 2009 1997 1998 1994 1997 1999 2005 1981 1972 1968 1966 1965 1967 1967 1970 1974 1980 1986 1996 2007 2020 2035 2052 2070 2090 2105 2124 2143 2163 2180 2200 2218 2237 2258 2280 2296 2313 2331 2353 2373 2394 2414 2428 2446 2466 2483 2497 2513 2528 2538 2545 2551 2550 2547 2541 2522 2513 2435 2403 2425 2291 2348 2334 2303 2253 2226 2228 2218 2230 2186 2174 2159 2167 2207 2106 2085 2112 2070 2050 2037
2001 2017 2035 2028 2016 2013 2010 2011 2014 2021 1993 1989 1985 1984 1983 1984 1986 1987 1991 1995 2002 2009 2021 2035 2053 2070 2089 2108 2123 2144 2163 2184 2206 2225 2244 2265 2285 2307 2327 2342 2363 2384 2404 2423 2443 2464 2484 2500 2518 2538 2555 2567 2583 2592 2599 2598 2591 2580 2557 2509 2496 2508 2468 2371 2413 2340 2293 2239 2232 2215 2204 2194 2182 2190 2182 2189 2116 2111 2093 2100 2061 2047 2035
2033 2034 2047 2039 2031 2026 2026 2026 2031 2035 2012 2007 2003 2003 2000 2003 2003 2005 2007 2011 2017 2025 2038 2053 2070 2088 2110 2128 2146 2165 2186 2206 2229 2252 2269 2290 2313 2333 2349 2372 2390 2410 2433 2453 2471 2494 2517 2537 2557 2575 2598 2613 2629 2638 2643 2645 2639 2622 2535 2507 2560 2534 2475 2443 2473 2400 2363 2301 2228 2206 2187 2171 2169 2182 2183 2146 2100 2129 2108 2080 2055 2042 2032
2061 2049 2060 2059 2052 2043 2038 2038 2042 2045 2036 2027 2025 2023 2022 2021 2023 2025 2029 2032 2038 2047 2058 2073 2090 2109 2130 2147 2167 2185 2207 2232 2252 2276 2296 2317 2336 2359 2380 2399 2419 2438 2460 2483 2503 2526 2547 2570 2591 2614 2634 2654 2671 2685 2694 2691 2680 2669 2643 2576 2532 2553 2553 2514 2486 2367 2239 2268 2235 2199 2174 2177 2181 2175 2132 2130 2116 2103 2077 2060 2044 2036 2029
2087 2088 2078 2078 2069 2062 2057 2053 2053 2059 2065 2053 2043 2042 2039 2042 2043 2046 2050 2055 2065 2066 2079 2095 2111 2127 2148 2167 2187 2212 2231 2257 2280 2301 2323 2341 2361 2379 2405 2425 2447 2467 2487 2508 2532 2557 2579 2601 2625 2646 2669 2691 2709 2730 2743 2738 2717 2709 2689 2667 2645 2603 2548 2530 2526 2440 2264 2246 2249 2187 2159 2166 2152 2131 2116 2125 2100 2069 2049 2044 2031 2020 2016
2104 2106 2104 2099 2094 2084 2077 2069 2067 2066 2071 2073 2068 2066 2066 2070 2067 2071 2076 2085 2086 2091 2102 2115 2132 2149 2168 2190 2213 2234 2256 2277 2302 2324 2346 2365 2386 2406 2425 2450 2472 2494 2516 2539 2561 2583 2607 2632 2654 2677 2702 2726 2750 2774 2788 2777 2761 2721 2721 2698 2676 2648 2599 2545 2570 2551 2381 2369 2451 2358 2252 2140 2122 2113 2105 2100 2064 2045 2042 2035 2022 2005 2002
2124 2126 2119 2122 2110 2105 2097 2087 2084 2081 2078 2078 2079 2078 2079 2079 2082 2088 2092 2106 2107 2114 2124 2140 2154 2172 2192 2214 2235 2257 2280 2301 2325 2348 2370 2387 2410 2431 2450 2465 2497 2520 2541 2564 2588 2611 2634 2657 2681 2707 2730 2753 2776 2798 2813 2814 2790 2768 2746 2721 2694 2680 2639 2574 2557 2544 2537 2530 2498 2450 2392 2203 2110 2106 2101 2078 2039 2016 2018 2016 2022 2006 2005
2148 2141 2138 2134 2130 2121 2116 2114 2105 2097 2095 2094 2098 2100 2100 2099 2101 2106 2111 2122 2129 2135 2148 2160 2176 2195 2217 2239 2258 2281 2303 2325 2347 2369 2393 2412 2433 2446 2463 2498 2519 2543 2566 2590 2613 2632 2656 2679 2705 2729 2753 2776 2796 2812 2813 2823 2810 2793 2771 2741 2721 2703 2682 2644 2628 2604 2579 2562 2534 2507 2355 2119 2112 2108 2101 2069 2027 1985 1981 1996 2007 2011 2006
2168 2162 2159 2152 2144 2139 2135 2126 2122 2116 2111 2112 2115 2115 2119 2119 2119 2123 2129 2143 2152 2158 2171 2185 2200 2219 2241 2262 2281 2306 2329 2352 2373 2392 2413 2434 2452 2452 2493 2518 2543 2567 2589 2610 2625 2651 2679 2700 2725 2748 2770 2788 2807 2808 2811 2823 2819 2795 2784 2690 2679 2726 2705 2683 2656 2628 2591 2580 2553 2519 2329 2073 2104 2100 2079 2050 2008 1962 1960 1972 1990 2001 2007
2190 2184 2176 2168 2160 2153 2151 2145 2136 2130 2131 2132 2134 2129 2132 2137 2138 2144 2151 2163 2175 2181 2192 2207 2224 2244 2265 2287 2304 2327 2347 2370 2393 2414 2437 2458 2475 2479 2509 2535 2563 2588 2609 2624 2558 2658 2695 2720 2743 2762 2784 2796 2799 2810 2786 2791 2801 2760 2745 2643 2638 2745 2724 2706 2679 2658 2630 2588 2555 2482 2190 2035 2062 2051 2027 1998 1961 1935 1927 1939 1952 1946 1932
2210 2201 2189 2181 2174 2169 2163 2163 2153 2143 2147 2151 2156 2151 2149 2153 2162 2162 2171 2182 2200 2203 2215 2230 2247 2268 2288 2308 2329 2350 2373 2394 2416 2437 2460 2481 2502 2511 2524 2553 2587 2611 2619 2631 2585 2682 2710 2738 2758 2778 2799 2810 2775 2820 2806 2823 2817 2811 2767 2777 2776 2763 2744 2722 2696 2675 2646 2615 2520 2291 2029 2008 1982 1959 1949 1934 1921 1908 1905 1910 1922 1908 1909
2229 2215 2205 2195 2190 2182 2176 2175 2165 2165 2172 2173 2174 2173 2169 2172 2179 2186 2191 2202 2218 2230 2241 2255 2270 2290 2312 2329 2351 2373 2395 2417 2435 2457 2483 2504 2524 2542 2543 2570 2611 2635 2640 2646 2658 2692 2728 2742 2770 2790 2812 2820 2798 2802 2827 2802 2807 2818 2800 2802 2794 2779 2760 2740 2712 2674 2669 2620 2442 2173 2045 1990 1950 1923 1919 1908 1899 1893 1888 1879 1897 1880 1889
2237 2226 2218 2206 2200 2195 2189 2184 2178 2188 2186 2192 2190 2195 2191 2190 2195 2204 2211 2221 2234 2254 2261 2277 2295 2315 2336 2355 2375 2396 2417 2442 2462 2484 2506 2527 2549 2570 2581 2611 2634 2654 2674 2689 2678 2643 2724 2748 2786 2803 2821 2834 2834 2809 2795 2801 2825 2834 2829 2821 2809 2791 2778 2761 2733 2709 2679 2570 2282 2117 2010 1970 1957 1911 1908 1900 1897 1890 1878 1876 1874 1869 1873
2244 2236 2227 2220 2213 2208 2203 2196 2198 2200 2201 2205 2205 2211 2212 2216 2220 2226 2233 2244 2257 2272 2288 2302 2320 2338 2359 2380 2400 2422 2443 2463 2485 2508 2530 2549 2573 2593 2613 2633 2658 2676 2694 2686 2638 2709 2716 2713 2787 2793 2830 2844 2851 2804 2823 2749 2836 2847 2839 2832 2819 2807 2790 2770 2748 2726 2688 2644 2453 2144 1990 2065 2039 1903 1895 1898 1932 1910 1882 1880 1875 1871 1877
2252 2244 2237 2228 2223 2218 2214 2207 2214 2217 2220 2221 2223 2230 2234 2240 2246 2252 2255 2264 2278 2292 2308 2327 2344 2362 2382 2406 2425 2446 2468 2490 2512 2532 2553 2574 2597 2618 2637 2658 2679 2697 2713 2685 2665 2753 2741 2749 2725 2808 2839 2851 2851 2840 2785 2700 2739 2811 2853 2842 2833 2812 2798 2769 2756 2720 2680 2547 2291 2050 2084 2282 2250 1928 1899 1916 1945 1923 1904 1888 1883 1882 1881
2261 2254 2247 2240 2235 2233 2227 2225 2230 2232 2237 2241 2243 2248 2253 2263 2269 2274 2280 2289 2303 2317 2331 2347 2369 2388 2408 2430 2451 2472 2493 2515 2537 2557 2577 2599 2619 2639 2660 2679 2697 2719 2734 2701 2700 2765 2774 2786 2749 2828 2842 2853 2858 2854 2832 2810 2829 2808 2864 2854 2846 2834 2813 2784 2770 2666 2414 2316 2369 2311 2377 2431 2302 1935 1949 2018 2007 1923 1904 1894 1901 1894 1889
2271 2266 2257 2253 2249 2247 2239 2245 2247 2248 2255 2262 2267 2268 2277 2284 2292 2298 2307 2314 2327 2342 2356 2375 2394 2416 2434 2454 2479 2497 2521 2542 2562 2583 2602 2624 2644 2663 2684 2702 2718 2739 2750 2720 2753 2770 2780 2806 2800 2826 2831 2861 2865 2866 2852 2859 2869 2863 2869 2866 2857 2843 2797 2794 2797 2573 2306 2490 2466 2499 2505 2481 2438 2258 2291 2125 2096 1976 1944 1909 1926 1933 1914
2283 2277 2272 2268 2264 2262 2259 2261 2265 2268 2275 2283 2291 2296 2299 2307 2315 2323 2329 2339 2352 2367 2384 2403 2422 2444 2462 2483 2505 2527 2549 2568 2587 2609 2629 2646 2667 2686 2707 2723 2745 2755 2771 2772 2783 2777 2811 2823 2802 2802 2836 2859 2864 2871 2874 2879 2878 2877 2869 2868 2862 2852 2798 2612 2713 2635 2346 2379 2485 2521 2517 2506 2479 2446 2342 2241 1978 1981 1960 1930 1920 1915 1907
2295 2291 2289 2287 2283 2279 2282 2280 2284 2290 2302 2312 2318 2325 2332 2336 2342 2347 2358 2363 2376 2392 2410 2429 2449 2468 2489 2512 2535 2555 2577 2598 2615 2635 2654 2672 2693 2711 2731 2747 2765 2781 2793 2806 2757 2810 2828 2825 2801 2804 2844 2851 2850 2852 2878 2885 2880 2862 2841 2845 2862 2831 2796 2721 2459 2192 2303 2248 2476 2483 2513 2525 2501 2447 2368 2033 2012 1984 1936 1927 1920 1922 1921
2311 2307 2305 2306 2307 2306 2306 2304 2307 2318 2330 2344 2353 2360 2364 2369 2370 2376 2385 2393 2402 2415 2436 2457 2477 2502 2520 2542 2565 2585 2608 2627 2647 2666 2681 2700 2719 2738 2754 2773 2786 2803 2816 2825 2778 2846 2858 2853 2805 2779 2796 2825 2799 2822 2855 2866 2841 2859 2825 2835 2841 2778 2584 2784 2650 2306 2246 2241 2368 2438 2507 2539 2508 2423 2309 2134 2065 2018 1958 1952 1948 1944 1930
2328 2326 2327 2329 2336 2337 2340 2335 2339 2353 2372 2382 2391 2399 2404 2407 2408 2411 2414 2424 2430 2445 2463 2486 2508 2531 2554 2576 2595 2619 2640 2657 2674 2693 2714 2731 2746 2763 2781 2798 2812 2828 2841 2851 2841 2870 2872 2858 2817 2781 2772 2773 2760 2783 2786 2827 2818 2857 2865 2850 2824 2734 2511 2500 2536 2466 2318 2213 2240 2349 2467 2557 2537 2385 2217 2076 2001 2059 2056 2045 1988 2002 1967
2345 2346 2355 2363 2368 2380 2382 2385 2391 2405 2421 2434 2441 2447 2451 2448 2449 2446 2450 2453 2460 2474 2492 2516 2542 2566 2589 2610 2630 2652 2675 2691 2703 2724 2740 2759 2777 2794 2810 2820 2837 2854 2864 2872 2863 2884 2874 2836 2801 2770 2739 2720 2727 2745 2676 2760 2863 2877 2851 2809 2759 2743 2490 2298 2343 2223 2234 2152 2136 2221 2408 2557 2599 2575 2511 2272 2165 2399 2378 2293 2241 2122 2014
2362 2370 2386 2398 2413 2427 2437 2444 2455 2469 2479 2491 2497 2501 2502 2498 2494 2490 2487 2489 2497 2507 2527 2553 2577 2604 2624 2646 2668 2686 2705 2721 2731 2750 2769 2787 2802 2822 2840 2856 2868 2878 2889 2896 2902 2910 2890 2840 2791 2738 2677 2633 2650 2673 2611 2745 2810 2861 2911 2910 2874 2629 2591 2426 2250 2299 2222 2162 2162 2156 2397 2560 2640 2620 2571 2399 2415 2481 2471 2428 2407 2227 2071
2385 2400 2422 2446 2466 2482 2499 2512 2527 2538 2547 2557 2562 2563 2561 2557 2547 2538 2530 2533 2543 2553 2571 2598 2618 2642 2665 2686 2705 2725 2738 2751 2757 2778 2796 2816 2832 2850 2872 2889 2899 2907 2918 2924 2931 2928 2907 2866 2807 2735 2664 2592 2574 2568 2535 2674 2815 2880 2931 2947 2949 2854 2834 2617 2369 2400 2336 2256 2201 2278 2482 2638 2675 2698 2659 2578 2505 2487 2506 2482 2447 2264 2163
2409 2435 2467 2495 2524 2549 2570 2587 2601 2616 2625 2632 2634 2632 2631 2620 2611 2598 2586 2590 2603 2614 2629 2650 2667 2689 2708 2726 2744 2758 2773 2785 2794 2809 2824 2844 2864 2882 2904 2919 2931 2940 2954 2960 2962 2955 2935 2897 2846 2798 2795 2803 2751 2525 2584 2719 2797 2821 2880 2953 2960 2918 2724 2563 2612 2565 2524 2541 2497 2592 2587 2603 2732 2725 2706 2657 2599 2549 2537 2507 2462 2320 2366
2443 2482 2522 2561 2592 2624 2650 2670 2685 2699 2708 2712 2714 2713 2706 2696 2686 2672 2665 2664 2670 2681 2691 2707 2721 2738 2754 2769 2785 2797 2810 2823 2832 2844 2862 2882 2898 2917 2935 2950 2963 2973 2984 2992 2999 2974 2977 2927 2884 2915 2887 2868 2758 2589 2603 2695 2750 2848 2894 2956 2961 2970 2857 2789 2798 2603 2697 2754 2727 2744 2462 2421 2705 2664 2688 2682 2654 2573 2563 2527 2476 2443 2399
2506 2551 2597 2641 2679 2710 2737 2760 2776 2789 2798 2801 2802 2799 2790 2779 2767 2755 2746 2744 2746 2751 2758 2768 2780 2791 2800 2815 2829 2840 -9999 2860 2874 -9999 2902 2915 2934 2953 2970 2983 2996 3008 3020 3026 3030 3025 3019 2965 2953 2937 2928 2880 2763 2629 2680 2743 2825 2881 2920 2954 2987 3009 2880 2969 2736 2566 2818 2888 2861 2843 2812 2776 2727 2716 2697 2647 2653 2599 2580 2552 2508 2470 2424
2599 2641 2691 2733 2773 2805 2835 2857 2874 2885 2894 2896 2897 2887 2880 2867 2854 2842 2832 2826 2824 2825 2829 2832 2839 2844 2852 2860 2871 2879 -9999 -9999 2911 2925 2939 2956 2973 2991 3007 3019 3026 3046 3054 3060 3062 3051 3053 3027 2982 2926 2908 2813 2747 2746 2754 2817 2848 2882 2909 2941 2977 3003 3048 2990 2526 2563 2989 2954 2908 2920 2868 2832 2814 2785 2752 2713 2683 2637 2605 2566 2527 2486 2442
2709 2751 2798 2841 2881 2914 2941 2962 2978 2988 2996 2998 2994 2985 2972 2958 2943 2929 2916 2908 2903 2899 2897 2896 2899 2901 2904 2909 2915 2922 2931 -9999 -9999 2965 2980 2997 3010 3031 3044 3057 3072 3083 3092 3096 3094 3084 3084 3057 3009 2973 2940 2807 2806 2800 2811 2835 2852 2876 2902 2929 2975 2993 3046 3080 2760 2913 3054 2985 2990 2953 2912 2884 2843 2814 2776 2736 2700 2663 2623 2581 2543 2502 2457
-9999 2871 2917 2958 2996 3029 3054 3073 3085 3096 3100 3099 3094 3083 3067 3050 3031 3013 2999 2986 2979 2972 2966 2961 2956 2955 2954 2955 2959 2965 2973 2981 -9999 -9999 -9999 -9999 3049 -9999 3083 -9999 3111 3122 3132 3137 3138 3124 3115 3107 3082 3042 2958 2829 2829 2832 2829 2836 2846 2860 2881 2895 2950 2973 3032 3135 3056 3093 3051 3018 2997 2969 2935 2895 2864 2824 2785 2748 2713 2674 2643 2602 2561 2515 2474
2949 -9999 3042 3084 3121 3150 3170 3187 3197 3206 3207 3206 3197 3183 3164 3141 3121 3098 3081 3065 3055 3045 3034 3022 3013 3005 3001 3001 3001 3006 3010 3019 -9999 -9999 -9999 -9999 -9999 -9999 3120 3135 3150 3162 3173 3177 3176 3176 3161 3138 3123 3083 2962 2869 2857 2847 2820 2810 2810 2820 2834 2851 2908 2956 3029 3111 3086 3053 3025 3005 3003 2976 2937 2902 2870 2835 2796 2760 2727 2691 2658 2618 2567 2531 2490
3074 3129 -9999 -9999 3254 3280 3293 3304 3311 3313 3314 3311 3303 3283 3256 3229 3200 3177 3154 3138 3127 3115 3098 3079 3064 3054 3046 3042 3039 3042 3046 3058 -9999 -9999 -9999 -9999 -9999 3139 3157 3177 3191 3206 3212 3218 3223 3219 3212 3193 3154 3141 3099 3005 2881 2896 2863 2784 2763 2744 2756 2823 2894 2947 2980 3033 3027 3027 3014 3015 2997 2966 2939 2912 2881 2847 2809 2775 2731 2702 2666 2622 2579 2543 2500
-9999 -9999 -9999 -9999 -9999 3408 3416 3418 3418 3416 3415 3413 3406 3379 3345 3307 3275 3246 3220 3202 3187 3174 3152 3131 3112 3095 3085 3079 3077 3077 3082 -9999 -9999 -9999 -9999 -9999 -9999 3178 3194 3213 -9999 3249 -9999 3269 3271 3270 3261 3243 3215 3172 3126 3052 2992 2908 2893 2840 2791 2740 2779 2835 2911 2963 2976 2999 3010 3013 3006 3000 2990 2964 2939 2915 2884 2846 2815 2780 2741 2704 2662 2629 2596 2566 2527
3329 -9999 3459 -9999 -9999 -9999 -9999 -9999 3518 -9999 3506 -9999 3500 3469 3422 3379 3339 3306 3279 3253 3234 3213 3194 -9999 -9999 -9999 -9999 -9999 -9999 -9999 -9999 -9999 -9999 -9999 -9999 -9999 -9999 3211 3233 3248 -9999 3284 3307 -9999 3323 -9999 3309 3297 3264 3225 3177 3120 3048 3012 2932 2883 2835 2799 2836 2898 2942 2960 2988 3007 3014 3019 3015 3004 2985 2966 2944 2912 2885 2856 2819 2783 2750 2712 2677 2643 2613 2582 2467
3446 3526 3601 3652 -9999 -9999 3642 3623 -9999 -9999 3580 3570 3559 3524 3476 3432 3392 3350 3319 3288 3261 3236 -9999 -9999 -9999 -9999 -9999 -9999 -9999 -9999 -9999 -9999 -9999 -9999 -9999 -9999 -9999 3245 3267 3291 3318 -9999 3350 -9999 3358 3375 3369 3345 3319 3282 3238 3173 3092 3045 2950 2892 2885 2876 2911 2962 2959 2953 3011 3023 3027 3030 3028 3013 2994 2967 2946 2918 2891 2867 2829 2790 2764 2724 2695 2664 2623 2594 2454
