Map_Files/Contemporary/bio12.asc
NCOLS 312 
NROWS 528 
XLLCORNER 7.000000002 
YLLCORNER -10 
CELLSIZE 0.0416666666666667 
NODATA_value -9999 
[rows 432 to 467 of 528, columns 166 to 248 of 312]
1068 1105 1122 1111 1150 1192 1170 1189 1234 1240 1250 1251 1258 1257 1261 1257 1263 1269 1269 1265 1262 1258 1253 1246 1236 1226 1218 1208 1202 1218 1227 1242 1257 1274 1293 1310 1326 1341 1350 1362 1375 1384 1394 1400 1417 1436 1446 1440 1442 1428 1443 1459 1453 1455 1461 1444 1438 1449 1452 1463 1453 1471 1467 1462 1438 1473 1478 1464 1511 1557 1571 1585 1574 1591 1594 1576 1572 1519 1516 1573 1611 1614 1619
1068 1098 1101 1106 1152 1187 1165 1179 1219 1245 1245 1250 1264 1257 1260 1256 1260 1265 1266 1266 1258 1255 1248 1243 1228 1221 1215 1208 1209 1212 1221 1235 1248 1264 1280 1299 1316 1331 1342 1351 1361 1371 1379 1388 1407 1421 1429 1432 1424 1422 1439 1454 1454 1458 1445 1434 1444 1457 1455 1472 1458 1456 1445 1460 1441 1446 1482 1458 1470 1481 1530 1562 1571 1579 1593 1593 1590 1524 1500 1573 1603 1618 1618
1067 1089 1090 1110 1167 1191 1166 1174 1205 1251 1243 1247 1257 1254 1257 1259 1261 1264 1268 1266 1260 1252 1244 1234 1225 1219 1215 1214 1214 1215 1225 1233 1245 1257 1277 1295 1312 1321 1331 1343 1354 1366 1370 1378 1396 1412 1423 1429 1422 1414 1427 1444 1451 1451 1437 1431 1434 1436 1444 1467 1453 1449 1449 1440 1432 1438 1432 1447 1456 1467 1488 1544 1568 1569 1593 1584 1590 1532 1517 1513 1583 1614 1619
1074 1090 1094 1101 1150 1178 1163 1170 1191 1237 1244 1243 1248 1250 1251 1257 1259 1263 1270 1270 1256 1247 1240 1232 1229 1216 1214 1220 1220 1220 1225 1233 1245 1253 1272 1284 1302 1313 1321 1333 1346 1358 1360 1370 1386 1401 1408 1409 1411 1406 1414 1423 1443 1440 1427 1440 1436 1441 1442 1452 1450 1444 1437 1438 1441 1466 1453 1425 1449 1461 1469 1480 1562 1563 1586 1589 1587 1539 1537 1499 1570 1609 1625
1070 1089 1099 1104 1124 1165 1167 1170 1192 1221 1240 1240 1242 1244 1244 1249 1256 1261 1267 1266 1249 1247 1248 1239 1228 1216 1217 1224 1219 1217 1223 1230 1241 1250 1262 1281 1295 1306 1319 1324 1335 1344 1353 1356 1372 1395 1398 1404 1399 1395 1414 1418 1431 1430 1425 1435 1429 1446 1438 1453 1454 1443 1435 1450 1453 1460 1436 1423 1448 1459 1485 1518 1566 1557 1578 1594 1596 1526 1539 1498 1549 1594 1615
1066 1077 1082 1116 1121 1146 1166 1176 1191 1205 1232 1236 1235 1238 1238 1241 1247 1256 1260 1261 1248 1248 1245 1238 1225 1216 1210 1220 1218 1220 1227 1231 1240 1247 1257 1273 1287 1300 1309 1321 1330 1337 1342 1344 1352 1359 1373 1379 1391 1389 1412 1413 1434 1426 1424 1433 1428 1438 1445 1448 1440 1436 1446 1447 1455 1462 1428 1426 1448 1465 1497 1552 1568 1556 1571 1585 1581 1551 1506 1494 1519 1587 1603
1066 1064 1073 1098 1106 1121 1161 1174 1178 1191 1216 1228 1231 1234 1226 1233 1242 1254 1255 1255 1253 1247 1239 1227 1217 1212 1213 1223 1223 1226 1230 1232 1237 1251 1254 1270 1279 1298 1304 1316 1322 1332 1339 1344 1356 1371 1382 1385 1390 1390 1410 1409 1428 1430 1431 1450 1431 1439 1453 1456 1445 1444 1453 1456 1470 1452 1416 1416 1429 1449 1460 1504 1562 1562 1557 1579 1581 1530 1507 1493 1496 1589 1605
1061 1057 1058 1073 1085 1105 1132 1154 1168 1187 1198 1218 1220 1228 1217 1223 1230 1246 1250 1248 1248 1241 1227 1216 1210 1207 1219 1229 1227 1225 1228 1231 1237 1251 1253 1269 1279 1291 1300 1311 1318 1324 1335 1336 1359 1370 1379 1383 1384 1386 1445 1403 1434 1447 1444 1450 1431 1461 1454 1466 1468 1434 1470 1492 1464 1423 1410 1415 1439 1449 1472 1486 1523 1570 1553 1561 1583 1552 1507 1510 1488 1546 1600
1055 1044 1049 1064 1066 1083 1120 1159 1166 1178 1181 1199 1207 1216 1209 1207 1216 1230 1238 1240 1240 1233 1214 1208 1202 1213 1217 1224 1220 1221 1224 1228 1237 1245 1251 1266 1280 1294 1300 1304 1320 1326 1333 1333 1356 1368 1375 1381 1382 1377 1415 1404 1438 1451 1444 1438 1418 1446 1465 1477 1456 1457 1472 1515 1459 1414 1393 1416 1439 1454 1451 1464 1492 1559 1561 1552 1566 1534 1508 1496 1486 1527 1562
1040 1035 1039 1044 1062 1073 1133 1151 1165 1170 1177 1187 1192 1205 1199 1191 1200 1214 1231 1229 1234 1220 1201 1197 1210 1218 1217 1221 1218 1222 1224 1226 1240 1244 1250 1265 1279 1292 1296 1305 1322 1324 1332 1333 1341 1361 1374 1374 1370 1370 1414 1416 1431 1443 1437 1430 1419 1456 1458 1474 1464 1440 1479 1518 1452 1440 1388 1394 1424 1435 1438 1463 1482 1499 1542 1551 1554 1503 1507 1513 1507 1490 1497
1022 1027 1024 1043 1083 1084 1122 1138 1145 1156 1167 1180 1181 1184 1178 1170 1183 1205 1221 1225 1210 1196 1189 1194 1218 1223 1220 1220 1218 1226 1225 1229 1238 1241 1249 1261 1271 1285 1298 1308 1318 1321 1329 1333 1345 1361 1370 1363 1369 1368 1412 1414 1443 1437 1431 1428 1414 1446 1460 1477 1457 1443 1473 1500 1480 1436 1388 1391 1413 1412 1423 1437 1460 1485 1561 1552 1531 1509 1507 1518 1518 1509 1519
1009 1012 1028 1067 1085 1083 1105 1114 1124 1135 1151 1162 1165 1158 1149 1150 1161 1195 1214 1193 1180 1178 1174 1201 1214 1218 1219 1218 1219 1222 1224 1232 1237 1237 1251 1263 1273 1282 1296 1308 1311 1317 1329 1324 1336 1357 1365 1375 1374 1370 1415 1414 1452 1432 1430 1425 1415 1428 1442 1460 1461 1452 1449 1477 1508 1457 1387 1374 1386 1396 1416 1443 1458 1478 1536 1559 1550 1564 1545 1536 1540 1501 1570
1002 1003 1050 1061 1072 1070 1079 1094 1104 1113 1129 1142 1148 1133 1129 1130 1141 1156 1173 1159 1159 1158 1171 1210 1207 1213 1214 1212 1215 1220 1224 1232 1236 1240 1253 1262 1272 1284 1292 1308 1313 1328 1328 1327 1334 1345 1372 1393 1376 1374 1412 1408 1442 1438 1436 1431 1420 1426 1442 1450 1472 1449 1456 1492 1504 1443 1395 1368 1387 1397 1400 1415 1441 1464 1480 1526 1545 1563 1558 1561 1551 1496 1539
984 997 1039 1053 1059 1056 1067 1079 1089 1093 1103 1116 1130 1107 1109 1112 1121 1127 1133 1137 1140 1146 1180 1202 1204 1204 1207 1212 1216 1219 1226 1234 1242 1246 1254 1259 1275 1287 1293 1312 1319 1321 1318 1335 1344 1347 1365 1387 1387 1372 1399 1411 1421 1444 1424 1422 1418 1425 1440 1456 1459 1448 1444 1493 1501 1498 1432 1367 1383 1389 1410 1423 1427 1445 1471 1497 1538 1561 1559 1572 1537 1517 1521
972 996 1021 1032 1039 1047 1045 1056 1072 1075 1082 1095 1104 1096 1086 1092 1099 1107 1112 1123 1139 1171 1192 1195 1198 1199 1202 1206 1214 1222 1226 1238 1240 1243 1255 1260 1278 1292 1294 1311 1317 1317 1313 1330 1349 1358 1373 1386 1390 1375 1393 1411 1416 1446 1436 1420 1424 1415 1430 1438 1456 1450 1442 1467 1508 1475 1429 1357 1374 1399 1408 1424 1441 1457 1486 1541 1527 1557 1555 1556 1521 1529 1521
973 993 1002 1007 1018 1029 1024 1028 1044 1045 1052 1060 1067 1082 1066 1074 1080 1087 1096 1111 1108 1148 1171 1188 1193 1201 1206 1211 1215 1223 1232 1243 1244 1247 1258 1262 1281 1294 1298 1313 1315 1316 1312 1343 1353 1369 1372 1382 1379 1365 1394 1410 1431 1422 1424 1420 1421 1406 1421 1431 1441 1447 1439 1462 1506 1477 1399 1360 1352 1384 1417 1432 1461 1488 1489 1501 1511 1550 1558 1523 1507 1526 1524
962 977 975 984 998 1006 1003 998 1004 1007 1012 1020 1025 1043 1050 1054 1062 1069 1076 1084 1093 1128 1157 1169 1185 1188 1203 1212 1219 1230 1237 1247 1247 1256 1260 1267 1289 1298 1300 1311 1321 1317 1311 1335 1348 1363 1376 1380 1376 1370 1394 1424 1436 1419 1436 1427 1419 1395 1414 1429 1441 1447 1440 1464 1507 1509 1451 1371 1347 1378 1428 1453 1467 1475 1495 1495 1492 1520 1528 1513 1506 1529 1540
946 949 951 968 971 972 978 972 966 979 997 1015 1013 1016 1024 1035 1045 1056 1063 1072 1087 1129 1148 1156 1167 1178 1198 1214 1223 1233 1246 1249 1250 1266 1269 1274 1293 1302 1304 1315 1325 1319 1310 1334 1341 1354 1375 1384 1386 1372 1390 1403 1439 1425 1444 1436 1410 1389 1388 1415 1430 1442 1435 1443 1483 1480 1433 1373 1343 1353 1399 1435 1455 1446 1476 1482 1468 1496 1530 1525 1509 1545 1552
919 919 930 943 940 939 940 937 941 968 987 1002 996 988 1003 1014 1021 1037 1045 1058 1080 1117 1129 1150 1165 1176 1187 1200 1222 1240 1253 1257 1258 1269 1272 1282 1297 1307 1306 1320 1328 1325 1307 1351 1362 1373 1378 1385 1378 1372 1382 1406 1435 1431 1440 1424 1412 1402 1363 1408 1425 1438 1435 1444 1459 1420 1402 1361 1347 1345 1380 1422 1427 1430 1470 1449 1445 1474 1493 1501 1513 1544 1529
894 892 905 916 905 906 914 917 928 944 962 979 993 986 977 987 1004 1016 1027 1037 1052 1083 1130 1144 1156 1174 1186 1210 1228 1242 1255 1263 1267 1275 1277 1291 1308 1314 1312 1325 1333 1322 1312 1328 1340 1372 1380 1389 1383 1382 1374 1394 1409 1436 1425 1413 1408 1387 1357 1383 1414 1425 1434 1441 1451 1417 1383 1360 1355 1335 1364 1385 1395 1420 1440 1418 1448 1454 1477 1477 1499 1540 1516
869 871 878 882 876 872 882 891 906 922 938 953 949 974 969 971 982 996 1010 1027 1073 1057 1106 1145 1160 1177 1192 1209 1227 1240 1255 1275 1277 1285 1288 1293 1312 1321 1316 1331 1334 1331 1315 1344 1353 1361 1383 1391 1387 1379 1371 1400 1413 1425 1420 1393 1362 1372 1344 1372 1386 1414 1425 1427 1425 1410 1385 1367 1347 1346 1333 1368 1397 1393 1400 1395 1418 1429 1441 1452 1470 1507 1497
841 848 842 842 843 853 861 874 892 907 920 927 945 945 942 953 975 976 1012 1015 1043 1079 1074 1107 1146 1170 1199 1223 1231 1241 1261 1281 1281 1292 1290 1301 1314 1322 1320 1334 1340 1327 1317 1346 1368 1371 1382 1389 1385 1380 1369 1392 1407 1416 1408 1384 1362 1342 1332 1352 1379 1405 1412 1409 1420 1397 1388 1380 1360 1361 1337 1327 1377 1364 1378 1410 1409 1423 1427 1420 1447 1492 1488
817 820 814 825 831 836 840 853 870 890 905 909 924 937 925 933 951 965 986 1010 1051 1078 1099 1117 1121 1158 1183 1211 1234 1251 1273 1290 1292 1298 1302 1309 1327 1333 1328 1337 1354 1340 1321 1343 1353 1371 1383 1385 1378 1369 1361 1382 1395 1404 1393 1374 1356 1357 1342 1346 1372 1407 1397 1390 1417 1408 1410 1385 1377 1374 1358 1335 1348 1349 1363 1391 1389 1400 1402 1415 1432 1464 1477
789 787 794 809 818 829 816 831 846 865 881 892 897 904 898 916 931 962 1004 1031 1046 1077 1101 1121 1138 1159 1177 1202 1237 1253 1281 1299 1300 1308 1312 1314 1330 1344 1345 1355 1359 1329 1320 1331 1344 1351 1380 1385 1381 1366 1361 1371 1387 1392 1371 1355 1349 1318 1314 1310 1349 1376 1377 1382 1409 1417 1399 1386 1358 1352 1347 1331 1355 1383 1368 1378 1371 1398 1414 1421 1440 1455 1460
774 770 774 781 786 798 809 807 821 837 845 857 870 887 888 901 921 942 967 1016 1063 1081 1098 1133 1175 1207 1219 1255 1274 1286 1305 1311 1317 1323 1320 1325 1331 1347 1363 1368 1358 1345 1326 1337 1346 1368 1376 1376 1366 1366 1373 1368 1388 1381 1370 1359 1339 1308 1336 1305 1317 1350 1342 1365 1383 1393 1387 1381 1375 1363 1361 1326 1323 1345 1372 1400 1390 1392 1403 1421 1430 1431 1449
755 748 750 755 764 776 776 774 779 792 808 828 850 860 866 888 941 931 952 982 1020 1067 1112 1147 1198 1248 1278 1287 1298 1303 1319 1325 1329 1333 1332 1335 1337 1344 1359 1377 1380 1357 1333 1329 1353 1369 1373 1363 1363 1372 1366 1365 1373 1360 1359 1355 1324 1334 1322 1302 1298 1323 1318 1334 1370 1380 1346 1350 1354 1336 1339 1333 1319 1317 1357 1380 1402 1407 1415 1414 1415 1429 1436
731 727 727 728 737 748 748 753 762 786 794 793 814 834 854 872 953 937 933 961 993 1031 1078 1187 1218 1246 1283 1309 1317 1319 1329 1335 1341 1345 1346 1345 1350 1352 1362 1376 1383 1389 1343 1330 1346 1354 1365 1369 1368 1368 1363 1365 1368 1354 1350 1341 1331 1343 1318 1300 1290 1303 1333 1358 1364 1363 1345 1320 1318 1323 1324 1329 1294 1317 1353 1360 1381 1391 1391 1406 1418 1414 1425
710 709 703 702 708 713 720 728 743 759 784 772 803 841 828 860 887 909 931 942 969 1008 1054 1143 1251 1267 1291 1307 1326 1335 1343 1347 1351 1356 1359 1356 1359 1363 1373 1367 1381 1372 1356 1336 1347 1364 1380 1373 1371 1365 1361 1372 1370 1363 1354 1348 1349 1332 1304 1307 1289 1288 1320 1317 1338 1352 1332 1323 1323 1323 1333 1320 1291 1309 1347 1360 1346 1357 1396 1400 1393 1409 1423
690 686 680 681 687 691 697 710 718 731 748 761 785 845 844 829 868 909 937 953 970 985 1020 1085 1239 1281 1306 1319 1333 1345 1356 1356 1362 1368 1368 1369 1371 1369 1375 1366 1374 1365 1354 1350 1358 1368 1379 1382 1367 1364 1364 1362 1355 1365 1364 1360 1349 1325 1305 1329 1300 1283 1291 1307 1304 1326 1350 1326 1334 1323 1319 1320 1288 1294 1316 1330 1349 1365 1377 1365 1384 1412 1400
664 666 666 664 664 664 670 676 690 708 727 760 798 794 818 811 837 875 923 962 988 990 1010 1049 1127 1276 1319 1329 1343 1353 1361 1366 1371 1377 1379 1380 1378 1381 1371 1367 1370 1361 1355 1347 1361 1370 1372 1378 1369 1364 1354 1348 1345 1348 1347 1333 1317 1299 1308 1309 1295 1288 1277 1294 1309 1307 1323 1307 1310 1312 1317 1315 1296 1286 1310 1335 1355 1346 1349 1353 1380 1390 1394
647 633 627 635 643 650 657 682 701 708 726 709 732 781 794 803 829 861 924 964 1005 1013 1019 1033 1076 1164 1312 1338 1350 1357 1366 1375 1381 1383 1386 1385 1390 1384 1373 1369 1362 1357 1356 1355 1354 1361 1369 1374 1367 1355 1345 1336 1332 1326 1340 1315 1305 1307 1299 1297 1291 1289 1287 1277 1297 1305 1313 1312 1324 1327 1310 1303 1297 1276 1292 1325 1337 1334 1329 1353 1352 1366 1396
616 598 598 598 617 624 626 648 659 675 699 710 691 710 805 801 801 833 870 975 999 1045 1041 1051 1081 1154 1227 1336 1357 1368 1375 1382 1388 1390 1391 1392 1394 1389 1375 1376 1376 1374 1364 1352 1362 1356 1365 1366 1359 1346 1327 1313 1307 1299 1305 1289 1279 1285 1287 1289 1290 1298 1296 1267 1284 1287 1295 1313 1301 1301 1295 1302 1311 1297 1273 1293 1315 1311 1324 1332 1353 1349 1359
587 586 577 567 562 567 590 598 615 622 643 654 691 696 705 771 770 800 838 928 1066 1034 1074 1081 1153 1186 1248 1305 1360 1374 1381 1387 1391 1396 1398 1400 1398 1394 1382 1385 1383 1378 1370 1355 1355 1359 1352 1357 1362 1344 1327 1308 1295 1289 1288 1268 1256 1261 1267 1263 1280 1267 1272 1258 1256 1264 1289 1295 1308 1296 1300 1299 1305 1311 1288 1276 1284 1321 1324 1334 1345 1365 1362
560 577 559 547 542 534 533 543 583 580 602 622 658 708 684 716 741 775 813 869 1051 1114 1081 1120 1167 1265 1294 1325 1357 1375 1385 1391 1393 1400 1403 1403 1403 1397 1387 1388 1380 1375 1362 1357 1356 1361 1358 1351 1352 1337 1327 1306 1297 1278 1258 1247 1236 1236 1243 1245 1240 1250 1250 1267 1285 1251 1262 1277 1290 1303 1303 1303 1297 1314 1299 1276 1271 1300 1311 1326 1337 1348 1363
526 534 537 520 517 513 512 511 519 543 565 624 634 699 694 684 731 754 864 883 930 1150 1128 1149 1170 1228 1325 1362 1368 1384 1389 1392 1396 1402 1402 1402 1404 1398 1392 1388 1385 1376 1366 1361 1356 1360 1363 1359 1347 1347 1331 1302 1282 1272 1262 1255 1251 1235 1221 1226 1254 1258 1262 1281 1277 1272 1247 1268 1277 1290 1285 1288 1291 1289 1268 1273 1283 1274 1292 1322 1331 1341 1370
501 509 512 491 492 493 498 500 498 502 513 530 577 598 718 649 682 719 761 1013 918 1064 1210 1187 1217 1237 1320 1377 1390 1391 1390 1393 1397 1401 1402 1401 1402 1398 1390 1378 1371 1367 1359 1357 1358 1359 1356 1347 1347 1342 1331 1311 1288 1280 1273 1261 1252 1231 1223 1238 1257 1261 1257 1272 1276 1268 1252 1246 1268 1285 1293 1285 1290 1286 1255 1284 1296 1282 1282 1310 1322 1342 1346
