Map_Files/Contemporary/bio1.asc
NCOLS 312 
NROWS 528 
XLLCORNER 7.000000002 
YLLCORNER -10 
CELLSIZE 0.0416666666666667 
NODATA_value -9999 
[rows 160 to 199 of 528, columns 180 to 269 of 312]
232 233 232 231 230 230 234 236 237 237 240 242 242 243 244 243 244 246 247 245 241 238 245 248 239 239 240 243 248 252 253 251 246 241 240 238 236 234 234 236 238 238 238 241 246 247 250 247 248 243 239 244 245 240 235 234 234 233 234 235 235 236 237 237 238 239 240 242 243 242 242 243 245 246 246 245 246 245 247 249 248 249 250 250 252 253 253 250 251 253
233 232 232 230 228 228 231 234 236 238 241 242 242 244 244 243 242 245 247 245 245 244 246 249 246 245 246 247 245 248 255 252 248 242 239 239 236 235 236 235 235 236 237 240 241 243 242 244 249 244 243 247 240 237 237 237 234 234 235 235 236 236 236 237 238 240 240 240 242 242 241 242 244 245 245 245 244 244 246 248 248 247 249 251 252 253 253 251 252 252
231 231 231 230 228 228 231 234 237 238 241 241 240 243 242 244 245 245 246 247 248 246 246 246 251 252 251 251 248 249 254 255 250 242 239 240 238 236 238 236 235 236 237 239 239 239 240 242 247 246 247 244 240 238 242 236 236 235 235 235 236 236 236 237 237 239 240 240 241 242 241 241 242 243 245 244 244 243 243 246 248 248 249 251 252 251 253 253 252 253
232 231 231 229 230 232 232 234 235 235 237 238 241 242 241 241 245 247 247 249 251 250 250 241 247 250 252 253 249 249 254 255 248 243 242 241 238 238 240 237 238 236 236 237 238 241 241 241 241 246 250 244 240 239 244 236 237 236 234 235 236 237 237 237 238 238 239 239 240 241 240 240 241 242 242 242 243 242 242 244 246 248 248 250 251 250 250 252 254 252
233 233 233 232 232 233 233 235 236 236 238 237 240 242 242 242 244 246 246 247 250 253 253 248 241 241 246 253 252 246 253 256 252 244 241 241 239 239 241 238 240 237 235 236 239 237 240 241 242 243 247 248 243 241 245 240 242 236 235 234 235 237 238 238 239 239 239 239 239 240 240 240 240 242 242 242 242 243 242 243 243 248 247 248 249 248 249 251 253 253
234 234 234 234 234 233 234 235 236 237 238 239 241 241 241 244 245 244 242 243 249 250 253 252 249 243 244 250 254 250 253 256 250 245 241 241 240 240 240 242 239 238 236 236 237 237 238 239 240 243 245 246 247 242 244 243 243 237 236 236 236 236 237 237 238 239 239 239 239 240 241 241 241 242 242 242 242 242 242 244 243 247 245 246 248 249 250 251 252 254
234 235 235 235 235 234 234 235 237 237 239 241 242 240 239 242 242 243 240 244 249 251 251 253 252 251 250 254 254 254 253 256 255 250 242 242 243 242 239 242 239 240 237 238 237 237 238 238 241 240 241 243 246 246 244 247 240 239 238 237 236 235 235 236 238 238 239 240 240 240 241 242 242 242 241 242 241 241 240 241 244 248 247 247 247 248 248 249 251 254
233 236 235 236 235 235 234 235 237 237 238 242 243 241 241 239 239 238 238 241 245 245 246 249 253 254 255 255 256 256 256 255 253 245 244 244 241 244 241 243 241 240 240 240 238 239 238 237 238 240 241 241 242 246 248 244 241 242 242 239 238 234 235 237 238 238 239 239 239 240 240 240 241 242 241 241 240 240 240 241 242 246 248 246 246 247 249 250 250 251
233 236 237 237 237 237 236 237 239 238 238 240 241 243 242 241 237 236 236 237 240 246 249 250 252 249 248 251 252 248 252 256 255 251 247 247 244 243 243 244 243 241 242 238 238 239 240 239 237 240 240 239 242 243 246 245 243 246 242 242 239 236 235 237 238 239 239 238 239 239 238 239 240 241 242 240 239 240 240 240 243 246 247 247 245 245 247 248 249 250
235 235 236 238 238 238 237 238 239 239 239 238 240 242 244 243 240 236 237 237 240 245 245 245 251 244 244 246 246 247 249 251 256 254 250 249 246 246 243 243 244 242 242 240 237 237 239 241 240 239 241 239 240 239 242 247 246 241 242 243 239 236 238 237 238 239 240 240 239 239 238 238 239 240 241 240 242 242 241 240 241 245 246 247 245 243 243 245 246 249
236 236 236 237 239 238 238 237 239 240 240 240 239 239 243 245 242 238 239 237 239 242 242 244 249 246 243 244 245 248 250 253 255 256 252 250 246 248 245 244 244 244 242 239 239 239 238 239 241 240 243 239 238 240 242 245 246 245 244 240 238 238 239 237 238 239 240 240 239 239 238 237 238 239 239 241 243 244 242 241 240 242 242 244 246 249 252 246 245 250
237 237 237 237 239 239 239 237 238 240 241 241 240 241 241 244 243 242 240 239 239 239 242 244 248 245 245 241 245 243 246 251 250 254 255 251 248 248 248 245 243 245 241 240 241 240 239 240 242 241 244 240 239 240 242 243 246 243 241 240 239 242 239 239 237 238 239 240 241 240 239 237 237 238 237 240 242 243 244 240 241 240 241 245 250 256 256 256 254 256
237 238 238 239 239 240 238 239 239 240 240 241 242 242 243 243 245 244 242 241 239 238 240 243 248 246 243 240 241 245 244 246 248 249 255 251 250 248 250 247 243 245 243 242 241 239 240 240 242 243 245 241 240 240 242 245 245 242 241 239 239 243 241 240 238 237 237 238 239 240 241 239 238 238 237 237 238 238 241 243 243 244 249 251 255 256 257 257 256 256
237 238 238 239 240 240 240 239 238 239 239 240 241 242 245 245 245 242 241 239 240 241 239 242 247 243 243 241 242 244 241 243 246 251 254 251 249 248 250 246 245 244 246 243 240 239 241 240 239 241 245 242 241 243 242 244 246 241 240 238 240 243 240 240 238 237 236 237 238 238 239 243 246 238 236 236 237 238 237 241 245 253 253 254 254 255 255 257 257 256
238 238 238 239 240 240 239 238 237 239 240 241 241 242 242 243 246 243 242 240 241 243 239 241 246 243 242 242 245 247 245 244 247 248 251 252 250 250 251 248 246 245 243 242 240 240 241 242 241 241 244 244 240 241 243 245 245 240 240 239 242 242 238 239 238 236 236 237 237 238 239 241 247 238 236 236 237 244 242 246 252 254 253 253 254 254 255 257 257 256
239 239 239 239 240 241 239 238 237 238 239 239 238 240 241 243 245 246 242 242 243 242 241 239 243 244 246 243 247 249 248 248 248 248 249 251 254 252 251 247 248 245 245 241 242 240 240 240 242 243 243 244 243 242 241 244 245 242 240 240 242 240 241 241 238 237 237 238 239 239 239 240 247 238 236 236 240 247 248 251 251 253 254 253 252 254 256 256 257 257
238 239 240 240 240 241 240 239 239 240 239 239 238 238 240 243 244 246 243 242 244 242 242 239 240 242 246 249 249 249 249 250 252 251 252 251 250 253 252 247 248 245 245 242 243 241 239 240 242 243 245 245 243 244 244 244 245 244 241 241 243 241 242 240 238 238 237 239 241 242 241 241 247 240 235 236 245 247 247 247 250 253 254 252 252 252 254 254 255 257
239 238 239 241 241 241 241 240 240 240 239 240 239 238 240 242 242 245 246 245 243 243 241 241 240 242 242 245 244 246 244 248 247 247 246 245 247 249 252 250 248 246 245 243 244 241 238 240 240 241 241 245 244 244 243 241 243 246 243 240 243 242 243 241 239 238 239 240 240 242 243 244 246 242 235 238 248 244 248 247 249 251 253 253 253 252 253 252 253 256
239 239 239 239 239 240 241 240 240 241 240 240 238 240 239 240 241 242 245 245 245 244 243 241 241 243 240 242 241 243 244 247 245 245 244 244 247 249 251 249 247 243 244 245 244 243 241 238 239 240 244 244 245 246 243 240 242 244 243 241 242 243 244 242 241 241 240 238 238 240 242 244 245 247 241 243 248 244 248 246 250 252 251 253 253 253 253 250 251 256
239 239 239 240 239 240 240 241 241 241 241 241 241 241 242 241 241 242 245 246 244 241 241 241 241 244 240 239 241 241 241 244 245 244 242 245 245 248 251 249 246 245 245 241 246 245 243 241 239 241 240 241 240 245 245 240 243 243 245 242 242 242 245 243 240 240 238 239 238 239 241 241 242 248 247 247 248 247 248 249 247 249 251 251 253 254 253 253 253 255
239 240 240 240 240 239 240 240 241 241 241 242 242 242 242 243 243 244 246 246 245 242 243 242 241 243 242 241 243 243 243 241 245 246 245 245 247 248 251 251 249 248 246 242 242 244 245 240 238 238 239 239 240 244 245 243 241 243 245 246 245 243 244 242 240 241 239 239 238 238 237 238 238 246 245 248 247 246 245 249 250 251 251 252 252 253 255 255 254 255
240 240 240 241 240 240 240 240 240 241 242 243 243 242 241 242 243 244 247 245 243 244 244 241 241 242 243 243 244 244 244 244 245 246 247 246 247 246 247 251 248 247 246 241 239 241 245 243 240 239 242 239 240 240 243 245 244 244 242 244 245 244 243 241 242 241 238 238 239 239 238 239 237 244 241 245 246 244 247 246 247 249 246 251 253 253 253 254 255 255
240 241 240 241 240 240 240 241 241 240 241 242 243 242 242 242 244 244 246 246 245 245 243 241 242 244 243 244 246 246 244 244 246 245 246 247 245 244 248 250 251 247 244 241 242 240 245 240 240 241 244 239 237 240 240 240 243 242 244 243 245 244 244 243 241 240 239 238 238 239 239 240 238 242 243 245 244 244 246 245 245 246 247 250 252 252 252 253 254 254
240 241 240 241 241 240 241 241 240 240 240 241 243 244 243 242 244 245 246 247 245 246 243 242 243 244 244 244 246 246 244 244 246 247 244 244 245 247 248 249 251 249 247 244 244 241 244 242 240 241 244 241 239 241 238 239 239 242 242 245 244 245 243 242 240 241 239 240 239 240 241 241 239 241 242 243 243 241 243 241 244 244 249 251 251 251 252 252 253 254
240 241 240 241 241 241 241 241 241 241 241 240 242 243 244 243 243 243 244 246 247 246 243 242 245 243 242 242 243 245 246 246 246 247 246 244 246 247 248 248 250 251 247 247 247 243 241 244 244 244 243 241 241 241 239 238 238 240 239 243 244 244 245 243 240 241 240 241 240 240 241 242 240 241 242 243 240 239 240 241 244 247 249 250 251 250 251 252 252 253
239 240 240 241 241 241 242 241 242 242 241 241 242 243 243 242 241 242 243 244 248 246 243 244 244 243 243 245 245 245 246 245 245 246 246 245 245 247 249 248 249 250 249 250 249 246 242 240 243 243 245 245 245 243 241 237 237 236 240 240 240 242 243 244 243 241 242 240 241 240 241 242 241 242 243 244 241 238 239 244 244 248 248 249 249 250 250 251 251 252
241 241 240 241 241 242 242 242 242 241 240 241 242 243 243 242 241 243 245 246 247 247 244 246 244 242 242 243 244 245 245 245 245 245 247 246 245 248 248 249 249 250 248 248 245 243 241 237 238 242 239 242 243 246 244 239 242 240 238 237 236 238 241 243 244 243 242 240 242 242 241 241 243 243 242 244 243 239 240 245 246 248 248 248 249 250 250 251 251 251
239 240 240 241 240 240 241 241 242 241 241 241 242 242 243 242 241 242 243 245 246 248 246 245 244 241 241 241 243 245 246 247 246 246 248 247 247 248 250 250 251 249 248 248 246 245 244 239 237 238 240 239 237 242 246 245 240 236 235 236 240 241 242 239 243 244 243 241 242 242 241 239 241 243 242 239 240 242 240 244 246 243 246 248 249 249 250 250 250 251
240 240 241 240 239 239 239 240 241 242 241 242 242 241 243 242 241 242 242 244 245 247 246 244 243 239 241 241 241 244 246 246 246 247 248 247 248 248 250 251 251 249 249 247 245 244 243 243 238 236 239 236 236 239 242 246 240 237 236 237 238 239 239 237 241 243 244 242 243 242 241 240 242 242 237 237 237 241 243 243 246 239 240 247 248 248 249 249 250 251
239 239 239 239 238 238 238 239 240 241 242 242 242 242 242 242 241 241 242 244 246 247 247 245 244 242 243 241 240 244 247 248 247 248 248 247 248 249 250 251 250 247 247 247 248 246 242 239 237 236 236 236 236 237 240 245 244 238 239 237 235 236 239 240 241 239 244 244 244 241 242 240 241 242 235 237 237 237 241 244 244 236 234 244 247 248 249 249 250 250
238 238 237 238 237 237 237 239 240 239 240 241 241 241 241 242 243 242 243 245 247 248 248 246 245 245 242 238 239 242 246 247 249 248 248 248 247 249 250 252 251 250 245 243 245 247 245 243 243 239 237 237 237 236 240 242 246 242 241 237 235 239 238 237 238 240 242 244 244 242 242 240 241 241 236 237 237 237 236 238 235 235 234 238 247 247 248 249 250 249
238 237 237 237 237 237 238 239 238 238 239 239 240 241 241 241 243 244 245 246 247 247 248 248 247 245 242 238 240 243 245 247 247 248 248 248 249 248 249 250 249 247 247 243 242 243 246 243 241 239 236 239 241 240 238 242 244 246 242 237 236 240 235 234 236 239 241 242 243 244 241 240 242 241 235 237 238 238 236 236 235 235 234 236 243 247 248 248 248 248
238 236 235 236 236 237 237 237 237 237 237 238 239 239 239 241 242 243 243 245 246 246 245 245 247 248 241 238 242 245 246 248 248 249 248 248 249 248 251 250 249 247 247 244 242 239 242 240 237 236 236 237 237 242 242 240 240 243 246 243 240 241 236 235 236 237 238 237 239 244 241 239 242 240 235 236 237 237 236 236 236 234 233 236 244 245 247 247 248 247
237 237 235 235 235 236 236 236 236 236 236 237 238 238 239 240 241 242 242 243 244 245 243 241 241 246 247 237 243 245 247 249 248 249 249 249 249 249 251 249 249 249 249 247 243 238 241 240 237 236 237 238 237 239 239 237 241 239 242 245 245 245 241 237 235 237 235 236 239 241 242 239 242 238 235 236 236 237 237 236 235 234 235 239 243 245 245 246 246 246
236 236 235 235 235 235 235 235 235 234 235 236 237 237 237 239 240 240 239 242 242 243 242 238 236 241 248 237 244 244 248 248 249 249 249 250 249 251 250 247 247 248 249 248 246 244 240 239 238 236 238 241 239 237 238 237 238 236 237 240 242 243 244 244 241 240 236 235 237 238 241 242 240 237 236 237 236 236 238 236 235 234 236 239 241 244 245 245 245 245
236 236 235 235 235 235 235 235 235 235 234 235 236 236 237 238 239 238 239 240 241 241 241 238 236 243 247 237 242 244 247 247 249 249 245 247 250 251 248 247 245 247 247 246 242 243 241 239 238 236 237 239 241 239 236 236 236 236 238 238 237 239 240 241 243 244 242 238 237 235 240 243 241 237 237 238 237 237 236 238 237 235 237 240 241 243 244 244 245 245
235 234 234 234 235 235 236 235 236 235 234 234 235 236 237 237 237 238 239 239 240 240 241 241 237 245 248 240 244 246 249 249 250 246 239 240 249 251 246 246 245 246 246 243 242 239 239 241 238 237 236 237 242 239 236 236 236 236 236 236 236 236 237 237 238 239 241 243 242 238 238 242 242 239 238 238 239 238 237 237 238 236 240 240 239 243 243 243 244 244
234 234 234 233 233 234 235 236 235 233 231 234 235 236 235 236 236 237 238 239 239 239 238 241 244 247 247 245 249 249 249 250 249 243 239 243 251 249 245 244 245 242 245 240 241 238 238 241 239 239 238 238 239 241 236 236 235 235 236 235 236 235 236 236 236 236 236 236 241 243 242 243 243 241 240 240 239 240 241 240 240 239 238 239 239 241 243 243 244 244
234 234 234 233 233 234 235 235 234 233 231 233 236 237 236 236 236 236 237 238 237 238 236 239 245 245 241 240 247 250 250 250 249 249 245 245 251 251 246 244 243 241 241 243 242 241 238 239 241 241 238 240 241 242 237 237 238 236 236 238 237 236 237 237 238 240 241 241 243 241 239 240 241 240 239 241 241 240 239 237 238 242 239 237 241 241 243 243 243 243
234 233 235 235 234 233 233 235 235 234 234 234 237 238 238 237 237 236 237 234 235 234 234 239 242 243 238 237 244 248 250 251 251 250 246 243 250 252 249 248 242 243 242 240 239 239 241 240 240 242 240 239 239 242 240 238 240 238 237 239 240 240 241 243 243 242 242 241 239 236 237 238 237 237 238 238 238 237 237 237 237 239 237 238 241 243 243 242 242 243
