Map_Files/Contemporary/con_forest.asc
NCOLS 312 
NROWS 528 
XLLCORNER 7 
YLLCORNER -10 
CELLSIZE 0.0416666666666667 
NODATA_value -9999 
[rows 312 to 335 of 528, columns 216 to 269 of 312]
32116.353515625 34434.92578125 29384.703125 31881.900390625 37668.84765625 31878.880859375 38370.09375 43672.62109375 45889.52734375 47013.609375 46500.5234375 46443.39453125 47107.2734375 45530.609375 45257.421875 47246.984375 46667.90625 41840.63671875 43808.58203125 47845.94140625 48748.60546875 47485.78515625 38612.84375 27525.650390625 36489.265625 36550.7890625 26875.73828125 32749.28515625 30205.060546875 15160.109375 14520.302734375 17665.99609375 24887.1015625 43159.51171875 47250.1796875 51268.28515625 50530.0859375 50782.4453125 50829.9921875 50056.1953125 49625.32421875 48318.5625 50419.3671875 48192.3671875 51511.12890625 51581.7421875 49161.8671875 49183.171875 50931.01953125 50621.78515625 43545.3046875 48405.94921875 48647.3515625 49697.9921875
31395.4296875 32488.7421875 34127.51953125 34960.5234375 41353.6640625 42719.1640625 46062.8046875 45301.12890625 42915.41796875 46043.4921875 46562.4296875 46083.7109375 45013.44140625 46482.38671875 45971.66796875 45571.9453125 42700.3046875 29303.083984375 32447.154296875 46763.05859375 47590.2890625 41780.51953125 37596.328125 23678.375 19905.564453125 19228.458984375 20220.8671875 25945.248046875 19590.6484375 16363.3935546875 17482.875 21846.98046875 39081.70703125 49649.109375 51030.1171875 50389.61328125 50936.734375 50409.203125 50968.8671875 50732.96484375 49204.6796875 47482.80078125 50311.09375 48623.53125 50721.19140625 50156.7734375 48664.390625 49909.015625 51644.83984375 49752.6484375 47251.8828125 50859.88671875 51137.7265625 50110.8515625
32702.1484375 31105.869140625 30765.6015625 36069.671875 38131.03125 39135.3125 44408.22265625 43914.29296875 43277.69140625 46524.234375 47062.4140625 46501.28125 44389.1875 46062.8984375 46374.265625 47446.56640625 44355.375 28213.59375 28338.9296875 41471.046875 43649.97265625 32555.541015625 32456.2734375 19004.654296875 14786.958984375 20017.837890625 24495.681640625 23953.75 28619.525390625 42006.74609375 34772.46484375 38105.3359375 43433.00390625 48707.15234375 50895.20703125 50134.8203125 51166.890625 50937.75 51077.13671875 50952.6484375 49848.54296875 48631.75390625 49492.24609375 46212.01953125 49383.14453125 49034.9140625 47219.890625 50774.08984375 50843.48828125 50761.80078125 49976.578125 49561.8671875 50978.1484375 49848.15234375
27415.751953125 28625.458984375 30933.603515625 29320.689453125 31158.92578125 36398.01171875 39720.83203125 41282.66796875 45881.73046875 46546.67578125 46349.5859375 47370.2578125 47000.53515625 45755.08203125 46878.41015625 47460.68359375 45896.9609375 29937.259765625 27774.025390625 22456.2109375 27197.166015625 28080.818359375 20168.689453125 12592.3662109375 20304.69140625 31333.931640625 23081.5234375 39236.77734375 43051.765625 49326.1796875 49784.515625 50588.4921875 49543.875 48170.9140625 50832.18359375 46064.65234375 50702.140625 51259.625 50942.234375 50583.94140625 50091.47265625 51360.81640625 51459.8359375 50193.1328125 48184.3203125 46818.07421875 50075.3515625 51308.765625 51131.13671875 51193.88671875 50486.26171875 50639.37109375 51141.02734375 51225.48828125
24015.55859375 28918.08203125 31556.61328125 30006.078125 29745.568359375 32023.3359375 33782.1640625 38030.5625 46369.2890625 46255.28125 44175.9765625 45288.9296875 46682.87109375 46643.2109375 46659.57421875 46272.55078125 42240.3125 25118.673828125 17576.404296875 21040.01171875 22045.744140625 12109.4267578125 10224.525390625 30860.73828125 46263.01953125 44612.52734375 39928.7578125 49208.1875 49391.44140625 50417.8515625 51066.15625 50387.97265625 46442.37109375 49791.125 50863.35546875 50371.98046875 50104.73828125 51964.0859375 51237.38671875 50417.85546875 50622.58984375 51360 52024.26171875 50743.6015625 48415.09765625 50175.73046875 47290.3125 50462.40234375 48781.1015625 48225.22265625 50729.609375 51403.01171875 50673.1953125 50899.18359375
35826.1796875 36286.33984375 35804.47265625 32423.51171875 25918.5390625 26826.703125 26856.646484375 27721.6953125 42911.5859375 45216.31640625 46130.08984375 46263.98828125 44528.95703125 45705.35546875 46263.80859375 44663.62890625 37124.3359375 25757.439453125 17740.212890625 19563.666015625 17223.048828125 11080.4111328125 27741.041015625 42309.06640625 46015.83203125 46600.71484375 49622.27734375 43900.1796875 49122.64453125 47039.85546875 49528.3828125 50630.25 45873.6796875 50592.61328125 50919.33203125 48454.23046875 51002.59765625 51616.171875 51652.3828125 51088.28125 50860.890625 51602.9609375 51886.93359375 51130.46484375 49339.96875 47891.0078125 49549.875 50634.8828125 48861.26171875 50900.1953125 50695.87109375 50945.62109375 48023.61328125 48489.72265625
29598.46484375 30722.189453125 36013.72265625 40359.54296875 32731.888671875 30255.7421875 27949.236328125 27743.796875 38493.77734375 43561.34765625 45588.46875 46801.48046875 47006.29296875 46827.28125 47135.515625 39616.34375 37433.85546875 23981.662109375 15078.544921875 16527.326171875 15110.3134765625 24348.72265625 41897.02734375 45395.26953125 46521.76171875 49372.34375 49177.1171875 43005.73046875 49193.34765625 50474.63671875 51168.15234375 51317.7265625 50789.32421875 48981.03515625 49037.26953125 50796.37109375 51428.36328125 51013.99609375 50587.4921875 50748.6875 51364.2578125 51673.671875 50250.49609375 49405.9453125 49569.9453125 48589.6484375 50052.984375 51048.78125 49660.87890625 49630.234375 50044.44140625 47761.09375 47899.96484375 49947.484375
30433.134765625 26062.01171875 26432.138671875 30869.716796875 31848.33984375 33361.55078125 35373.95703125 28731.69140625 31492.857421875 36727.91796875 42464.4140625 45800.19921875 46551.46484375 46909.53125 46858.12890625 38211.9296875 24756.826171875 18356.265625 12137.1552734375 11149.3955078125 16617.796875 44597.421875 47196.5 48017.2265625 49264.6640625 49805.13671875 50396.1875 50611.5703125 50717.30078125 49081.6171875 50102.70703125 51533.39453125 49415.97265625 43161.40234375 48502.37890625 51027.66796875 51716.48828125 51263.953125 48835.0859375 49680.7265625 50479.609375 51324.72265625 51395.8125 51330.0234375 52059.34765625 49080.7265625 46503.75390625 48041.890625 49057.75390625 49173.625 50831.9453125 47479.1484375 48621.609375 50623.57421875
26698.451171875 25465.4765625 27286.55859375 29416.013671875 27928.087890625 28684.0546875 31712.767578125 33204.51171875 36994.05078125 36194.51171875 40611.66015625 38166.10546875 43131.73046875 44747.58203125 42281.140625 38031.43359375 20610.0078125 14000.2373046875 10490.771484375 14160.4921875 40483.97265625 46762.515625 44763.7890625 46797.03125 48174.55859375 49478.515625 50668.68359375 50564.07421875 50854.51171875 48983.6875 50052.99609375 51582.6640625 48935.8125 48727.171875 50858.3984375 50632.359375 51853.1796875 51115.328125 46489.8359375 48343.59375 51073.7109375 50935.00390625 51770.9765625 51465.0390625 51060.5 49082.07421875 49893.5546875 50446.01171875 50915.1875 50616.62890625 50023.703125 50825.046875 51185.8671875 50948.47265625
28207.71875 28291.6953125 31638.466796875 31231.740234375 27939.328125 29797.408203125 30088.001953125 32206.66015625 33263.28515625 39197.03515625 42009.37890625 39817.71875 40194.19921875 40923.9453125 40791.52734375 42253.59765625 22244.716796875 11002.6494140625 12434.8330078125 25415.9921875 46902.3671875 47694.03125 45971.9453125 48258.01953125 48295.31640625 47466.09375 50594.10546875 50640.19140625 50308.90234375 50239.78515625 50579.671875 49362.62109375 50282.55078125 50529.29296875 48154.38671875 51242.08984375 51535.57421875 49205.91015625 48392.6796875 50768.70703125 49854.23828125 50432.01953125 51017.42578125 50478.0390625 50517.33203125 49340.0546875 49670.7578125 50491.16015625 50775.47265625 49889.42578125 48325.08203125 51035.03125 51257.953125 50574
34784.5546875 34533.83203125 33330.03515625 34469.01171875 30567.83203125 27821.78125 29533.470703125 33118.9453125 31953.431640625 34729.8984375 40319.48828125 43471.96484375 40984.7265625 40430.35546875 39307.6640625 37067.515625 15194.74609375 11934.923828125 25440.72265625 38042.32421875 41983.84375 42513.62890625 47250.8359375 47271.578125 48663.171875 48275.30078125 50416.4765625 50362.58984375 50641.8984375 50651.72265625 50802.2421875 49676.6015625 50219.140625 50479.95703125 48845.453125 50504.19140625 50811.25390625 48514.56640625 50199.6640625 50436.05078125 49363.78515625 51039.671875 50303.4296875 50754.88671875 51582.98046875 48755.7890625 42940.57421875 49683.703125 48378.4921875 49148.3671875 50940.13671875 51568.33203125 51382.57421875 50793.08203125
31189.49609375 41035.125 40189.3671875 32452.830078125 34484.78125 27580.244140625 25031.15625 32969.8515625 37156.43359375 37724.8359375 37091.3125 37398.7578125 40630.6796875 34761.69140625 31349.548828125 16843.56640625 8925.0185546875 17805.056640625 36848.0546875 41294.40625 35889.23046875 41673.53515625 47740.1953125 47718.453125 49170.70703125 49378.765625 50087.00390625 50577.1796875 50742.515625 50370.33984375 50953.43359375 51102.0078125 50791.98046875 50872.94921875 51239.08203125 50636.25390625 41810.9765625 44075.375 49233.92578125 48554.28515625 40234.24609375 48338.921875 50826.07421875 50730.6015625 48333.28515625 51436.02734375 44979.21875 45028.89453125 40711.1015625 46935.6875 51107.234375 50931.83984375 51492.4296875 51427.8359375
25986.35546875 33360.70703125 25707.052734375 36164.53515625 30595.828125 28057.025390625 26504.970703125 31598.134765625 39270.1484375 40542.86328125 40181.19140625 37398.8984375 40147.07421875 40077.921875 30193.01953125 16286.48046875 9263.77734375 20451.755859375 34570.8203125 41064.8671875 37157.7421875 42550.6796875 47543.390625 46573.81640625 47906.6953125 48879.13671875 49754.81640625 49943.12890625 50102.36328125 50517.9765625 51155.6953125 50783.51953125 50958.58984375 50957.90234375 50996.62890625 51079.0546875 44539.09765625 37500.9921875 39263.43359375 34525.84765625 38012.3046875 38586.9140625 50005.71875 50569.578125 51694.625 51279.62890625 51215.671875 44028.8046875 29936.6015625 46215.9296875 50591.11328125 50288.7109375 50554.73828125 47916.8359375
22781.5625 24548.2421875 30249.25390625 34235.14453125 33799.78515625 28342.8828125 27619.4296875 30856.021484375 39349.33203125 42300.14453125 41868.29296875 41935.60546875 41692.86328125 42223.6796875 31050.857421875 13895.8408203125 14002.5048828125 18988.47265625 26601.75 43242.078125 45046.28125 47712.6875 47414.56640625 45528.1328125 45981.19921875 46252.859375 49466.37109375 49659.48046875 50167.71484375 50651.98828125 50997.21875 50719.67578125 50698.9375 50792.77734375 50679.1171875 50579.76171875 49839.79296875 42134.98828125 42291.1328125 31733.4453125 35925.60546875 49183.203125 51333.15625 50742.703125 51265.03125 51310.02734375 50953.6484375 50225.59765625 40359.78515625 43221.6640625 49801.17578125 47727.94921875 43121.40625 -9999
22385.666015625 26090.935546875 31563.919921875 36255.390625 35302.265625 29032.5 29895.13671875 39418.44140625 40950.3984375 42977.55859375 44026.75 44373.53125 43961.57421875 43000.16015625 28668.6640625 9929.3916015625 22626.12890625 23455.556640625 36835.35546875 45546.4375 42271.984375 46441.58203125 46678.17578125 43691.8515625 42017.4296875 42171.703125 49422.95703125 49758.41796875 50400.95703125 50994.3828125 50843.43359375 50522.05078125 50397.32421875 50562.96875 50793.64453125 47691.67578125 49911.5625 43734.31640625 45906.30078125 34239.86328125 41134.578125 50488.53125 50957.671875 50212.21484375 50643.37890625 50126.4375 50526.4453125 50802.83203125 44975.66015625 38645.38671875 43788.61328125 45731.08203125 34660.53515625 -9999
24105.681640625 28782.3203125 30273.671875 30498.294921875 40157.81640625 31614.271484375 28621.951171875 42428.56640625 42909.0703125 43333.328125 42148.2109375 42143.234375 44447.421875 35987.09765625 14428.4453125 10788.5859375 29785.3359375 35403.671875 46291.91015625 47364.7109375 46514.02734375 47436.34765625 47219.05859375 46695.66796875 46398.48828125 46827.046875 49222.9296875 49714.5078125 50411.68359375 50735.6875 50647.83203125 50283.5625 50328.23828125 50443.98828125 50382.34375 48900.3203125 47433.58203125 41684.328125 47628.4765625 39894.98046875 47667.9765625 43256.62890625 49647.1171875 50877.453125 50671.97265625 49066.046875 48518.984375 43593.9140625 44113.40234375 34840.7734375 40804.35546875 35819.01953125 37634.0390625 -9999
17673.390625 27469.201171875 28541.92578125 23868.412109375 35151 39204.1015625 33568.9609375 41364.2890625 41522.40234375 43045.91015625 42804.22265625 41720.1640625 42435.8203125 24048.931640625 10785.546875 23594.6171875 31647.140625 40360.57421875 46710.67578125 47629.765625 46900.71875 47110.5390625 47316.15234375 46541.41796875 45942.76171875 47870.4375 49132.69921875 49868.65625 50260.9375 50515.8125 50352.0703125 50051.9453125 50174.41796875 49989.3046875 49746.875 47133.90234375 42608.61328125 38813.10546875 41924.14453125 47373.9375 43297.05078125 34593.29296875 40116.984375 47480.68359375 49046.578125 47307.41015625 43682.5703125 48269.68359375 41866.1875 27238.529296875 -9999 -9999 -9999 -9999
23497.32421875 25867.796875 22832.302734375 25719.546875 36956.484375 42656.66015625 38947.71875 40440.13671875 42030.2109375 41781.49609375 32197.03515625 27980.919921875 28836.271484375 16537.724609375 12933.2021484375 27747.203125 36128.375 45390.75 46478.01953125 47225.3984375 46011.421875 45664.98046875 45463.8828125 46515.24609375 47765.734375 48557.3046875 49023.87890625 49553.76171875 50190.703125 50195.8359375 50233.484375 50188.59765625 49590.60546875 49442.296875 49099.421875 46626.90625 44567.6484375 41326.05078125 38875.37109375 44296.8984375 46182.32421875 36070.26171875 29384.466796875 40529.61328125 47003.07421875 45854.31640625 49382.86328125 49933.0078125 45008.25390625 25417.78125 -9999 -9999 -9999 -9999
21523.5 26841.869140625 27167.28515625 24323.0078125 27830.853515625 34550 31640.498046875 30850.7421875 41958.05078125 36352.5703125 25208.56640625 30043.326171875 21375.791015625 14348.3359375 15393.53125 29666.46484375 41071.94921875 46292.36328125 46100.01171875 44085.60546875 41273.80859375 39670.29296875 40087.74609375 46227.390625 47598.75390625 48612.69140625 49074.46875 49430.2734375 49816.39453125 50279.16796875 50207.41796875 50261.8984375 50041.30078125 49624.28125 48672.82421875 46317.171875 38083.4921875 40384.30859375 43295.6953125 46788.703125 46641.625 32508.943359375 32246.71484375 37889.82421875 42951.45703125 38793.58984375 49027.234375 49768.1328125 47087.046875 42595.0234375 40074.58984375 39803.15625 -9999 -9999
19186.5234375 21962.138671875 24319.654296875 29620.89453125 29126.224609375 25887.525390625 24444.4609375 24145.005859375 35334.56640625 28533.4140625 27936.546875 20185.802734375 15799.685546875 11950.1923828125 18160.89453125 38962.41796875 44905.0234375 46260.734375 42636.90234375 33206.8203125 29855.71875 33897.78515625 31234.474609375 43542.046875 48132.0546875 47970.7890625 49213.92578125 49377.30859375 48391.8984375 49312.28125 49873.3828125 49852.96875 50050.7890625 47149.68359375 47514.69921875 45363.3984375 31993.103515625 32330.185546875 39415.109375 48090.55078125 48768.91796875 40016.01953125 36294.04296875 44742.35546875 43730.33203125 41645.30078125 46268.9453125 49179.5390625 50265.84375 48298.18359375 46062.95703125 45671.79296875 30397.34765625 -9999
27010.69140625 32163.3984375 35260.66015625 40092.84375 36863.37890625 30089.6328125 30429.5625 21920.978515625 28214.37109375 32430.064453125 30664.66015625 19481.904296875 14341.2880859375 15946.8466796875 22946.07421875 31170.18359375 40992.8359375 44413.17578125 45285.3203125 37473.73828125 39337.90625 27702.35546875 36683.1484375 47330.3203125 48394.45703125 48073.33984375 48330.7578125 48255.92578125 48797.61328125 49580.56640625 49753.19140625 47370 44107.05859375 41986.34765625 48599.015625 47509.73828125 36565.1796875 43330.78125 38551.7421875 45093.68359375 48565.8046875 46895.87890625 48201.9453125 49572.15625 49231.76953125 46935.03125 41175.640625 42605.5703125 49450.828125 50499.4296875 47191.05078125 46991.06640625 37810.78125 -9999
31966.130859375 39510.2890625 30288.033203125 24032.24609375 29401.35546875 25096.642578125 25527.37109375 23558.142578125 29764.27734375 25076.294921875 18210.86328125 12530.796875 15351.2734375 15885.919921875 23827.271484375 39054.2109375 45365.828125 44852.81640625 46154.87890625 44835.2265625 37000.33203125 32957.59765625 43128.30859375 47749.21484375 48083.12890625 48320.65625 48312.66796875 47340.484375 48150.77734375 49637.36328125 49325.1484375 47979.09765625 39605.0390625 37379.37109375 45250.3515625 41268.765625 35761.75 37430.79296875 39796.66015625 40317.984375 48906.94921875 49517.23828125 49611.4453125 50192.66015625 50038.4765625 47767.0625 41436.83984375 43747.7890625 46128.4765625 49398.0390625 49871.84765625 44207.3984375 43209.3515625 -9999
28208.29296875 27396.44921875 18035.01953125 14763.7265625 20287.234375 25885.380859375 24997.525390625 25545.427734375 26215.583984375 18616.4921875 15334.1435546875 24554.181640625 19999.4609375 16575.041015625 24450.3125 38040.88671875 43542.07421875 45296.1640625 45826.671875 46502.28125 41548.16015625 39660.734375 45133.6640625 47634.86328125 47998.46484375 48186.94140625 48415.64453125 46731.56640625 44512.66015625 49202.55078125 47089.03125 48146.0234375 46623.625 44850.6875 37547.359375 41046.4375 33886.8203125 30450.46484375 33762.16015625 42164.828125 48597.015625 49426.84765625 49886.87890625 48979.11328125 49724.9765625 48710.3359375 45425.9453125 48957.66796875 44864.203125 41555.53515625 45907.63671875 39695.51171875 31829.625 -9999
24661.919921875 12998.53515625 17771.13671875 18021.55859375 20471.4296875 33615.33984375 31037.15625 24772.98046875 16724.234375 14763.2490234375 22061.111328125 19929.888671875 17691.48828125 23416.25 26113.798828125 34712.015625 41628.6796875 45303.1640625 45614.39453125 46635.7734375 45721.5 45572.265625 46861.796875 47416.6953125 47953.26171875 48232.86328125 48101.4765625 37665.484375 41021.7734375 48731.28125 46783.1640625 48574.48046875 48723.6953125 48257.17578125 45408.94140625 38190.04296875 32980.19140625 22472.2734375 32127.54296875 39497.9375 34739.74609375 48592.65234375 48954.3984375 47984.3046875 49044.11328125 48483.15234375 50039.1171875 50205.48828125 46405.52734375 47309.6328125 44774.66796875 38306.7890625 39476.94140625 -9999
