Map_Files/Contemporary/con_forest.asc
NCOLS 312 
NROWS 528 
XLLCORNER 7 
YLLCORNER -10 
CELLSIZE 0.0416666666666667 
NODATA_value -9999 
[rows 312 to 335 of 528, columns 54 to 107 of 312]
46462.37109375 40824.03125 41154.7421875 36164.4453125 36301.27734375 29468.5078125 28939.294921875 39788.72265625 48576.15234375 50366.9453125 49225.1875 50082.13671875 50833.640625 48425.20703125 49762.59375 49555.734375 48675.0625 38481.546875 38829.50390625 26493.50390625 24973.580078125 25231.771484375 27299.08984375 24335.61328125 27111.921875 29573.37109375 37392.05859375 41800.16796875 44632.63671875 35691.30078125 38007.87890625 41150.49609375 39518.4765625 34032.4296875 36890.125 39410.89453125 39243.82421875 36526.2890625 31149.802734375 41245.6015625 40635.06640625 38751.26171875 40135.56640625 39199.8671875 36710.09765625 38306.16796875 40976.62109375 38991.09765625 41063.35546875 41464.4453125 42719.5390625 42036.53125 41781.16015625 43540.16015625
38388.421875 35889.40234375 37391.6171875 31872.234375 32268.2734375 36541.23828125 39429.02734375 46261.19140625 46937.08203125 46235.73046875 50058.95703125 48849.3359375 50465.27734375 50011.83203125 49421.83203125 48187.69921875 47841.3515625 45498.0234375 33023.140625 33960.05859375 34477.421875 39246.13671875 39122.4609375 36027.171875 32704.162109375 33886.09375 39972.16015625 42312.62890625 39782.859375 32452.13671875 34468.484375 39355.61328125 39034.5703125 36607.4375 34984.04296875 37150.328125 36047.34765625 35935.28515625 38386.09375 40119.19140625 40383.1796875 38693.890625 38911.41015625 40516.9375 40927.98828125 40707.4453125 40554.9296875 40063.88671875 42314.9453125 41712.34765625 42283.921875 42237.2109375 41436.421875 40934.3828125
46004.65234375 43545.2109375 44251.55859375 35032.3671875 31978.91015625 34069.26953125 36679.11328125 40569.1015625 42877.171875 40068.921875 45723.9765625 48857.15234375 49953.4140625 49666.640625 49209.90234375 47445.34765625 47050.0078125 44281.8046875 27843.029296875 41826.5703125 42678.25 43924.296875 43470.546875 41776 36261.5546875 39766.0703125 38968.66796875 40020.4765625 32740.83203125 34535.66796875 33870.109375 35706.0234375 36327.85546875 37355.0859375 36099.58984375 37203.89453125 36208.578125 26928.595703125 38728.69921875 40828.11328125 39770.4765625 39325.8203125 38636.4375 39847.34375 41485.57421875 41002.17578125 40644.640625 41030.70703125 41932.3828125 41826.58203125 41891.375 42039.953125 40854.2890625 42838.58984375
49083.73828125 51278.09765625 48024.8984375 46276.8359375 41826.08984375 39368.4453125 29828.583984375 37043.390625 41290.60546875 37100.79296875 44974.92578125 49723.57421875 50166.75 49629.796875 46553.56640625 44363.48046875 46427.5234375 47868.59765625 33206.125 42317.76171875 45457.93359375 45724.5859375 43604.96484375 43989.58203125 41906.58203125 40903.796875 39382.66796875 34735.046875 29345.3984375 39478.5390625 32984.50390625 38706.20703125 34977.61328125 33617.86328125 36372.42578125 35231.3671875 33055.68359375 31774.166015625 37285.8515625 40680.140625 38369.21875 39328.00390625 38733.5390625 38830.08984375 41274.86328125 41116.99609375 41064.0078125 40501.203125 41781.96875 42745.71875 43302.94140625 41866.984375 41727.5390625 43134.046875
50569.85546875 51813.55859375 51657.89453125 51604.79296875 50048.83203125 49403.36328125 28395.12890625 34049.80078125 38534.84765625 49161.94140625 49103.02734375 49562.765625 50071.96484375 49610.24609375 41364.15625 47275.64453125 47874 47311.015625 43894.2421875 45470.49609375 45168.61328125 42641.9921875 44615.6640625 43518.59765625 40904.64453125 41708.59765625 42542.66015625 36645.4140625 36303.703125 39976.96484375 39903.99609375 32519.244140625 30455.45703125 37559.8828125 36843.28125 35708.6796875 36370.203125 35760.75390625 39846.3515625 40758.984375 40116.90234375 40107.58203125 40582.6796875 38412.828125 41491.24609375 40878.56640625 41427.83984375 40692.23046875 40433.76953125 39884.29296875 42607.2734375 43319.8125 42647.5859375 42714.71875
54357.4765625 52132.4609375 53530.71484375 52479.984375 49350.55078125 52504.0703125 43281.515625 42836.60546875 47581.375 47121.0625 49160.68359375 49398.8203125 49432.7109375 49271.55078125 47610.95703125 47112.79296875 47065.51171875 44212.00390625 45851.06640625 45172.859375 44833.78125 44878.984375 44543.48046875 43243.0390625 39853.875 41707.06640625 40264.89453125 41577.484375 42551.859375 42640.04296875 41177.1328125 34408.85546875 31215.142578125 36980.25390625 37201.9765625 36906.12109375 36905.328125 38462.15625 38861.27734375 38888.40234375 37442.7265625 38774.3359375 40751.0703125 36913.65234375 40533.23828125 42577.73046875 42445.16015625 41055.28515625 41240.11328125 41235.79296875 43462.125 43872.98046875 44395.44140625 43054.6640625
45460.56640625 52294.46875 53072.9609375 52473.39453125 49990.24609375 51932.53515625 50308.76171875 48793.0625 46476.171875 44168.984375 48594.85546875 49135.10546875 48722.55078125 48440.11328125 47927.4140625 46150.22265625 46133.05078125 46093.29296875 46088.15234375 45173.4140625 43555.51953125 44233.69140625 43498.61328125 43138.29296875 41827.84375 41449.765625 41888.75 40259.8984375 42362.3828125 39223.01171875 41548.06640625 41997.13671875 32972.0546875 32357.021484375 31948.662109375 33827.28125 35361.09765625 37386.55078125 38413.73046875 38218.87109375 36557.7578125 38837.37109375 40795.80078125 39278.3984375 39000.26953125 43143.0078125 43210.89453125 41218.01953125 40951.29296875 42004.55859375 43514.98828125 43318.0703125 43622.390625 43036.71484375
29135.783203125 49414.84375 51136.15234375 52078.10546875 50349.51953125 51069.20703125 51131.78515625 49718.25 48194.91015625 47832.87109375 50052.59375 49015.015625 48499.13671875 48618.4921875 47757.515625 46265.94921875 44466.55078125 44415.3359375 41675.8359375 42869.98046875 44506.46875 44373.3125 43837.9296875 42525.54296875 41688.26171875 42096 41103.25390625 42350.3984375 42716.69140625 40087.578125 40259.671875 41592.53125 35583.03515625 33672.0703125 29058.150390625 31778.892578125 34900.484375 35703.15625 37290.39453125 37088.109375 38136.79296875 39214.6640625 42065.47265625 41202.3046875 37519.39453125 42339.38671875 43955.375 41585.50390625 41231.35546875 43711.2890625 43960.8125 42972.73828125 42840.36328125 44250.48046875
36262.71484375 46962.546875 40832.51171875 52084.14453125 51936.1796875 50623.0859375 49401.2265625 49851.84375 49478.60546875 48579.15625 49706.88671875 48866.38671875 47591.44921875 45350.46484375 45059.3984375 45146.1015625 46637.81640625 45326.4453125 44167.96875 42407.33203125 43911.59375 44307.2421875 43654.38671875 41900.46484375 41003.63671875 42921.18359375 41818.25 41988.2578125 42281.328125 42350.75 43096.265625 42956.8046875 37267.97265625 33179.609375 30525.240234375 29198.03515625 31342.126953125 32537.6640625 34252.0625 32359.53515625 36337.6015625 41242.23828125 41388.80859375 40235.9375 38028.38671875 39292.27734375 42853.953125 41403.27734375 41880.8828125 42776.7734375 43023.74609375 43789.0859375 43456.05859375 44038.296875
31088.326171875 29637.234375 45746.515625 52938.67578125 52123.4296875 50112.42578125 50219.21484375 49618.59765625 49243.98046875 48559.51171875 48731.1875 48634.90625 48589.63671875 47320.67578125 44850.421875 46584.68359375 46067.359375 45053.5078125 44709.25390625 44309.9375 44182.609375 44036.3671875 42150.18359375 40633.1171875 41196.86328125 42389.44921875 41622.11328125 41698.48046875 41805.6875 39903.1953125 44106.79296875 43169.8046875 34789.67578125 33410.5 31401.705078125 29519.427734375 31523.017578125 28264.48046875 30788.150390625 34366.5390625 37531.53515625 40293.34765625 39879.94140625 40791.4453125 39363.12890625 37672.6953125 43054.2109375 41124.93359375 42121.40234375 40977.90234375 42186.7734375 43879.890625 44852.7265625 44338.80859375
25126.802734375 37964.37890625 50484.5703125 52456.8046875 52574 49643.375 49661.68359375 47909.8359375 48122.53515625 49153.23828125 47910.453125 47966.7109375 46443.3515625 42801.64453125 40786.94140625 45617.34765625 45901.7734375 44665.7734375 44136.1484375 43937.296875 43899.4765625 43746.4375 41968.02734375 39314.02734375 40983.58203125 41290.39453125 41372.1796875 42001.4609375 39509.02734375 36592.046875 40613.6328125 35154.84375 27427.0625 29557.6953125 31157.056640625 32192.583984375 30491.181640625 26945.80859375 31712.826171875 34671.515625 35969.8671875 37381.53515625 38579.28515625 39514.04296875 40401.8046875 36979.33984375 43823.84375 43691.74609375 42339.50390625 41437.9453125 42434.83203125 42243.15625 41400.31640625 44859.84765625
21052.732421875 44077.69921875 51814.75390625 52446.8671875 51929.72265625 48014.44140625 49025.58984375 48013.95703125 48148.49609375 49539.015625 45537.0546875 45137.328125 44256.1171875 41800.66015625 43848.0234375 45732.5078125 45575.625 41955.0859375 44461.44140625 43401.66796875 44063.35546875 42677.30078125 41534.734375 39032.5 41316.28515625 41454.02734375 40086.98046875 41388.3125 37013.26953125 29837.9375 33300.46875 28896.650390625 27583.29296875 31257.68359375 32167.421875 40576.63671875 42618.2890625 32745.26171875 30621.591796875 32275.251953125 34223.57421875 35261.28515625 36039.68359375 38466.76171875 42199.18359375 38722.9453125 42139.796875 42475.01953125 41342.3671875 42540.4765625 43942.15234375 43599.8203125 42540.71875 44063.42578125
35266.859375 40560.328125 50020.328125 50040.1640625 44704.828125 42264.8671875 48957.50390625 48221.25 48993.02734375 49003.1484375 48081.50390625 46563.7734375 47190.734375 46692.42578125 45036.29296875 44932.59375 44624.74609375 41175.625 43373.546875 41926.546875 41585.3515625 42245.57421875 41434.34765625 40628.51171875 40838.890625 38620.69140625 33301.578125 29281.02734375 22970.255859375 20470.068359375 24145.849609375 26548.16796875 31526.16015625 30276.177734375 27622.49609375 40467.84375 38050.55859375 32752.130859375 39287.51953125 44389.50390625 35182.31640625 30234.265625 31142.17578125 37117.95703125 41718.14453125 40412.3046875 38909.42578125 42765.703125 42006.9921875 42942.375 43359.2578125 43287.8359375 44460.65625 44756.765625
30937.091796875 41136.671875 41187.99609375 36344.1953125 37945.12109375 35232.82421875 47784.75390625 46437.65234375 47835.69921875 47594.375 46460.265625 46420.53125 47274.09375 46956.76171875 44657.40234375 44273.9296875 44599.2109375 39972.38671875 43642.89453125 42690.9609375 41580.52734375 40926.8828125 39901.25390625 38626.0625 39654.9921875 38114.43359375 27907.75390625 22115.212890625 26449.478515625 31267.13671875 33652.609375 35927.078125 35348.93359375 24852.984375 25516.181640625 35518.734375 37347.6015625 35293.10546875 46730.328125 45753.890625 44302.6796875 36408.81640625 30119.833984375 32714.63671875 34867.96484375 35464.19140625 37078.54296875 37537.2890625 39096.59765625 42291.8203125 42681.01953125 44539.65234375 43409.58984375 42482.02734375
32891.06640625 28587.580078125 33290.0078125 27888.24609375 26876.482421875 28018.271484375 46517.5390625 48157.90625 45279.23828125 45210.0546875 46297.45703125 46590.6171875 46732.53515625 46672.7890625 43240.01171875 43958.87109375 43602.60546875 42731.984375 43371.90234375 43089.0234375 42438.16796875 41745.4140625 41409.3046875 39386.6953125 40263.9140625 41411.98046875 33231.43359375 21550.931640625 28032.8203125 34000.640625 38446.71875 36710.765625 33634.1875 28564.361328125 29637.4375 38818.7890625 42055.6484375 42690.5078125 48323.6015625 42668.94921875 46310.3203125 46631.76953125 35956.109375 28859.697265625 30105.283203125 36121.66015625 34434.9140625 33453.3203125 37922.3359375 41005.85546875 40774.92578125 44139.15234375 42890.390625 41403.203125
25534.248046875 16712.40234375 28555.38671875 32958.62109375 35887.1015625 44755.1796875 48337.81640625 45715.71875 44221.60546875 45438.5546875 46601.5859375 46925.3203125 46665.4765625 46243.29296875 44496.1171875 43113.359375 43693.60546875 43667.30859375 43235.88671875 43226.81640625 42253.04296875 40925.50390625 41871.1640625 41522.8671875 41687.015625 42067.890625 37519.33203125 18896.716796875 25667.5703125 32143.408203125 36961.74609375 33306.078125 29977.119140625 31810.96875 28592.859375 30339.505859375 41580.9921875 42649.96484375 44243.26171875 39188.859375 45562.97265625 51152.8359375 42610.12890625 27253.427734375 26687.904296875 35824.7734375 34463.296875 34954.60546875 38466.5234375 40241.05859375 38642.42578125 42581.95703125 41585.640625 36987.71484375
-9999 29361.1015625 43772.88671875 42112.83984375 44440.17578125 47486.50390625 48577.40625 45631.0078125 47258.515625 40947.46484375 45510.8046875 46097.1640625 45836.7265625 43598.05078125 44971.98828125 43640.41015625 43659.98828125 43880.484375 43266.53515625 43254.23046875 42485.625 40815.1640625 40573.875 41279.71484375 41855.84375 40478.4921875 38369.44921875 20706.642578125 28444.7421875 33400.53125 33548.74609375 33560.91015625 32958.609375 26852.25 32705.732421875 36486.5703125 39454.3359375 29791.638671875 28649.365234375 33256.0078125 39958.84765625 50872.09375 47331.828125 48657.34375 35545.88671875 31440.51171875 30294.4921875 29796.974609375 35886.1171875 39675.42578125 34706.26171875 35762.8828125 38782.31640625 28612.6640625
-9999 37184.6953125 45399.44921875 43293.98828125 45895.96875 47272.72265625 48008.64453125 45867.5 41677.203125 44399.76953125 44908.4765625 45731.8359375 45314.28125 45398.68359375 42562.7421875 42670.44921875 43522.16015625 43470.55078125 43749.09765625 43242.62109375 42550.18359375 40732.1875 37435.6875 40443.640625 40191.77734375 40194.8828125 38016.1328125 22228.375 26149.548828125 35866.078125 32326.14453125 34136.5234375 33209.6875 27090.087890625 33752.05859375 38588.87890625 42937.8359375 23016.119140625 24285.517578125 31215.609375 35156.28515625 44254.91015625 46325.80859375 50389.91796875 48678.24609375 35368.6171875 27636.41796875 26942.93359375 33915.2890625 36431.33984375 32924.1640625 30779.21875 35378.078125 37877.80078125
-9999 40456.1796875 48830.96484375 48530.13671875 46486.73828125 47287.87109375 47447.32421875 43105.7265625 43063.46875 44094.4453125 45810.08203125 44259.265625 45991.5 45539.59375 42955.1875 42291.73828125 43893.40234375 43203.1171875 43338.18359375 43003.7734375 42020.21875 39678.89453125 39902.17578125 40339.1796875 40342.50390625 41475.90625 38799.93359375 23322.4453125 24400.21875 29517.091796875 28533.095703125 32809.015625 31427.9453125 26333.740234375 28263.5078125 34248.44921875 39973.28125 41884.31640625 31425.052734375 31225.283203125 35378.05078125 35674.8046875 47872.78125 48220.546875 48224.03125 40180.6796875 27622.171875 26080.892578125 33435.50390625 32926.09375 35845.2890625 38231.7578125 37108.01953125 36163.59375
-9999 21551.921875 42252.84375 46686.45703125 48754.9140625 49051.19140625 49207.02734375 46590.35546875 46728.29296875 47442.234375 45342.18359375 45933.4921875 46380.578125 46074.1875 43108.5625 42471.09765625 44119.515625 42693.1875 43322.48046875 43239.9375 42528.16015625 41910.43359375 41297.42578125 41461.9921875 40884.3828125 40054.671875 39471.2578125 29587.837890625 28473.349609375 27287.126953125 29186.546875 32654.396484375 28224.794921875 24908.837890625 25223.79296875 27214.8203125 34913.1484375 36735.19921875 36619.92578125 19173.861328125 28525.732421875 35116.375 44513.05078125 44759.4609375 48317.08203125 47225.234375 31719.322265625 29815.251953125 33931.2421875 28327.427734375 33846.078125 36452.51171875 35785.84375 34690.0546875
-9999 41441.828125 45165.5859375 42509.6484375 45592.3828125 47259.7578125 49906.9296875 48500.109375 45686.64453125 46948.41796875 46904.66796875 45859.3203125 46552.01171875 46006.234375 44387.15625 44008.85546875 43669.171875 43454.90625 42148.2265625 41467.25390625 43108.44140625 41754.203125 42388.5546875 41541.2109375 38386.19140625 39219.3046875 42006.6015625 39681.15234375 33959.53515625 33378.73828125 35957.37109375 33987.0234375 28445.759765625 27213.228515625 27554.099609375 24838.9296875 31551.125 42339.4453125 41325.65625 29014.3984375 19518.2890625 24319.751953125 25759.744140625 26253.515625 49704.20703125 51979.53515625 42284.015625 32781.32421875 32862.453125 34445.7578125 35420.90625 38413.72265625 33087.140625 33211.40234375
-9999 -9999 26860.689453125 24316.94921875 24030.2421875 36085.4140625 48541.84765625 48097.6328125 46828.68359375 45960.83984375 46731.0625 46485.82421875 46308.4609375 45394.265625 44878.54296875 44014.4375 43848.94921875 43814.93359375 43027.39453125 42653.96875 43375.96875 41913.2734375 42500.2421875 41490.44140625 40405.99609375 40933.578125 43682.40625 41909.59375 36642.875 37189.84375 35585.47265625 34518.4375 32062.552734375 28157.171875 27683.513671875 26669.884765625 28868.279296875 40713.45703125 47715.56640625 42354.203125 26576.943359375 15349.5 14966.3076171875 25460.447265625 46674.84765625 53804.5859375 42972.70703125 38652.99609375 32808.55859375 33904.37109375 35144.01953125 36318.5078125 34254.73046875 37393.61328125
-9999 -9999 -9999 27520.517578125 30753.798828125 33520.0390625 46947.0859375 47732.49609375 46774.859375 46649.88671875 46673.9296875 45676.984375 46110.24609375 45531.11328125 44873.91015625 43548.02734375 43849.81640625 41838.3515625 42781.765625 41108.453125 41622.0859375 41621.578125 41314.0390625 39840.0390625 37827.1875 41680.25390625 43350.9140625 39250.9609375 35593.0625 35392.7578125 36157.0859375 33610.79296875 32462.34765625 32779.28125 27670.619140625 28588.912109375 25702.9296875 35582.921875 46328.18359375 47042.1953125 36699.8984375 16180.6123046875 15052.77734375 20841.140625 29875.9296875 41892.65625 45111.4765625 45210.70703125 38033.2109375 32444.72265625 31481.365234375 34497.6875 36423.6796875 37121.68359375
-9999 -9999 -9999 21945.169921875 41624.9921875 36963.47265625 47758.3125 47840.28125 47223.73828125 48324.46875 46837.4140625 46141.890625 45786.546875 45914.98828125 45017.12890625 45041.5546875 44426.38671875 43634.28515625 41865.7734375 42425.359375 41355.1640625 41814.7734375 40187.296875 37531.08203125 37801.3984375 39377.8671875 41440.4375 40378.5234375 33498.19921875 36277.23828125 35336.51953125 34167.6640625 34473.65625 37237.30078125 31202.443359375 28504.640625 25998.82421875 29794.603515625 33779.38671875 43999.32421875 46033.44921875 22156.705078125 14297.7314453125 14482.4892578125 16429.15625 21695.62890625 40384.515625 46208.546875 45112.78125 32843.41796875 31966.451171875 34759.8046875 36616.4140625 37406.41015625
