Map_Files/Contemporary/con_forest.asc
NCOLS 312 
NROWS 528 
XLLCORNER 7 
YLLCORNER -10 
CELLSIZE 0.0416666666666667 
NODATA_value -9999 
[rows 192 to 215 of 528, columns 54 to 107 of 312]
46396.56640625 -9999 37639.1171875 37629.0234375 34173.64453125 36528.09765625 34170.9375 -9999 -9999 -9999 47688.10546875 42169.62890625 37514.48046875 27679.80078125 48378.16015625 39685.890625 32026.8203125 32560.5703125 34107.6875 34527.47265625 29560.822265625 31071.248046875 38145.640625 47537.375 50852.9765625 53944.05859375 53097.18359375 48652.109375 51203.109375 48045.328125 39085.50390625 27739.5078125 30884.85546875 26599.2109375 25153.5703125 25277.69140625 29516.16015625 32810.25390625 46016.453125 39588.9375 38762.64453125 40741.26171875 37116.6328125 28617.921875 34708.62109375 28765.984375 26105.634765625 29577.970703125 45977.75390625 38119.69921875 45513.2109375 38627.296875 28375.490234375 23791.13671875
-9999 -9999 -9999 37816.1015625 37448.5 -9999 -9999 -9999 -9999 -9999 -9999 41954.79296875 -9999 46472.859375 43231.47265625 42145.67578125 43178.3671875 40071.02734375 38560.296875 33489.921875 30648.21875 47264.64453125 48217.15234375 49194.3359375 53651 53458.48046875 50512.40625 52658.66796875 51858.796875 36547.3125 25797.4765625 26731.578125 27710.57421875 26601.849609375 25010.02734375 32179.298828125 35524.984375 28023.267578125 30232.0390625 26411.91015625 28386.205078125 38419.94140625 31760.740234375 35571.25 46842.421875 46122.703125 38153.99609375 36120.46484375 39997.25390625 33890.13671875 38783.30859375 45129.12890625 29026.974609375 25053.876953125
-9999 -9999 -9999 -9999 28412.291015625 -9999 -9999 -9999 -9999 -9999 -9999 42505.0234375 42657.4296875 46177.59375 31849.341796875 42742.33984375 51773.9609375 50707.7421875 49113.44140625 41439.625 32144.142578125 39132.828125 39195.8984375 48507.375 51778.80859375 46795.12890625 51683.25 53401.80078125 46016.76171875 33558.98046875 24475.857421875 24956.6171875 25884.083984375 23497.8125 25732.66015625 30660.224609375 31478.681640625 26990.83984375 33075.203125 36016.18359375 34247.3515625 42901.55078125 46778.98828125 49967.45703125 51562.109375 51973.484375 44493.20703125 27726.673828125 29913.9375 32820.2109375 32831.6171875 40693.921875 26011.04296875 10276.8173828125
-9999 -9999 -9999 -9999 -9999 -9999 -9999 -9999 -9999 -9999 -9999 36064.578125 -9999 47261.43359375 40907.1796875 43802.99609375 47743.7421875 44688.6640625 42185.80859375 33626.6015625 29519.9765625 29501.083984375 30799.3984375 36518.19921875 43867.89453125 45343.99609375 53042.859375 54123.6953125 49581.72265625 40184.74609375 20903.83203125 24399.373046875 33988.25 35784.80078125 37917.015625 25039.001953125 25360.6484375 26258.515625 45009.8359375 47949.1484375 36011.4921875 33704.578125 46331.828125 51193.796875 52420.84765625 46290.8203125 36722.32421875 24518.96484375 24961.68359375 29869.11328125 44342.05078125 36975.0234375 32951.7578125 8929.7978515625
-9999 -9999 -9999 -9999 -9999 -9999 -9999 -9999 -9999 39259.28515625 30341.6328125 38817.7265625 37081.20703125 42420.30078125 44353.9921875 44168.7890625 50856.06640625 28192.349609375 25461.921875 39238.5625 33231.0625 23793.34375 35666.34765625 45977.5234375 47705.1640625 45996.3359375 51117.38671875 53648.5703125 52985.21875 50763.015625 41194.87109375 38336.42578125 41579.3984375 49952.58203125 40631.6171875 25560.509765625 25647.11328125 26540.2890625 33599.18359375 49967.34765625 51449.28125 50926.625 39056.96875 37223.90234375 49498.8828125 34992.33984375 21861.31640625 23711.8984375 25029.486328125 34128.984375 35042.19140625 33513.7109375 32606.279296875 19799.169921875
-9999 -9999 -9999 -9999 -9999 -9999 -9999 -9999 -9999 39191.91796875 31414.908203125 37094.328125 41981.5234375 50245.33203125 55980.87890625 54460.9921875 52581.47265625 31755.837890625 29132.25390625 45988.10546875 30154.349609375 19991.330078125 39240.5625 46032.22265625 45766.875 50394.51953125 53159.078125 51097.08203125 53049.62890625 53629.078125 52974.140625 43138.74609375 28542.064453125 33124.00390625 33012.01171875 26046.314453125 27327.248046875 34306.5390625 44109.06640625 51688.16796875 50174.30859375 45969.68359375 42503.56640625 35081.65234375 39911.3046875 45435.18359375 31144.537109375 26369.208984375 23326.138671875 24571.392578125 26828.2265625 26141.6796875 25929.66015625 28733.5546875
-9999 -9999 -9999 -9999 -9999 -9999 -9999 -9999 -9999 -9999 33793.40234375 -9999 42446.53515625 52567.19140625 54357.71484375 53642.83984375 45200.765625 29142.4453125 39218.75 51004.48828125 38708.33984375 40658.765625 48574.3515625 48347.09375 45495.75390625 45635.21484375 51214.12109375 47094.875 51204.7890625 51463.16796875 54731.9140625 45764.84375 27959.162109375 25564.728515625 27626.384765625 27212.716796875 27592.900390625 33673.83203125 47398.01953125 40782.30859375 40184.4375 42633.31640625 48225.12109375 43917.19921875 39475.41015625 33888.453125 29994.95703125 33746.36328125 25661.4375 25604.685546875 25544.603515625 30135.23046875 31065.9375 29820.29296875
-9999 -9999 -9999 -9999 -9999 -9999 -9999 -9999 -9999 -9999 40079.20703125 48200.03125 52487.74609375 50035.7890625 53389.60546875 41600.1171875 40900.7734375 47288.37890625 41385.90625 51102.1015625 37067.31640625 48873.6796875 53396.265625 53589.015625 54692.71484375 51286.359375 48822.94921875 38618.3515625 38364.796875 41801.6328125 51341.32421875 50048.70703125 36541.1484375 26764.716796875 26349.15234375 29410.447265625 27189.7421875 39755.70703125 52892.546875 46966.93359375 41075.56640625 40970.1796875 51280.0546875 52253.10546875 48849.02734375 36620.09375 38824.16796875 37748.08203125 29370.38671875 26478.44921875 25321.90625 36101.65234375 43362.99609375 38100.7890625
-9999 -9999 -9999 -9999 -9999 -9999 -9999 -9999 -9999 -9999 48276.30859375 52024.140625 49583.8359375 52800.6484375 55225.37890625 53833.7890625 52848.50390625 45199.70703125 50261.47265625 52935.75390625 46178.54296875 53728.7734375 55446.12890625 54542.8671875 54475.9921875 54879.96484375 45386.25390625 41299.08203125 40315.55859375 30059.966796875 26761.0859375 29550.673828125 29623.02734375 26589.818359375 25492.62109375 24422.982421875 21397.99609375 41335.7109375 50955.046875 51345.53125 45149.5703125 41771.2265625 48223.01171875 38258.1875 34260.11328125 36479.8515625 33098.1796875 38201.15625 34170.1171875 26620.859375 27237.529296875 37057.3046875 38525.86328125 36433.984375
-9999 -9999 -9999 -9999 -9999 -9999 -9999 -9999 -9999 -9999 51284.12890625 51582.1875 53740.89453125 53348.12890625 51223.55859375 48606.05078125 46245.39453125 52702.4140625 52503.84765625 52710.3515625 48189.54296875 50048.08203125 49593.3828125 47453.78125 52550.03125 54976.43359375 50530.6953125 48608.828125 51381.22265625 51815.15234375 38704.8125 29791.771484375 30300.642578125 36360.875 33706.23046875 33640.9453125 41744.2109375 47647.94921875 50033.4140625 49113.921875 48791.38671875 38279.9296875 33057.625 33858.42578125 31328.04296875 41128.0703125 34615.484375 42351.09765625 38400.0703125 26310.931640625 26411.572265625 29342.236328125 30543.21875 27939.70703125
-9999 -9999 -9999 -9999 -9999 -9999 -9999 -9999 -9999 -9999 46861.9453125 54277.0078125 56688.1328125 57330.609375 56397.04296875 51473.91796875 49621 44895.421875 45526.80859375 43744.58984375 48861.84375 42524.5703125 52730.5390625 52178.42578125 55368.6171875 55014.37890625 54310.02734375 53981.515625 54075.1328125 46652.44921875 46896.140625 34764.375 35465.33203125 44612.390625 44868.40625 42787.40234375 49923.15625 50246.90625 49589.171875 47600.14453125 43507.5234375 46266.75 24365.69921875 31030.099609375 34547.7421875 45418.36328125 45544.04296875 47552.015625 41141.61328125 30172.00390625 35562.62890625 39007.98828125 39522.34765625 28914.43359375
-9999 -9999 -9999 -9999 -9999 -9999 -9999 -9999 -9999 -9999 -9999 -9999 57079.4765625 54313.796875 57314.05078125 56590.1953125 56599.21484375 42028.17578125 47790.953125 45940.421875 39434.5234375 53568.7109375 54660.796875 55753.15625 54844.91796875 55680.2109375 55200.53125 54545.04296875 54593.3359375 46746.73046875 37864.69921875 37663.51953125 39634.3828125 47904.73046875 50681.45703125 45259.44921875 45299.4296875 51325.015625 53946.30078125 52947.67578125 49500.15625 47301.546875 42022.14453125 36647.56640625 42118.76171875 49614.578125 45633.0390625 43659.4765625 35285.9296875 27242.5625 35380.77734375 31726.25390625 38885.81640625 19094.642578125
-9999 -9999 -9999 -9999 -9999 -9999 -9999 -9999 -9999 -9999 -9999 -9999 -9999 57369.69921875 59067.95703125 58506.34765625 56125.17578125 55011.10546875 47399.234375 38631.08203125 44844.44921875 54073.30078125 51537.04296875 50237.5234375 52831.015625 50555.05078125 56170.58203125 55123.41796875 54975.89453125 50073.87890625 47732.48828125 44288.71875 39007.16015625 35852.671875 46276.91796875 50948.35546875 43070.07421875 38474.015625 53959.49609375 53431.7578125 53927.6484375 50857.1171875 48574.43359375 46556.06640625 40825.66015625 49820.56640625 44981.00390625 34720.78125 35598.0078125 27800.5 38170 40244.5859375 39334.98046875 33318.44140625
-9999 -9999 -9999 -9999 -9999 -9999 -9999 -9999 -9999 -9999 -9999 -9999 -9999 -9999 59080.70703125 54212.88671875 40242.8984375 55082.625 50251.6484375 48610.11328125 53656.65234375 56516.14453125 55084.16796875 54112.16796875 50409.359375 52041.69921875 55393.7578125 54625.36328125 52645.3203125 53574.32421875 52559.9453125 51603.7578125 46007.56640625 37225.37890625 44904.9140625 50746.11328125 46216.484375 35072.24609375 48454.828125 54222.40234375 53500.7734375 52524.890625 52303.98046875 51530.85546875 51529.171875 49160.84765625 49224.67578125 41673.4921875 44026.91015625 35907.546875 40933.671875 39302.578125 44232.43359375 34344.08203125
-9999 -9999 -9999 -9999 -9999 -9999 -9999 -9999 -9999 -9999 -9999 -9999 -9999 -9999 -9999 52976.65234375 38220.69921875 47671.62890625 58052.515625 53861.41015625 46045.93359375 48258.265625 45245.2890625 46803.1875 43671.796875 54438.07421875 55847.0390625 55801.2890625 54992.96484375 50963.91015625 41823.76171875 42893.69921875 41140.62109375 39428.24609375 50540.33203125 53747.37890625 45041.4609375 37742.3515625 51785.78125 54379.48046875 52461.75390625 47533.05859375 51391.359375 51100.640625 46960.171875 41157.34375 41917.4921875 48470.6171875 48292.72265625 40191.8984375 32116.609375 31691.859375 40570.609375 31321.708984375
-9999 -9999 -9999 -9999 -9999 -9999 -9999 -9999 -9999 -9999 -9999 -9999 -9999 -9999 -9999 -9999 45579.78515625 57667.55859375 56689.12890625 54203.19140625 43950.5859375 37548.48828125 33187.58203125 40306.95703125 48583.9921875 48854.41015625 55225.0234375 56295.390625 52124.55078125 47781.58203125 46305.45703125 38536.88671875 44390.40234375 51022.98046875 55982.65234375 52039.6015625 40455.8828125 47403.78515625 54091.78515625 53429.05859375 44743.7734375 41469.65234375 45825.3125 44584.68359375 51464.34765625 49969.75 39581.9140625 46125.91015625 49178.359375 41951.90625 38281.390625 35123.9609375 29661.05078125 33092.75
-9999 -9999 -9999 -9999 -9999 -9999 -9999 -9999 -9999 -9999 -9999 -9999 -9999 -9999 -9999 -9999 58256.55078125 44074.47265625 51008.71875 58087.81640625 51392.90234375 42456.62109375 36123.046875 37016.81640625 44779.62890625 41768.3359375 32251.330078125 35561.4140625 49447.8203125 32251.669921875 43513.828125 47114.16015625 53853.00390625 38977.47265625 37876.01171875 44646.484375 50208.94140625 52663.8828125 51369.625 46417.95703125 35337.546875 40593.78515625 47401 38037.03515625 44358.69921875 49345.2109375 40659.7421875 38918.76953125 40378.09375 40993.8359375 41040.5703125 41392.77734375 43493.9140625 31948.923828125
-9999 -9999 -9999 -9999 -9999 -9999 -9999 -9999 -9999 -9999 -9999 -9999 -9999 -9999 -9999 -9999 47564.4609375 54951.12109375 60436.5625 58204.5703125 58863.1875 58978.16015625 53924.09765625 40916.66015625 50858.5859375 53142.50390625 41440.140625 38696.72265625 41868.85546875 38485.24609375 47225.6484375 55470.1484375 57988.6640625 43095.26953125 37314.03515625 38561.62890625 43584.80859375 47240.84375 52465.30078125 45485.171875 37970.31640625 47348.8359375 51224.7578125 42381.62890625 50814.7578125 51673.7890625 47610.02734375 40199.3671875 37812.30078125 42250.69921875 35266.3046875 34357.7890625 35933.4375 36052.70703125
-9999 -9999 -9999 -9999 -9999 -9999 -9999 -9999 -9999 -9999 -9999 -9999 -9999 -9999 -9999 -9999 -9999 58441.31640625 55627.0234375 52226.359375 58569.57421875 59629.17578125 54676.91796875 45478.5390625 56073.7734375 57448.2421875 51124.234375 47119.67578125 47258.125 48210.43359375 52437.25 53304.671875 45019.109375 33394.26953125 31656.564453125 33941.7578125 39175.6796875 48452.7265625 52945.515625 50199.921875 50809.21484375 51097.50390625 53946.0625 50007.74609375 50895.7109375 50828.4609375 40213.01953125 33683.88671875 31045.8984375 28189.216796875 33348.94140625 29486.171875 39457.2578125 46948.0703125
-9999 -9999 -9999 -9999 -9999 -9999 -9999 -9999 -9999 -9999 -9999 -9999 -9999 -9999 -9999 -9999 -9999 59709.1796875 54463.56640625 57041.21484375 59738.265625 59567.5625 58913.31640625 55598.10546875 51009.2890625 42021.72265625 54488.19921875 51896.2734375 55438.828125 52247.59375 50454.6171875 49794.484375 45349.32421875 43124.28125 47377.046875 46949.11328125 53195.45703125 55192.0234375 55069.046875 55030.02734375 54081.91796875 54827.63671875 54380.83203125 52176.2265625 49405.73828125 53581.734375 27514.05078125 30146.259765625 38800.46875 33329.7265625 36438.6640625 31751.41796875 43417.87109375 49956.8125
-9999 -9999 -9999 -9999 -9999 -9999 -9999 -9999 -9999 -9999 -9999 -9999 -9999 -9999 -9999 -9999 -9999 -9999 59696.77734375 60253.546875 60057.4765625 59213.125 57143.14453125 53138.74609375 49968.03515625 51710.96484375 43485.5078125 45264.42578125 56191.51953125 54551.03515625 53673.18359375 55773.83984375 54353.078125 54080.78125 55399.0390625 55010.828125 55054.07421875 55196.0625 54255.39453125 47460.7421875 49017.96484375 50187.34375 52961.609375 53802.35546875 52697.91796875 43888.8125 37470.86328125 50595.23046875 54510.15234375 53335.83203125 48829.359375 41492.92578125 42130.65234375 45403.81640625
-9999 -9999 -9999 -9999 -9999 -9999 -9999 -9999 -9999 -9999 -9999 -9999 -9999 -9999 -9999 -9999 -9999 -9999 61605.2890625 60713.34375 57921.40625 59212.83984375 42920.37109375 42074.796875 46327.69921875 46210.11328125 39777.05078125 42112.40625 49562.0546875 45616.78125 54384.375 55248.80859375 54181.96875 53964.53515625 54263.48046875 54107.078125 55655.84375 55862.453125 54325.05859375 46809.125 50122.81640625 47348.84375 42950.91796875 47722.0546875 41129.1328125 27164.83203125 33336.515625 46113.89453125 48968.10546875 53322.796875 52089.5390625 48572.4609375 48045.53515625 49674.52734375
-9999 -9999 -9999 -9999 -9999 -9999 -9999 -9999 -9999 -9999 -9999 -9999 -9999 -9999 -9999 -9999 -9999 -9999 62098.3984375 58852.12109375 45242.203125 49513.4765625 41396.76953125 44242.3125 33289.42578125 32114.123046875 33767.19140625 45325.05078125 48259.95703125 41177.86328125 48575.2109375 51084.63671875 52645.25 54631.2109375 53581.1171875 48158 49140.00390625 50782.60546875 54598.29296875 49166.7578125 50106.5390625 49409.71875 37880.23046875 49354.546875 46709.98046875 33648.25 37721.09765625 43889.17578125 43113.515625 53176.921875 52809.1875 48038.625 47356.16015625 50353.3515625
-9999 -9999 -9999 -9999 -9999 -9999 -9999 -9999 -9999 -9999 -9999 -9999 -9999 -9999 -9999 -9999 -9999 -9999 61152.20703125 59316.69921875 45546.6640625 42113.39453125 54109.73046875 41535.30078125 31631.046875 32885.14453125 37394.94140625 49457.65625 54056.453125 54661.05859375 54651.14453125 52993.3203125 51579.60546875 55814.81640625 55838.765625 50660.28515625 46123.02734375 53892.515625 56195.8125 51800.1953125 48210.1953125 50640.67578125 44889.85546875 53600.73046875 53328.171875 52517.625 52847 53259.98828125 53021.30078125 53739.5703125 53308.96875 50590.953125 47178.05859375 42912.1953125
