Map_Files/Contemporary/con_forest.asc
NCOLS 312 
NROWS 528 
XLLCORNER 7 
YLLCORNER -10 
CELLSIZE 0.0416666666666667 
NODATA_value -9999 
[rows 240 to 263 of 528, columns 162 to 215 of 312]
40408.7890625 39548.0859375 39573.0390625 39580.15625 39487.3515625 38929.52734375 38373.95703125 37910.01171875 37929.60546875 37067.546875 37423.90234375 40409.25 41486.99609375 42272.26171875 41662.34765625 40977.89453125 41232.37890625 41309.9453125 41371.45703125 41203.1484375 41331.91796875 41362.23046875 41751.37890625 41897.0625 42186.203125 42237.8984375 41497.19921875 41666.97265625 41182.34375 42291.30078125 42560.62890625 41979.171875 42926.26171875 45017.60546875 44593.26171875 45010.9140625 41833.859375 41440.640625 44126.81640625 44445.85546875 42663.34765625 39534.1328125 42367.25 44488.66015625 42358.21875 42767.0859375 44576.83203125 44878.21484375 44186.6796875 43156.98046875 44133.296875 43573.6953125 43998.9609375 44815.77734375
40060.56640625 39514.26171875 39631.92578125 39588.2109375 39621.62109375 39519.9765625 38808.1953125 38163.07421875 38119.80859375 38610.8984375 37946.99609375 39021.48046875 41561.390625 42649.515625 42415.86328125 41503.26953125 41431.859375 41113.0546875 41375.89453125 41151.70703125 41517.56640625 41483.09375 41394.109375 41676.96875 41807.01953125 42209.390625 43127.984375 43621.265625 43862.1171875 43418.91796875 44148.9375 43976.57421875 43810.8125 45253.82421875 45191.19140625 44677.625 44803.234375 38782.01953125 40155.6484375 41513.078125 42509.44140625 44150.96484375 43628.54296875 42337.39453125 38213.01171875 37195.7890625 42394.7890625 42488.25 43227.625 43643.32421875 43586.6171875 43746.27734375 45021.87890625 44549.421875
38970.58203125 39986.94921875 39593.90625 39689.5 39584 39504.8125 36741.00390625 37461.00390625 38267.45703125 39031.51171875 37831.234375 38975.5078125 41268.62109375 43076.85546875 42865.609375 41793.34765625 41782.453125 41218.46875 41205.6640625 41211.93359375 41357.76171875 41166.66796875 41320.75390625 41407.015625 41688.375 42442.57421875 43216.23828125 43506.4375 44135.31640625 44096.9453125 44248.0546875 43922.55859375 44463.734375 45570.26171875 44838.875 44279.40234375 45412.93359375 43815.890625 41369.69921875 43801.05859375 44326.72265625 45240.6953125 39819.66015625 40842.9921875 42810.6953125 43554.609375 44587.203125 42946.83984375 40792.75 43678.046875 43566.64453125 43979.70703125 44711.19921875 44942.42578125
38602.33984375 38382.140625 39352.22265625 39360.2734375 38840.5234375 40231.94921875 39023.421875 38167.99609375 38642.28515625 38967.41015625 38917.44921875 39729.43359375 41416.6171875 42908.2890625 43201.01953125 42482.1484375 41869.453125 41171.7578125 42615.52734375 41108.2109375 41232.77734375 41175.94140625 41661.01171875 40481.42578125 41478.29296875 42419.5625 43803.1015625 43114.453125 43909.33203125 43505.7890625 44019.31640625 44270.33984375 44821.5625 44833.78515625 44181.4375 44917.48828125 45068.55078125 45085.86328125 44267.99609375 44162.625 44465.546875 45082.94921875 30995.29296875 37378.94921875 40334.46875 41535.9765625 45513.73828125 44720.1328125 43354.28515625 39443.359375 39789.0546875 42568.8984375 44233.59765625 44353.00390625
39942.57421875 40825.46875 40471.07421875 39866.79296875 40030.46875 40633.2421875 39697.55859375 39130.6015625 39219.37109375 39425.9140625 39079.1953125 39252.0390625 39533.3828125 40871.69140625 42386.296875 42423.10546875 41854.1328125 42307.09765625 42081.7265625 41448.5703125 41041.3984375 40666.171875 40973.53125 41849.5390625 41991.47265625 41936.87890625 43440.66015625 43239.09375 43148.578125 43154.70703125 44038.91796875 44794.88671875 44415.1953125 43681.578125 44474.0859375 44770.10546875 45053.71875 44531.14453125 44217.7265625 44955.4765625 45336.11328125 46506.9609375 41776.91796875 45362.43359375 45256.72265625 43693.32421875 45195.85546875 45251.078125 44596.40625 44331.140625 41932.56640625 40509.81640625 38596.515625 37203.5546875
40607.78125 41222.1171875 40588.73046875 40587.76171875 40511.01171875 40102.6484375 39359.8125 39725.2421875 40133.08203125 39913.984375 39622.26953125 39953.828125 39485.03515625 36687.1875 39823.390625 42730.453125 41634.16796875 42066.84765625 42886.04296875 42329.2578125 41146.43359375 35854.71875 40555.34765625 42027.70703125 42275.60546875 42358.16796875 42675.34375 42889.96484375 43023.89453125 43429.25 43801.96875 44823.02734375 44018.51171875 43991.21875 44558.40625 44215.21875 45066.6328125 44376.89453125 44708.140625 46374.44140625 47245.265625 47479.10546875 46464.59375 44820.19140625 45270.26953125 45206.21875 45142.6015625 44718.296875 44560.00390625 44416.9921875 44045.79296875 40461.19140625 37771.47265625 34468.84765625
41077.96875 41296.703125 41239.3515625 40631.25 40219.30859375 39973.87890625 39786.29296875 39978.23046875 40075.68359375 40273.01953125 40430.93359375 40104.69140625 40219.5 39863.28125 41253.24609375 43017.86328125 42430.5390625 43457.3984375 43959.546875 43047.2421875 42001.90625 37344.9140625 40222.40234375 42857.6953125 42478.06640625 42237.16015625 43044.015625 43315.1796875 43480.51171875 43499.73046875 43481.0546875 44766.3359375 44270.921875 43746.10546875 44417.41015625 44946.7265625 44784.63671875 45314.1875 46199.73828125 47329.2109375 47400.87890625 47325.16015625 46743.35546875 44888.859375 43242.25390625 44687.2890625 44684.58984375 44576.31640625 44494.4375 44226.00390625 44532.3515625 44173.58203125 41930.8984375 42175.8828125
40665 41522.12890625 41328.7890625 40421.9609375 39459.8828125 40710.3125 40164.890625 40383.6796875 40221.87890625 40252.34765625 39998.921875 40086.0078125 40015.2109375 40306.17578125 41173.65234375 42706.4375 42841.49609375 43444.19140625 44109.2109375 39950.25 40796.17578125 41627.45703125 41401.28125 42904.23828125 42560.04296875 42516.28515625 42775.7890625 43256.859375 43567.8515625 43637.85546875 44430.73046875 44989.5546875 44079.73046875 44522.65625 43683.79296875 45592.16015625 45167.62109375 46426.171875 47095.9609375 47388.51953125 45281.58203125 46204.50390625 46552.34375 46219.0234375 41537.59765625 44316.5390625 44240.90625 45029.515625 44358.12890625 44911.73828125 45149.03125 44415.8046875 42406.76171875 43457.4765625
41254.5078125 42022.6328125 41866.265625 40476.46875 40400.09375 40840.7109375 41056.015625 40977.1171875 40819.65234375 40548.4765625 39430.8046875 40497.7265625 40251.81640625 40785.88671875 41196.875 41645.91015625 42530.859375 44496.63671875 42512.390625 31187.421875 36692.0078125 41247.83984375 41997.12109375 43040.5390625 42184.61328125 42682.0390625 43267.5703125 42485.77734375 43115.22265625 43904.67578125 44812.11328125 44509.88671875 43955.4453125 44354.5546875 44376.42578125 45441.5703125 45507.6796875 47271.08984375 47510.42578125 47030.92578125 46943.6875 46493.19921875 46475.84765625 44671.42578125 44350.83984375 44589.87109375 44232.4765625 44394.11328125 44037.74609375 45355.58984375 45219.12109375 44420.40625 43535.234375 44457.359375
42031.65234375 40798.78515625 40531.375 39424.015625 39511.7109375 41239.171875 40971.328125 40799.8515625 40966.0703125 41192.62890625 40981.23828125 40383.8359375 40705.421875 40938.28125 41413.3203125 41576.2890625 42790.453125 45446.7421875 43189.23828125 39580.234375 39544.1015625 39481.28515625 42129.9453125 42124.2578125 41452.6171875 42471.37109375 42871.88671875 38964.1015625 39021.24609375 42696.6328125 44931.63671875 43277.3203125 42447.203125 43445.6640625 43899.953125 44417.140625 45820.94921875 47247.7578125 47203.32421875 46109.0625 46600.26953125 46317.2265625 42388.2109375 42889.91796875 45000.26953125 44545.38671875 44433.578125 43708.18359375 41384.91015625 44941.703125 44862.99609375 43667.9375 36086.6875 41454.109375
42186.87109375 38089.8359375 38928.08984375 40544.70703125 40817.17578125 41637.4140625 41312.51953125 40957.88671875 41180.265625 41162.10546875 40488.1796875 41083.83203125 41269.46875 41177.3515625 41306.7265625 41923.70703125 43783.56640625 45025.16015625 44290.7578125 43382.82421875 42115.48046875 42295.97265625 43697.703125 43610.4921875 42923.94140625 42710.26171875 43418.10546875 41359.73828125 43181.04296875 44742.2734375 44866.77734375 43835.55859375 42718.96484375 43499.08984375 41619 44341.34375 46448.01953125 47238.2734375 46944.171875 45876.85546875 45549.51171875 44566.05859375 39291.94140625 43000.546875 44336.51171875 40177.44140625 44384.8515625 41290.39453125 41294.19921875 40206.078125 44269.38671875 42960.3515625 31018.810546875 41239.6015625
42750.33203125 36905.9453125 39047.0859375 41443.0625 41674.8046875 41413.50390625 41368.62890625 41406.10546875 41547.79296875 41523.6640625 41446.3359375 41598.5078125 41681.3515625 41873.26171875 41754.79296875 41972.32421875 44687.15625 44848.0390625 44040.00390625 43356.59765625 42891.59765625 43497.0625 43800.5234375 43252.296875 43277.4140625 43333.9375 44070.36328125 44623.4140625 44892.625 44241.05078125 44258.77734375 44147.75 43941.01953125 44172.44140625 44160.1953125 44654.5390625 45868.30859375 47728.69140625 46567.0859375 46807.25 46355.16015625 46293.51171875 44856.78515625 45812.890625 44884.83203125 43865.16015625 43790.4921875 42515.79296875 42436.015625 36353.26953125 41624.4921875 41756.734375 41727.01953125 45592.76953125
42915.7578125 42966.10546875 42002.3515625 41845.90625 41874.453125 41341.5390625 41862.37890625 41343.9296875 42018.16015625 41908.43359375 41946.19921875 41934.06640625 42018.87109375 41923.2421875 41744.80859375 41562.265625 44600.31640625 45231.12890625 44490.375 43551.984375 43692.0390625 44757.30859375 44477.38671875 44344.8125 44075.80078125 43248.06640625 43759.1875 44619.38671875 44656.16015625 44231.78125 44339.9453125 44214.23828125 44223.1015625 44449.7265625 43671.09375 43393.515625 44421.6875 46081.04296875 46428.453125 46856.1328125 44917.578125 42647.78125 45437.13671875 45369.953125 42495.6484375 44513.4140625 44660.62890625 40183.2890625 30988.58984375 34049.6796875 40918.5390625 38829.80859375 42970.25 45374.3671875
43088.9296875 42636.3671875 42169.31640625 42026 41561.68359375 42094.71875 42065.51171875 41603.4375 41699.015625 41985.5859375 42093.58203125 41720.2578125 41862.296875 42101.515625 41494.390625 41298.75 44162.2734375 45856.47265625 45276.125 44206.078125 44880.15234375 44949.05078125 44231.625 44324.5078125 44305.14453125 44225.29296875 43744.33984375 43641.9609375 43955.69921875 44365.08203125 44445.72265625 44271.5234375 44148.2578125 43874.9140625 43460.9609375 43504.71875 41283.62890625 41561.80859375 46138.71484375 46583.8046875 44430.13671875 40054.84375 43947.7890625 43764.703125 43299.50390625 43733.7265625 44154.80859375 42774.76171875 39524.8671875 43826.703125 39388.59765625 43609.28125 44423.6875 44128.75390625
43101.96484375 42905.0546875 42660.27734375 42591.62109375 42474.71875 42826.45703125 42392.171875 41867.046875 41430.8203125 41896.734375 42087.30078125 41825.65234375 42117.44140625 42222.01171875 41630.328125 41126.40234375 43712.8359375 45965.50390625 45372.1796875 44381.890625 42396.6484375 45066.63671875 44690.1328125 44838.10546875 45314.53125 44963.0078125 42835.08203125 44100.25390625 44308.5078125 44638.94140625 44386.1015625 43955.546875 42932.6875 41329.578125 43335.6484375 41061.87109375 38171.01953125 34844.49609375 41955.96484375 46015.3515625 42637.0390625 41490.83984375 45239.8125 43503.20703125 40080.58984375 41968.578125 44420.13671875 44743.1015625 40935.26953125 45626.65234375 42912.1796875 42736.78125 44290.99609375 44547.109375
42706.5078125 43037.3984375 43230.921875 43009.734375 42844.90234375 43250.01953125 42895.3046875 42018.84765625 41645.80859375 42313.7109375 42812.28125 42736.82421875 42387.6484375 42179.76171875 40837.6875 40645.99609375 44400.27734375 46405.015625 46232.7734375 46185.265625 45890.01171875 44999.10546875 45056.69140625 45367.76953125 45417.1875 44717.74609375 44328.8671875 44832.66015625 44450.41796875 40969.484375 38989.88671875 43916.16015625 43763.44140625 41207.05859375 41305.515625 42676.2421875 41024.69921875 43222.484375 41145.80078125 44226.84375 45781.21875 44745.9375 44559.03125 44846.99609375 41072.87109375 37811.84765625 36173.16015625 39721.30859375 44825.37890625 46094.00390625 42269.03515625 43617.8046875 44730.59765625 44555.57421875
43221.35546875 43523.16015625 43717.35546875 42923.44140625 42834.3125 43160.265625 43391.72265625 43178.4765625 42777.7265625 42679.48828125 42926.40234375 42782.1328125 42523.30859375 42588.7265625 41396.58203125 41013.51171875 43534.08203125 46455.24609375 46158.66015625 45746.26953125 44703.3671875 44361.140625 44388.76953125 45196.9296875 45227.9375 45027.984375 45290.0546875 44984.546875 43765.01171875 43035.21875 40501.046875 42316.359375 43510.39453125 42056.81640625 43607.453125 41928.2578125 42903.90234375 41525.390625 41265.71484375 46140.6875 46566.5 45096.3046875 45528.47265625 45604.67578125 43902.37890625 38029.15234375 38424.984375 33886.60546875 32719.859375 30781.26953125 40490.49609375 42994.12109375 43666.73046875 44733.33203125
43484.828125 43428.97265625 43329.10546875 43509.828125 43506.921875 43395.9453125 43620.06640625 43340.1015625 43174.69140625 43424.859375 42978.640625 43266.9609375 42964.9765625 42781.296875 42932.84765625 42529.93359375 42514.4296875 46319.3359375 46402.82421875 45798.515625 44791.4765625 44401.53515625 44237.875 44764.93359375 44795.5234375 45021.5234375 45070.05859375 44678.56640625 44432.6640625 44341.01953125 40348.39453125 41353.58203125 43811.57421875 38868.17578125 42723.0546875 37936.1328125 41610.84375 38742.0078125 35677.69140625 41673.72265625 46070.015625 46148.7265625 44751.21875 43594.28125 44432.10546875 45053.08984375 43603.2578125 36594.99609375 39236.54296875 38542.8125 36811.4921875 37730.47265625 40306.34375 43705.63671875
44104.890625 43708.296875 43184.53515625 44002.3203125 43605.08984375 43906.1796875 43623.99609375 43676.59375 43745.25 43696.34765625 43430.23046875 43596.65234375 43656.36328125 43008.4453125 42950.69140625 42950.9921875 42952.12890625 45260.18359375 46706.54296875 45712.3828125 44799.3359375 44135.4296875 44525.625 44584.875 44582.19921875 44695.37109375 44866.46484375 44034.26171875 44282.83203125 43472.0625 43597.54296875 42475.62890625 43943.91796875 42496.2265625 39710.31640625 42843.26171875 40476.75390625 37067.25390625 35916.25390625 40339.34375 45039.125 45816.96484375 41099.3515625 37668.375 40774.875 44826.34375 44782.58203125 40678.4296875 38232.8359375 40772.28515625 40214.75 40790.07421875 42307.77734375 42156.2890625
44472.2734375 44187.45703125 44031.96484375 44239.88671875 44128.59765625 44176.12109375 43985.375 44138.234375 44179.94921875 44314.40625 43836.765625 43905.03125 44324.171875 43574.203125 43193.54296875 43178.796875 42982.9296875 46060.0078125 46678.03515625 45970.72265625 45021 44207.5234375 44250.30078125 44516.59765625 44348.96875 44754.37890625 45021.5078125 43560.484375 44073.26953125 43996.421875 44359.3984375 44239.99609375 43995.9453125 44421.6015625 41609.03125 38872.69921875 38481.48828125 43769.140625 43561.3125 45022.7890625 41723.3828125 45490.98828125 44995.21875 44125.609375 44208.84375 44559.48046875 43133.97265625 39963.64453125 40619.33203125 37158.61328125 39564.71875 39719.4375 37108.33984375 37584.73828125
44327.3046875 44470.28515625 44505.0859375 44401.8046875 44199.8046875 44289.18359375 44168.32421875 44396.21484375 44384.51171875 44431.69921875 43250.8671875 43780.23046875 44058.31640625 44139.36328125 43445.171875 43561.20703125 43583.5234375 46750.890625 47117.89453125 46378.45703125 45156.94921875 44223.8671875 44616.92578125 44803.359375 44556.72265625 44731.9609375 44348.33203125 43755.12109375 44017.2890625 44928.140625 44029.03125 44600.37890625 43943.73046875 44359.53515625 44004.09765625 44295.56640625 44428.79296875 45430.1796875 44782.4921875 45027.01171875 44058.11328125 45585.0234375 45607.015625 45445.66015625 45203.8671875 44905.171875 44027.26953125 43494.1484375 41986.5625 36317.10546875 37312.890625 40652.30859375 35561.4140625 35201.01953125
44967.6640625 44701.9453125 44434.16796875 44592.66015625 44618.89453125 44364.34375 44324.2890625 43765.1171875 43943.80859375 43493.69921875 40658.19140625 43098.65234375 44377.77734375 44263.30859375 43462.21484375 43932.2734375 43624.13671875 45901.89453125 47484.58203125 46890.5234375 45831.9921875 45148.88671875 44953.59375 45168.66796875 44886.28125 44438.26171875 43972.59765625 43539.60546875 43304.5546875 45083.3671875 44120.375 44396.12109375 44124.27734375 44124.1953125 44519.7265625 45401.453125 45494.46875 44965.25390625 44094.99609375 43868.84765625 43150.125 45960.7109375 44469.12109375 45526.21875 42971.18359375 44872.30859375 40845.67578125 43730.1796875 42929.640625 44843.89453125 40766.48046875 34211.375 36232.69140625 41564.50390625
45007.9609375 44993.734375 44879.51171875 44683.046875 44689.94140625 44505.91015625 41109.44140625 39822.26953125 41954.56640625 40649.9921875 42313.375 44685.23046875 44715.47265625 44585.8359375 44329.19140625 44328.51953125 44276.05859375 45480.9765625 47485.19140625 47049.78515625 45633.22265625 45258.26171875 45306.390625 45405.6875 45183.3671875 44716.15625 44359.02734375 42879.26171875 42679.44140625 44153.52734375 43937.25 43408.37109375 43767.3984375 43319.18359375 44807.4296875 44818.26171875 45078.66015625 44765.33203125 43022.5625 41951.95703125 39572.30859375 45591.671875 45236.296875 43892.90625 40546.89453125 44665.10546875 37999.6328125 44361.69921875 44556.27734375 44670.91796875 33766.578125 26619.59375 37682.32421875 45493.1953125
45259.41015625 45283.58984375 45488.41796875 44755.5078125 37639.76171875 41465.33203125 39395.75390625 40439.953125 41936.80078125 39548.0078125 40958.796875 44675.015625 44827.7890625 44696.7265625 44591.6953125 44454.45703125 44542.828125 46207.515625 47453.13671875 46857.1796875 45581.36328125 45045.37890625 45747.9375 45530.21875 45011.04296875 44882.015625 44373.7578125 44076.16015625 43745.53515625 44012.390625 43784.22265625 43209.25 43261.63671875 43065.51171875 44884.11328125 44503.265625 44255.578125 44928.98046875 44298.08203125 42458.20703125 41851.734375 46317.8828125 44131.92578125 41334.84375 41653.97265625 43165.41796875 44643.06640625 44522.41796875 44343.19921875 43352.61328125 33565.3125 31568.509765625 41286.08203125 44996.8671875
