Map_Files/Contemporary/elev.asc
NCOLS 312 
NROWS 528 
XLLCORNER 7.000000002 
YLLCORNER -10 
CELLSIZE 0.0416666666666667 
NODATA_value -9999 
[rows 320 to 359 of 528, columns 180 to 269 of 312]
500 480 482 555 527 503 542 500 470 466 448 468 429 395 370 369 380 405 433 398 358 380 400 441 456 429 404 376 357 361 363 348 342 345 337 334 320 310 308 306 305 302 305 303 299 302 302 303 302 301 296 293 291 290 289 289 296 305 299 307 311 342 358 347 333 335 355 345 341 330 327 329 330 327 320 320 317 316 310 306 304 309 311 311 313 316 318 319 321 323
567 528 459 508 508 486 530 505 480 446 441 441 433 378 364 375 391 466 450 366 375 389 435 432 463 425 393 374 363 380 356 349 351 347 339 326 320 329 308 310 304 301 300 303 298 303 308 300 300 301 296 295 290 289 290 290 307 306 306 312 317 361 351 340 346 341 361 350 345 329 336 341 334 322 325 320 317 314 311 309 310 308 309 312 312 314 314 317 319 316
566 541 508 454 466 514 536 522 455 453 435 411 391 394 364 389 407 450 392 367 385 409 418 458 482 417 401 381 386 382 359 369 359 360 341 331 316 323 307 308 302 300 300 302 300 303 303 306 300 293 296 294 289 289 289 294 300 299 312 313 324 359 361 351 355 349 358 361 338 346 352 353 334 319 319 323 321 317 316 317 314 310 304 306 307 308 318 321 317 317
535 493 490 486 457 491 492 525 497 465 428 417 398 395 369 418 458 417 364 385 417 421 436 474 440 411 384 371 395 375 368 377 371 359 349 330 322 319 311 312 306 300 298 303 306 305 303 297 297 292 292 289 289 290 291 297 294 306 308 313 333 362 363 364 351 362 364 357 356 360 353 346 328 326 319 326 318 316 319 319 316 314 308 303 299 308 319 317 319 317
509 510 488 485 456 435 501 474 505 471 416 407 388 367 382 446 448 379 378 409 415 450 472 488 443 415 378 395 398 370 385 380 383 372 350 328 323 319 308 307 300 299 297 298 302 304 303 302 300 299 292 289 290 290 293 296 295 307 308 309 328 348 364 364 357 375 375 356 359 353 349 348 335 327 324 321 316 314 314 315 319 308 308 302 296 303 313 313 314 313
603 540 498 461 458 417 486 462 481 431 420 380 370 385 423 489 434 371 401 418 412 442 477 451 417 389 386 416 386 379 390 406 390 367 356 344 336 321 306 301 300 297 295 296 299 303 303 303 302 299 292 287 289 289 289 297 307 310 311 313 333 340 351 366 390 384 379 356 346 336 333 342 341 323 323 322 318 312 310 306 308 304 303 302 299 302 307 309 304 -9999
498 479 469 513 553 493 422 413 396 383 380 372 395 405 480 478 414 378 430 439 438 486 505 445 398 414 421 419 387 390 401 415 388 386 363 358 335 320 309 309 296 295 294 296 301 304 304 302 301 302 290 290 289 289 293 299 298 303 309 318 328 350 359 393 402 387 373 347 350 348 352 330 326 321 323 324 318 313 311 305 303 304 302 301 298 298 301 309 295 -9999
515 534 493 440 499 483 403 431 448 439 419 382 409 458 510 471 383 397 407 449 485 534 485 418 421 453 455 406 399 418 418 390 416 408 367 341 326 317 307 303 301 295 292 299 303 303 301 300 302 296 289 289 288 296 304 304 305 308 311 320 332 343 363 397 404 386 368 350 356 349 344 346 334 323 321 321 318 315 314 313 310 309 305 302 299 298 292 300 303 -9999
549 486 515 514 435 416 453 504 495 519 430 391 433 520 502 437 379 440 440 427 505 539 495 471 493 455 435 423 438 448 399 382 418 422 375 359 356 339 324 295 298 297 291 301 302 301 296 298 299 290 288 288 290 299 300 306 307 309 312 318 345 357 384 399 387 379 369 355 345 350 341 334 334 324 321 317 318 318 318 313 310 308 302 303 299 296 -9999 -9999 -9999 -9999
584 558 587 557 514 407 510 543 524 471 388 412 479 515 466 390 405 476 449 463 518 550 524 501 495 414 379 426 419 439 389 377 373 382 357 353 347 334 331 295 295 299 290 295 295 295 289 288 289 288 285 288 295 302 303 305 306 309 313 322 336 350 371 393 392 387 368 357 351 335 335 328 326 324 329 320 316 320 324 310 305 301 306 305 301 295 290 293 -9999 -9999
510 485 532 526 475 449 536 545 486 429 389 464 509 464 395 403 472 487 500 516 531 530 456 420 442 399 375 383 386 437 433 372 344 411 410 387 348 334 315 302 294 291 285 285 290 289 287 287 289 286 284 290 299 301 304 304 299 299 312 323 343 361 382 392 406 383 374 362 347 345 341 337 328 324 320 319 317 319 323 315 309 305 306 307 308 305 296 299 293 -9999
548 543 503 463 423 502 539 561 486 405 441 532 522 413 425 462 461 521 539 582 571 512 479 430 403 414 416 364 385 395 424 367 357 436 458 408 355 324 327 307 292 289 285 284 285 285 287 287 290 286 287 290 298 299 298 294 299 311 321 333 338 362 393 393 407 397 378 368 351 343 337 338 327 324 320 317 317 318 324 318 318 314 311 309 314 312 313 318 296 -9999
598 595 552 450 514 536 573 512 457 415 526 541 497 397 485 526 498 535 577 525 522 487 441 437 416 385 415 395 366 361 372 344 369 397 395 405 379 329 303 298 292 290 289 284 285 285 287 292 293 290 288 289 292 292 301 299 310 321 337 354 362 370 383 390 383 377 376 368 354 344 341 333 334 325 323 318 319 315 321 319 321 324 317 306 322 316 313 314 306 297
594 573 493 510 554 591 558 499 420 490 553 532 447 473 524 565 583 570 517 488 462 458 409 423 409 358 339 329 326 327 324 321 315 327 341 338 315 303 312 336 303 289 287 285 287 284 289 290 289 294 287 290 295 303 310 299 301 322 349 367 378 377 384 392 386 369 365 360 348 342 338 334 330 329 324 321 322 315 319 320 323 325 319 315 314 318 314 305 300 -9999
555 536 498 602 605 617 576 483 470 543 611 544 433 505 560 600 592 583 472 501 438 448 421 365 346 367 376 404 363 384 379 381 324 321 318 318 309 339 367 363 318 290 286 285 287 290 285 287 293 297 289 293 298 307 310 307 299 314 341 363 376 372 378 383 390 375 363 347 342 347 343 337 329 326 326 322 318 317 315 316 322 322 325 322 318 313 318 310 299 -9999
509 528 598 638 624 565 562 437 550 573 567 476 471 548 625 657 543 489 452 411 382 379 357 373 409 418 421 423 421 420 408 357 354 377 380 378 321 390 404 341 319 292 288 286 287 285 287 288 298 295 291 292 294 300 308 312 307 320 347 358 377 356 368 384 383 364 351 350 336 338 337 343 330 318 328 329 314 317 319 320 321 321 326 320 322 322 318 309 307 297
556 628 649 646 598 508 454 512 568 613 526 422 526 544 588 632 537 484 411 379 404 436 412 445 491 468 515 461 485 478 409 352 406 420 399 335 342 389 378 347 313 298 287 288 284 286 296 304 301 298 296 294 297 302 305 315 316 320 356 356 353 339 371 381 364 359 347 343 333 330 331 328 330 324 318 327 315 311 313 319 321 323 321 319 317 317 316 309 299 291
664 674 679 624 516 458 538 580 581 542 434 504 537 616 639 569 507 440 413 472 486 508 456 494 508 539 551 520 475 415 386 351 405 451 385 343 399 396 345 328 302 292 286 286 286 314 315 309 307 307 307 300 298 309 309 305 316 323 349 335 332 362 363 364 361 355 347 334 328 320 325 324 319 314 315 319 324 319 314 313 317 317 316 324 321 319 318 321 323 309
681 690 584 481 486 606 579 613 584 462 487 541 617 679 627 543 520 416 513 463 523 525 493 556 560 608 592 540 511 470 445 382 444 447 399 369 414 384 383 336 286 287 281 285 303 316 321 312 312 314 307 301 304 312 320 312 318 319 326 329 332 362 358 352 346 347 341 331 329 328 324 320 320 310 320 322 323 315 313 306 314 314 319 327 331 322 330 335 324 321
588 656 579 454 571 597 628 618 535 447 550 601 683 685 594 476 424 477 550 552 593 578 602 637 611 559 532 509 519 500 461 393 473 441 405 416 405 349 329 303 283 303 301 293 297 302 325 315 315 320 313 309 316 324 329 336 350 341 344 357 348 360 363 359 354 347 347 332 327 324 319 313 319 318 314 312 316 319 308 306 311 313 320 319 329 328 328 324 327 325
476 497 450 530 632 661 664 618 455 538 586 668 718 691 611 491 473 534 579 642 657 650 640 609 535 495 470 452 458 443 407 413 469 444 447 413 397 393 310 283 284 303 333 322 319 309 308 315 318 326 319 322 322 337 336 348 357 343 362 366 355 363 359 356 351 347 351 343 326 318 317 320 312 308 316 307 308 310 304 306 309 312 321 321 334 332 329 324 321 334
544 560 507 609 674 654 618 528 546 622 688 699 718 637 594 444 534 601 665 671 658 652 634 614 583 529 533 481 442 475 470 481 461 458 418 389 353 372 295 284 283 294 339 364 345 337 323 335 323 334 329 326 329 357 346 362 365 366 366 364 361 357 352 351 351 350 348 345 334 324 315 318 319 313 314 307 300 300 301 301 309 312 319 327 328 332 326 322 321 323
741 758 639 628 684 578 477 519 548 600 733 727 693 643 473 564 578 668 687 676 670 655 643 638 626 588 597 525 518 506 524 491 469 352 353 320 313 311 282 282 286 283 308 393 373 347 326 337 346 363 358 357 367 372 366 385 375 372 370 359 359 352 348 346 351 350 340 336 332 324 328 319 309 303 305 313 310 297 300 304 308 311 321 328 326 325 323 326 316 326
806 739 786 747 704 529 624 673 699 668 711 712 624 523 563 656 688 694 687 679 665 657 651 654 639 634 624 595 602 568 526 460 370 345 346 360 382 372 283 283 278 285 376 436 397 345 338 337 371 404 395 377 400 400 402 389 378 372 372 370 357 349 342 342 342 342 344 331 331 323 315 317 315 303 303 305 312 301 300 306 307 308 311 329 326 323 319 316 316 323
818 801 696 646 616 708 768 763 753 746 734 701 572 650 658 694 698 693 688 679 672 657 651 642 633 623 624 617 617 586 514 446 383 397 378 384 398 359 285 282 277 288 427 461 439 360 343 368 371 429 413 405 404 398 400 391 386 378 367 364 358 346 335 337 339 334 337 331 329 325 319 318 311 307 304 301 311 300 298 308 305 302 316 326 329 327 324 320 314 308
822 807 753 543 693 783 776 765 757 752 716 653 561 686 718 710 703 687 679 677 674 661 648 640 632 636 634 611 595 549 506 410 457 445 386 404 360 336 324 281 280 295 426 435 449 392 362 405 407 427 411 400 401 394 382 383 376 369 366 361 362 349 340 332 338 331 334 334 330 324 317 311 314 308 307 299 301 299 297 299 301 301 309 325 326 322 326 333 319 302
828 750 711 558 772 785 775 767 763 753 724 592 693 729 730 714 705 700 694 688 676 665 656 634 619 632 622 591 553 556 500 516 556 433 437 438 403 373 339 297 282 282 315 357 440 432 397 437 424 407 389 362 379 385 380 357 372 364 368 358 357 354 343 335 334 331 335 330 325 317 320 314 306 305 302 301 294 295 297 296 299 309 312 326 330 333 334 341 333 305
745 647 512 605 734 788 777 771 764 740 668 621 737 739 727 719 712 698 691 662 618 589 570 541 536 579 584 594 598 613 597 626 607 540 533 541 494 421 395 331 281 283 336 399 462 478 444 444 428 423 391 392 361 359 348 355 349 350 361 350 356 353 341 334 322 329 324 333 330 315 319 316 308 303 300 300 294 296 294 311 313 305 315 333 336 342 345 338 339 317
708 521 639 704 792 794 784 775 753 678 522 679 746 738 731 679 680 694 649 629 627 604 492 496 499 482 562 619 634 638 629 625 611 605 553 498 458 500 442 331 276 284 367 436 469 497 480 454 430 425 410 389 375 373 384 380 365 360 355 344 347 345 339 332 325 316 327 332 333 323 321 317 308 304 297 297 301 294 293 310 324 314 320 335 332 327 339 337 340 325
573 534 680 747 685 602 642 623 634 482 647 702 713 732 659 605 716 611 592 452 441 463 584 634 622 590 616 650 635 633 630 623 609 601 530 487 411 429 441 403 287 268 356 477 488 488 479 463 429 415 404 387 399 389 383 380 372 364 351 341 334 345 344 336 332 314 324 326 332 325 323 313 314 309 302 297 294 291 303 321 341 335 322 333 331 341 334 329 341 320
555 663 681 708 619 586 526 580 576 545 638 560 646 628 539 709 634 518 433 563 502 627 668 655 639 641 656 650 587 555 616 603 551 547 488 445 409 355 377 428 358 280 379 465 486 485 474 465 427 419 405 402 402 406 390 382 376 361 357 349 332 334 348 340 341 332 320 331 330 318 312 308 315 314 305 299 298 293 301 317 331 346 315 328 339 330 329 327 338 310
623 721 711 653 611 579 497 478 418 597 561 616 605 480 504 623 496 408 543 664 646 676 668 661 651 647 644 611 533 477 520 548 493 503 478 406 359 344 330 329 353 287 401 453 475 491 474 479 437 413 383 396 399 394 391 375 368 374 363 354 348 321 343 339 337 330 323 328 314 315 312 306 313 320 317 313 315 298 294 303 333 319 311 319 339 324 311 313 323 298
701 740 673 666 599 555 675 658 468 591 526 558 627 669 526 533 399 579 597 709 697 685 684 669 658 649 534 554 547 451 438 492 455 453 415 375 401 439 385 424 333 288 357 441 479 486 477 471 436 417 405 369 390 386 386 387 381 372 360 350 342 339 332 339 332 331 321 324 315 309 307 315 305 312 317 299 315 299 296 321 326 310 316 316 327 334 308 307 307 290
698 722 590 611 595 688 651 558 447 433 520 642 611 533 561 375 493 625 718 711 701 693 679 668 656 630 578 478 418 364 482 512 497 454 471 434 469 486 461 448 290 332 413 425 469 479 469 473 443 411 404 397 351 393 414 395 383 372 366 353 341 336 315 331 327 322 312 328 321 308 300 303 300 297 299 292 296 291 298 310 302 312 302 309 306 325 309 297 294 299
708 657 625 652 645 698 601 481 623 466 439 620 474 426 454 473 644 643 676 700 707 685 649 624 638 569 491 516 501 412 410 459 416 516 555 566 561 552 515 453 292 346 347 369 446 475 468 473 443 417 361 398 345 379 417 395 382 372 360 353 350 345 335 319 306 300 310 327 316 320 304 292 296 291 296 300 292 291 293 295 296 294 298 294 298 299 297 306 299 306
768 742 679 654 578 673 520 588 596 515 409 537 644 581 373 473 505 590 568 678 615 584 488 549 624 627 606 478 467 478 335 348 370 483 479 535 562 560 539 453 299 327 402 457 436 459 474 470 450 423 379 355 337 376 401 389 378 368 357 354 349 355 347 331 329 313 293 314 314 306 305 290 291 294 300 305 310 311 299 309 315 304 308 300 293 293 295 304 306 300
654 738 654 616 529 505 528 642 533 510 403 606 479 453 370 541 591 592 539 553 502 573 635 677 647 636 500 390 354 328 331 363 381 323 374 535 482 524 529 386 289 334 409 510 490 486 483 458 449 427 396 321 315 370 383 368 365 371 358 342 351 352 346 354 344 321 301 306 309 294 291 292 307 316 318 314 324 321 314 325 335 321 313 302 306 304 314 330 310 305
586 623 674 708 549 493 627 632 542 506 400 377 365 361 348 451 550 453 486 577 688 703 691 656 507 498 386 316 357 443 431 496 461 404 334 469 418 500 453 376 318 443 479 509 504 499 476 458 433 419 391 328 316 339 370 342 357 352 353 355 342 337 339 340 346 336 323 289 289 292 295 298 303 323 321 319 330 326 326 334 337 330 329 312 319 311 329 330 320 318
722 724 627 504 526 630 619 588 510 431 465 499 441 384 377 350 422 496 553 658 715 705 695 591 433 344 327 388 451 517 483 590 514 558 489 325 331 380 354 319 293 460 515 521 491 478 457 439 415 414 352 332 313 333 348 336 337 328 337 324 327 315 326 314 327 331 300 289 299 316 332 307 317 330 337 338 331 337 333 344 341 334 333 321 325 321 338 330 337 325
701 587 507 513 553 555 611 617 498 544 480 430 410 426 395 357 385 561 523 651 699 535 628 517 325 343 443 424 501 648 622 632 624 612 566 459 445 481 402 355 289 446 508 507 480 450 441 413 357 405 360 327 326 329 326 332 334 321 331 308 304 299 292 291 298 298 290 298 322 326 319 317 328 324 343 348 334 342 341 351 362 344 337 328 339 340 341 339 344 333
