Map_Files/Contemporary/elev.asc
NCOLS 312 
NROWS 528 
XLLCORNER 7.000000002 
YLLCORNER -10 
CELLSIZE 0.0416666666666667 
NODATA_value -9999 
[rows 320 to 359 of 528, columns 90 to 179 of 312]
129 134 206 233 526 607 618 514 331 469 685 611 634 667 664 703 677 722 709 713 752 717 734 662 617 600 576 540 590 615 596 615 587 539 539 526 652 576 410 358 397 503 469 528 599 623 515 537 482 503 504 519 509 550 406 418 436 428 479 379 327 309 296 306 307 317 327 345 401 411 427 457 461 474 536 544 552 564 584 551 513 438 537 560 567 560 520 587 608 532
102 118 134 232 442 550 584 600 453 392 708 695 628 599 624 741 740 748 738 751 739 687 686 692 640 612 584 606 596 600 591 620 613 543 620 572 585 652 509 389 391 537 509 470 666 582 542 570 551 546 512 553 455 412 410 424 623 421 534 427 381 311 309 308 325 330 336 355 393 423 427 459 480 501 499 526 585 590 610 575 541 437 523 573 562 579 579 594 575 578
105 116 133 184 321 560 581 621 507 369 731 743 651 646 654 708 805 793 766 632 670 647 625 674 672 625 614 616 627 603 612 603 671 599 585 634 660 609 422 355 402 498 505 517 671 564 570 588 586 545 521 579 464 454 418 439 581 453 455 459 421 413 352 382 370 381 334 351 382 403 437 456 458 502 579 518 530 541 609 560 506 452 480 516 548 597 594 574 532 557
110 108 117 138 222 356 551 614 730 455 693 747 630 697 750 739 798 795 659 634 709 639 602 614 685 651 618 640 639 614 642 654 660 660 605 685 677 679 506 369 407 504 641 629 602 569 574 587 566 537 550 504 471 473 442 456 493 541 456 440 395 333 340 430 429 465 375 382 410 422 374 400 428 466 525 571 540 529 599 560 564 501 457 563 573 552 539 516 538 580
119 104 104 130 171 292 441 545 741 569 622 719 697 736 761 780 803 803 703 603 659 593 592 620 704 698 685 715 669 634 635 690 663 694 672 689 696 675 538 422 473 502 566 609 607 582 576 562 587 573 605 539 526 501 478 475 500 598 459 423 433 301 289 304 370 398 391 358 392 438 405 420 439 495 543 474 532 547 513 565 617 551 459 473 511 504 514 563 559 575
113 106 107 114 136 212 343 455 615 665 588 659 671 694 763 783 776 687 674 593 574 584 595 615 738 772 797 789 665 679 690 705 680 700 712 698 688 707 663 589 652 581 552 523 576 583 593 556 594 601 626 610 539 507 490 472 482 452 428 475 533 387 318 296 315 352 365 346 367 380 374 387 449 480 475 452 522 520 509 558 625 602 497 468 564 591 578 601 624 614
120 116 112 111 129 163 273 412 521 594 597 628 579 661 717 764 686 596 676 590 562 573 580 622 810 870 868 815 706 743 760 730 698 725 711 696 693 712 726 669 737 546 619 511 577 617 645 604 619 647 646 652 638 496 475 490 496 450 462 467 510 447 356 322 329 316 313 323 312 374 386 389 435 446 439 434 470 564 557 529 635 584 511 528 516 581 625 627 587 510
113 117 117 109 116 124 172 272 285 402 560 522 547 636 659 729 592 556 662 576 561 590 610 636 815 797 766 840 776 761 749 728 732 753 740 718 714 715 720 731 734 634 664 653 665 622 692 677 664 669 660 697 646 514 490 515 524 487 485 515 469 407 352 316 427 367 326 351 327 379 386 386 408 419 404 418 471 497 553 606 603 593 522 577 501 571 599 579 531 553
113 112 116 114 105 125 147 224 250 276 528 448 505 631 634 665 584 537 636 578 581 600 604 699 821 737 734 799 773 810 843 734 773 750 759 740 757 771 736 700 684 688 683 664 716 692 702 717 685 659 691 703 647 601 520 541 544 493 482 458 445 484 402 328 414 363 331 361 368 370 386 390 381 398 411 443 502 568 579 561 508 572 546 609 550 504 537 545 599 620
158 117 108 119 103 108 127 155 231 359 505 369 434 562 615 595 559 548 620 571 575 570 579 731 744 711 758 787 748 748 827 795 771 795 814 753 756 817 874 766 723 729 720 711 748 730 703 732 701 678 701 695 633 617 564 553 535 496 452 440 416 430 405 369 454 437 355 353 383 389 395 398 419 398 395 413 448 509 564 501 594 560 547 614 612 556 546 593 619 613
207 149 107 103 107 105 115 132 206 343 432 277 351 420 608 565 496 565 602 541 537 553 568 621 699 707 768 761 736 724 756 762 798 782 848 796 851 740 867 831 773 763 747 773 760 749 745 739 698 710 712 670 633 611 590 579 504 486 432 427 397 379 392 432 428 449 445 439 410 382 402 428 425 410 395 406 430 440 449 524 498 500 508 614 644 601 528 552 589 539
190 172 118 101 103 102 97 113 141 257 356 274 290 318 485 605 421 525 558 540 558 562 581 715 731 711 709 711 709 710 728 725 759 -9999 829 816 827 762 892 853 829 812 790 801 797 774 776 749 731 753 731 657 644 626 592 552 524 516 482 447 388 401 391 431 477 456 441 430 455 421 417 440 455 434 401 426 440 477 573 536 545 536 560 556 626 569 589 569 612 496
214 229 196 110 100 99 94 93 123 165 253 246 234 304 394 551 429 522 597 556 603 588 587 622 692 685 701 697 708 722 724 734 756 776 818 803 810 807 861 851 866 836 815 802 798 774 765 766 764 748 711 680 614 609 587 560 510 518 521 489 427 421 402 409 438 476 455 448 458 434 450 466 464 439 417 426 469 497 514 555 596 596 644 568 592 639 608 607 597 532
283 293 223 149 107 102 99 95 108 154 176 265 180 251 306 340 463 561 624 533 657 650 580 611 664 676 697 688 706 708 728 740 744 763 772 768 812 775 817 790 846 851 838 806 775 761 768 754 758 725 699 668 634 605 608 576 559 548 539 524 483 457 436 474 443 461 442 450 458 443 453 477 478 451 429 419 430 501 490 561 649 640 662 594 604 652 642 639 653 613
341 328 218 175 161 115 108 97 100 127 154 220 164 180 245 276 366 449 461 436 555 588 565 607 658 663 684 684 705 718 729 735 734 741 741 760 780 766 752 761 804 832 844 838 782 759 751 742 743 722 723 692 674 637 619 590 570 558 575 578 553 533 463 525 503 485 464 474 457 438 445 470 490 460 441 432 423 435 522 504 587 685 624 558 544 659 632 646 645 617
343 325 227 196 169 134 105 98 99 107 152 187 163 171 226 310 375 382 405 462 461 505 577 612 612 685 658 690 700 716 729 734 726 731 743 769 765 763 744 727 755 776 817 799 795 774 758 733 729 718 743 720 666 643 628 602 585 591 612 606 563 545 525 549 529 508 488 460 489 446 450 465 481 461 467 447 459 431 425 552 586 654 584 577 666 676 553 627 626 604
356 344 317 256 264 132 107 109 108 103 124 154 185 156 195 266 271 323 437 499 558 531 598 606 621 692 713 733 716 710 712 708 725 736 748 782 754 747 725 700 712 700 714 727 784 788 756 750 723 707 712 704 657 647 639 598 578 577 606 608 538 526 516 521 537 513 511 484 497 481 470 461 475 480 490 459 492 473 490 447 485 589 563 712 679 618 625 525 533 538
351 355 346 324 327 267 122 118 117 101 106 144 186 192 172 227 209 300 413 453 521 511 553 597 607 668 685 702 721 722 740 729 739 732 732 740 712 714 710 702 698 685 714 691 741 791 761 729 716 692 665 681 675 642 635 598 580 595 560 553 543 517 551 536 512 526 524 505 508 509 476 469 470 478 483 506 505 486 531 469 641 620 565 601 697 660 564 614 638 619
343 345 346 347 341 327 223 137 118 118 108 114 186 182 175 209 260 323 391 410 444 473 498 535 569 610 619 649 679 719 724 719 735 726 721 704 697 718 697 698 716 683 678 699 749 747 765 731 696 687 649 674 671 653 647 645 608 595 555 571 575 537 549 534 526 536 531 517 505 513 502 486 474 487 506 556 548 545 563 477 545 633 681 563 705 672 644 687 653 617
333 332 337 324 322 336 298 157 136 119 112 109 145 186 169 153 203 278 342 378 393 430 432 456 508 565 577 601 626 667 688 705 707 720 716 721 687 705 703 688 688 680 676 693 722 754 738 747 676 665 653 668 681 675 661 655 612 600 615 617 616 569 570 551 532 538 534 521 508 516 512 499 494 496 545 523 594 529 580 481 568 524 625 736 684 659 717 616 544 529
318 323 319 325 314 338 322 259 154 130 122 110 117 161 152 158 185 215 284 328 342 383 393 461 440 522 535 568 569 596 609 655 672 703 699 705 687 713 689 686 688 664 679 713 722 715 708 714 666 651 665 669 687 686 678 670 628 631 643 636 631 613 588 564 552 547 542 530 520 508 526 516 509 516 539 565 569 553 511 583 654 593 671 719 719 722 670 547 685 641
312 320 310 309 298 327 344 289 173 137 132 124 120 127 139 178 135 164 225 264 292 352 393 409 428 446 444 494 502 533 544 515 587 620 690 695 699 669 666 676 673 661 666 666 683 682 689 684 660 652 664 683 681 689 686 670 655 664 666 657 632 617 603 583 555 556 549 542 527 515 518 521 524 525 546 567 602 590 495 543 681 665 664 680 669 611 613 680 599 484
305 315 305 280 277 317 330 345 184 156 137 140 124 121 132 145 175 163 204 226 266 333 386 405 434 426 455 429 406 397 443 425 470 558 658 676 692 657 662 672 669 658 676 688 685 686 677 670 669 654 679 689 684 696 701 693 687 669 656 646 635 619 614 589 565 555 543 541 528 524 528 524 530 550 575 613 549 539 604 566 548 616 642 640 617 717 742 618 574 707
287 300 284 252 273 310 325 352 328 232 149 149 134 124 133 144 183 171 213 213 224 283 329 356 387 394 430 390 357 380 387 397 447 538 623 661 659 656 664 663 668 653 642 666 682 696 671 668 651 661 650 684 678 703 722 704 690 657 646 637 643 627 604 584 572 559 551 547 539 530 542 531 535 574 646 594 595 651 651 609 628 633 698 736 731 707 631 614 807 822
255 275 251 220 272 284 311 328 363 325 163 151 141 132 134 139 163 200 164 168 163 229 286 320 327 362 394 353 337 370 432 492 510 512 554 636 621 627 665 672 648 643 622 673 670 683 661 663 657 629 619 642 714 725 731 696 663 646 624 614 611 597 606 589 565 559 551 537 547 542 536 540 555 612 613 663 708 582 557 633 604 633 699 741 721 637 531 715 838 827
236 243 251 183 256 281 309 329 363 304 175 146 144 138 131 136 147 198 176 188 156 182 246 269 299 327 359 341 385 414 454 492 499 502 514 555 586 602 643 654 650 645 617 653 682 691 660 659 657 618 591 613 658 749 724 675 662 651 631 610 586 582 580 581 583 560 539 550 560 547 543 537 550 564 610 619 582 615 688 711 618 714 698 669 677 552 666 806 840 832
229 218 205 208 254 289 308 313 346 351 191 152 166 154 144 138 141 170 204 220 246 159 189 240 251 280 324 338 369 408 396 439 468 496 483 523 543 573 618 639 651 629 619 648 682 693 655 645 665 647 603 624 729 704 702 658 652 637 625 626 611 610 581 588 581 552 557 561 563 549 542 548 535 536 547 613 616 594 612 654 659 714 713 622 552 610 649 803 846 833
233 190 169 221 252 277 292 314 345 356 294 166 166 167 160 163 161 151 167 196 239 191 160 191 236 281 312 324 334 346 340 395 447 487 476 473 532 549 592 635 642 628 645 665 671 665 652 644 647 621 576 595 649 662 632 627 649 648 649 650 633 617 604 605 588 572 566 568 564 554 549 546 552 570 599 621 719 697 691 650 701 659 631 602 678 629 712 778 766 731
215 188 184 233 253 279 292 310 316 331 343 239 165 162 156 180 194 156 151 165 215 235 216 199 220 297 294 317 314 330 328 368 438 457 466 467 464 527 577 593 595 640 634 666 638 601 615 630 595 602 575 580 612 615 612 593 654 669 656 652 631 640 603 622 582 588 575 565 562 567 556 542 569 596 670 620 703 627 658 695 725 699 605 636 663 630 711 745 702 643
175 170 220 226 251 271 293 308 304 314 329 330 188 167 156 169 180 162 150 146 164 220 236 200 236 267 287 303 303 315 317 376 418 430 454 458 468 511 546 534 588 611 591 634 645 596 586 599 580 584 578 586 593 589 584 550 618 668 670 676 658 636 618 615 608 582 570 557 568 577 564 543 550 571 585 673 598 644 678 710 676 676 673 703 688 631 729 742 685 602
80 169 199 223 250 257 279 287 310 315 336 381 289 166 163 171 184 174 151 149 153 178 240 227 229 253 252 271 303 297 310 343 384 369 404 456 481 480 439 479 553 562 567 635 620 634 582 584 575 585 576 560 574 579 586 538 630 689 713 729 632 609 594 627 618 591 583 568 579 578 561 561 549 555 579 573 633 635 649 683 634 630 685 717 647 678 739 680 623 636
74 111 175 221 257 272 280 289 304 336 328 364 393 236 168 179 183 184 172 156 154 166 211 236 256 232 232 276 290 290 290 313 308 326 416 452 433 421 439 500 568 569 558 583 604 594 574 583 572 575 567 558 568 629 601 558 645 691 712 704 609 591 583 602 624 602 595 569 589 580 569 569 552 558 555 585 609 645 638 687 620 706 669 625 670 749 687 723 727 613
68 59 126 195 234 274 296 293 300 334 350 375 391 382 279 186 184 192 207 169 163 167 188 271 289 252 265 268 296 284 243 273 302 347 367 402 404 474 493 475 529 547 576 580 575 585 562 562 563 569 561 572 578 601 591 533 619 686 698 676 622 588 569 600 629 615 602 586 598 578 576 571 554 548 565 596 585 669 617 631 619 715 747 720 743 758 714 684 687 593
52 54 59 142 203 261 296 304 302 323 340 344 371 411 513 348 199 199 191 179 170 171 177 234 284 297 285 290 311 282 231 254 264 309 354 396 435 451 482 518 529 547 569 594 538 509 586 574 558 565 556 573 590 600 608 572 653 651 683 667 636 579 562 591 627 626 607 596 592 588 582 569 561 553 559 566 591 581 560 631 659 648 642 722 713 685 663 648 623 606
60 69 83 84 202 254 280 306 318 309 346 360 375 399 496 553 320 367 187 175 183 182 178 188 237 278 270 300 290 267 221 233 244 284 326 362 386 412 445 489 532 544 560 565 482 484 561 579 558 559 555 571 583 608 680 590 586 546 562 613 575 581 558 597 631 633 622 598 606 587 580 572 567 559 550 555 550 551 564 595 626 654 689 688 745 667 682 693 652 670
65 78 112 97 149 267 293 306 334 341 347 382 383 411 436 534 505 469 196 195 263 196 185 177 190 246 257 282 283 228 208 218 236 267 282 327 369 391 441 449 500 519 516 550 481 465 535 576 574 558 553 563 570 597 624 526 530 546 572 630 558 569 558 597 635 628 638 607 606 597 593 583 574 560 549 569 571 577 578 607 615 651 677 651 720 684 677 633 648 680
76 84 97 100 90 198 262 294 310 328 301 325 338 367 410 432 473 329 189 209 317 201 198 181 177 196 216 264 248 216 219 265 243 249 283 286 328 378 403 435 472 495 405 413 436 470 457 503 559 543 552 553 553 540 536 513 553 531 531 527 505 541 535 560 589 581 618 619 609 595 602 594 567 559 554 555 570 595 597 638 632 650 668 693 638 639 589 646 739 704
61 89 111 81 91 87 215 260 298 302 267 297 342 363 389 471 444 295 234 260 260 204 208 182 170 173 179 205 231 247 267 291 284 280 268 251 246 291 322 379 460 405 466 479 483 476 453 457 510 535 535 547 550 509 473 466 521 491 448 467 478 500 492 526 529 517 570 589 615 617 610 603 577 569 576 578 581 595 621 598 613 633 644 639 598 584 619 645 652 625
104 76 77 120 76 60 98 235 270 277 240 257 301 378 410 425 423 278 277 423 444 206 205 188 170 171 171 171 210 254 296 299 278 242 218 183 218 241 263 332 444 387 474 456 491 455 428 463 487 499 516 526 539 496 477 458 454 454 451 443 469 484 470 494 499 530 569 611 619 628 626 607 595 580 584 584 581 594 600 588 587 622 621 584 578 580 671 673 703 663
260 112 133 208 146 94 77 127 217 281 255 253 317 380 390 315 345 274 279 236 370 223 193 179 175 160 162 161 174 210 264 270 304 235 212 185 178 201 235 280 374 376 433 477 493 402 422 456 478 469 475 491 508 475 486 469 461 443 451 459 457 455 459 460 484 532 548 534 568 592 598 608 596 580 589 593 590 599 574 571 563 572 563 561 558 593 602 660 646 660
