Map_Files/Contemporary/elev.asc
NCOLS 312 
NROWS 528 
XLLCORNER 7.000000002 
YLLCORNER -10 
CELLSIZE 0.0416666666666667 
NODATA_value -9999 
[rows 80 to 119 of 528, columns 90 to 179 of 312]
130 166 196 198 215 190 164 161 180 206 225 241 225 243 247 255 312 601 579 828 964 1162 1264 1305 953 740 653 567 538 742 501 443 424 407 410 396 418 429 393 404 438 537 867 1351 1177 1104 970 842 371 239 258 268 256 275 301 333 345 365 350 360 387 389 373 347 324 300 303 295 302 270 258 280 294 317 463 378 251 223 234 227 237 237 228 239 261 286 291 284 280 289
170 155 172 206 218 188 187 190 165 173 183 189 197 218 233 252 288 393 450 419 760 1181 1237 1249 1278 759 747 689 656 704 492 451 421 420 430 410 433 415 419 435 439 461 843 1322 1372 829 427 504 277 239 244 285 299 279 288 302 362 385 390 392 382 390 357 336 323 309 325 319 319 285 279 299 326 325 352 351 261 250 261 240 261 260 254 252 282 315 322 319 306 304
207 188 171 208 228 207 217 189 214 198 238 209 263 206 213 241 280 395 370 305 519 937 961 955 1174 1133 696 603 536 635 465 477 447 467 478 431 445 436 449 482 475 576 484 1206 1284 395 329 292 246 242 263 270 288 305 344 577 637 363 453 543 407 384 371 358 336 327 351 368 352 302 308 327 327 309 287 280 255 270 282 258 266 287 280 261 289 312 344 334 305 317
226 204 198 223 235 236 230 200 218 232 251 371 233 222 236 221 242 251 265 300 390 567 788 712 755 1217 1145 742 550 492 481 508 500 483 455 455 471 467 481 495 604 435 444 376 359 324 290 258 274 271 271 294 309 305 369 927 934 572 454 531 475 474 519 485 350 349 380 395 340 306 320 344 335 311 292 263 267 283 294 292 274 305 295 275 293 331 348 331 329 326
222 236 237 225 217 214 236 238 235 276 354 306 240 240 232 243 251 259 294 358 525 517 460 561 674 1004 1313 820 557 524 521 511 485 463 441 464 489 510 631 443 377 319 313 296 283 280 271 266 293 301 297 306 338 327 341 486 525 644 523 475 522 531 466 376 361 386 380 359 335 334 331 362 348 320 316 326 288 275 299 310 304 330 351 299 282 312 353 357 355 373
233 238 213 200 202 232 242 245 259 302 496 444 274 265 277 287 258 286 356 359 363 353 730 847 1128 1264 1212 848 577 524 502 485 465 451 537 542 485 417 410 339 308 308 303 302 311 287 293 277 276 308 318 331 366 373 353 384 467 884 658 532 609 741 576 404 400 413 408 433 357 370 329 353 338 338 483 559 306 292 302 331 380 594 462 314 291 335 386 469 461 586
225 214 191 191 222 231 224 224 239 264 432 393 291 304 340 312 322 306 309 370 339 381 767 1088 1287 1129 820 939 912 744 643 541 491 486 577 938 919 604 397 350 317 347 349 345 307 315 319 293 290 278 299 324 358 380 386 415 568 1157 979 694 1142 1357 1004 596 447 546 579 457 381 361 346 353 372 383 461 383 319 305 303 361 532 604 349 301 308 333 352 373 339 343
231 181 181 199 217 213 206 232 401 542 570 373 268 271 294 274 286 290 379 460 427 463 512 649 703 776 633 790 1138 1104 960 564 532 505 582 839 674 449 360 341 327 368 369 326 335 342 308 311 325 309 289 324 361 357 388 493 633 844 814 1360 1521 1208 899 939 793 714 562 432 409 377 366 390 388 398 391 358 345 330 319 629 604 354 316 294 291 294 301 301 309 320
203 172 188 184 193 191 197 235 245 233 484 326 258 265 401 354 304 321 418 661 567 438 526 433 433 497 899 987 1180 806 609 545 499 464 430 404 385 351 349 381 387 378 349 352 397 364 318 322 341 330 295 326 375 377 386 435 471 553 642 1039 900 635 668 891 741 645 577 470 409 385 379 412 420 400 391 376 411 333 368 608 374 338 329 332 329 327 313 310 314 315
176 163 188 180 188 197 195 205 209 266 300 244 237 273 269 274 282 413 529 552 627 888 849 895 896 706 801 1033 1040 776 682 540 500 473 460 438 412 363 377 447 514 381 405 466 364 341 338 351 360 339 306 313 354 343 369 385 449 451 484 497 510 691 1015 934 828 684 613 496 446 408 399 399 428 429 396 374 359 345 347 387 510 368 363 373 373 403 351 321 334 326
161 166 187 196 199 216 220 224 229 227 281 275 260 239 270 305 327 303 407 452 793 932 999 916 1033 1123 1100 1054 896 637 593 555 521 487 432 414 378 356 430 456 451 381 407 409 368 367 370 364 386 348 322 316 317 322 338 353 376 408 429 459 511 575 606 626 619 641 637 585 518 459 441 425 448 433 401 395 392 348 349 401 530 396 395 422 434 396 363 343 353 359
157 159 190 186 201 203 205 230 247 281 313 281 334 274 250 275 283 309 335 326 438 643 627 900 872 940 1007 1031 779 601 548 517 556 512 467 421 375 383 398 440 410 396 433 406 401 383 387 397 386 352 352 371 357 348 334 365 417 413 440 466 477 499 523 540 585 626 604 578 520 516 504 464 486 456 426 411 368 366 372 371 405 409 424 476 456 436 396 373 394 416
171 156 167 171 180 186 198 209 250 342 363 305 361 365 281 282 392 591 509 510 652 508 815 1072 910 789 967 936 619 558 534 519 505 516 475 418 373 399 416 444 430 454 436 501 448 402 407 417 393 378 387 396 385 355 340 364 396 411 420 437 453 465 493 528 584 586 571 560 512 486 471 463 423 428 422 390 364 389 398 378 394 442 493 465 473 441 416 429 448 471
148 152 173 179 186 181 195 213 232 240 247 377 394 414 358 340 462 396 412 424 361 404 737 939 831 762 820 980 779 548 497 482 457 460 442 405 383 392 424 447 464 466 454 499 442 428 432 446 403 392 414 418 392 377 356 366 379 396 410 420 440 465 481 514 558 551 530 535 517 481 444 448 411 390 383 380 381 403 421 416 447 451 484 599 627 507 499 501 524 691
152 157 187 198 208 204 209 202 217 227 248 284 381 461 432 374 436 365 457 410 561 610 502 611 572 584 671 900 887 644 527 493 485 466 419 406 414 417 410 455 483 490 489 496 466 434 456 446 430 434 426 436 419 403 389 367 406 413 418 432 441 458 472 490 516 553 533 497 480 453 425 410 402 423 423 418 446 478 480 467 498 547 583 568 643 624 599 592 627 671
174 154 176 186 201 225 223 229 225 242 256 353 691 752 470 382 353 348 345 364 726 536 515 486 520 503 622 764 815 635 560 521 488 459 431 409 437 453 431 439 486 527 536 537 491 458 478 470 492 487 459 444 437 440 413 377 373 387 417 427 435 445 454 476 521 616 569 512 494 456 438 442 487 537 468 481 559 606 517 605 743 598 616 646 849 770 631 621 641 707
174 168 162 175 176 204 208 226 231 239 280 289 301 415 429 412 344 323 335 358 478 489 458 449 470 500 528 591 754 639 554 524 524 465 425 406 440 474 445 477 475 541 560 526 488 477 495 496 576 558 483 468 470 449 422 399 410 393 400 406 418 423 447 485 520 613 572 554 602 505 453 489 579 609 551 561 607 631 662 727 682 838 839 871 1045 870 747 883 856 823
193 212 174 173 180 189 218 231 241 245 250 263 566 406 424 417 412 313 374 417 391 423 413 432 457 464 485 516 594 644 594 576 531 506 450 425 440 493 486 486 520 509 544 532 518 510 515 535 644 557 643 539 506 472 428 428 443 413 427 442 464 468 463 556 566 641 605 603 573 511 472 466 512 603 675 686 760 1223 1323 893 1056 1335 1129 1040 1082 1077 1122 1219 1184 1009
217 234 185 179 188 187 205 243 230 237 256 268 298 293 355 274 289 337 293 296 340 533 459 415 500 502 500 573 764 719 611 556 525 489 501 453 448 504 534 524 540 545 553 577 553 585 555 569 591 799 1148 791 650 489 456 458 458 443 457 468 519 475 483 608 694 658 641 662 604 533 488 474 493 633 675 687 914 1117 860 958 1287 1277 1233 1205 1198 1200 1193 1266 1215 1200
232 201 206 186 202 193 191 215 208 233 229 233 238 265 256 326 261 296 283 387 649 315 323 357 526 546 512 555 866 866 717 583 580 535 506 454 458 507 544 548 557 590 598 606 694 834 604 687 723 936 1272 785 615 516 477 483 476 490 475 501 547 561 551 837 922 796 721 699 581 532 502 478 498 564 611 676 771 1053 1263 1285 1245 1234 1222 1204 1198 1219 1214 1136 1025 871
328 224 234 189 221 519 273 206 224 284 244 272 301 289 285 308 267 278 279 352 629 332 324 350 494 647 780 695 817 887 803 706 680 576 513 464 477 502 546 637 779 675 635 675 707 785 727 844 1068 1268 1400 1108 886 555 522 492 526 541 529 607 564 544 650 818 823 829 692 582 535 512 517 502 511 587 646 651 674 932 1039 1220 1298 1284 1263 1242 1256 1187 1030 991 988 787
535 491 461 228 228 274 244 241 355 512 479 386 345 359 579 457 300 271 281 362 374 385 391 340 401 481 563 667 813 733 627 790 737 628 545 485 495 534 588 891 1313 1029 679 745 874 839 961 1333 1675 1652 1194 988 938 779 626 555 579 694 673 666 569 555 607 696 920 837 622 556 577 572 537 531 560 734 741 940 1110 1066 1161 1292 1290 1269 1267 1263 1235 1234 1022 776 720 711
695 780 716 275 286 244 228 266 333 731 602 538 370 390 602 678 466 292 329 318 422 458 550 386 359 424 378 413 431 486 557 638 587 605 542 491 495 519 591 796 989 861 682 724 832 1089 1288 1555 1428 1303 1053 961 912 890 855 689 564 737 726 703 594 632 829 904 894 718 603 585 627 651 605 574 605 649 690 888 1252 1289 1263 1201 1086 1036 1198 1195 1181 959 843 731 682 670
729 818 875 726 528 292 233 246 574 897 603 741 514 463 421 465 465 317 373 413 486 962 908 451 344 354 383 420 519 695 682 612 582 546 517 540 503 533 540 594 617 629 681 772 829 792 1151 1437 1168 1023 956 914 872 836 888 799 636 778 801 749 610 654 814 959 796 671 656 692 814 863 719 821 883 925 914 992 1283 1295 1266 1225 1048 869 895 910 884 863 790 731 767 798
587 615 722 855 823 398 251 267 435 617 598 544 459 528 535 500 387 291 484 428 591 899 888 561 357 373 495 541 470 866 928 725 601 570 649 807 576 518 555 557 596 730 738 803 710 817 1285 1266 1203 1050 959 893 855 778 780 827 804 823 738 693 673 770 905 989 1022 893 865 1018 1151 1294 1277 1318 1287 1137 1025 1126 1233 1182 1074 972 976 875 831 838 839 787 789 786 789 784
559 610 647 678 503 458 302 595 713 474 464 736 582 635 642 503 326 408 414 354 537 517 683 804 432 512 450 549 589 953 1140 758 612 668 1055 1163 691 553 533 553 618 671 675 671 692 1074 1308 1106 1068 1036 1008 974 948 891 815 745 740 719 706 659 754 823 951 1039 1084 1215 1120 1226 1227 1268 1336 1257 1212 1176 1049 913 917 924 905 868 863 822 805 792 795 783 777 782 751 754
598 633 641 653 595 515 424 823 904 578 745 558 629 995 701 320 388 588 437 448 414 532 623 658 573 876 993 1025 898 1076 1121 667 602 665 814 1243 862 695 579 544 571 589 634 650 869 1125 1469 1315 1169 1087 1004 993 967 910 862 868 881 854 748 719 782 859 985 1039 1120 1218 1288 1354 1312 1137 1123 1100 1120 1129 1083 977 871 830 821 819 804 816 840 825 831 832 836 820 777 738
718 660 681 722 858 745 508 860 711 622 713 568 645 529 346 334 322 467 620 1009 828 861 1175 966 761 770 862 1068 1153 1079 1016 654 614 636 808 1333 1085 729 591 575 655 695 639 672 809 880 1258 1392 1276 1185 1052 999 974 928 933 910 889 836 856 906 978 1016 1091 1075 1102 1166 1190 1230 1167 1105 1079 1067 1069 1085 1049 963 876 887 847 832 843 868 912 858 860 863 939 937 824 794
845 665 675 758 830 736 602 985 798 844 635 661 712 378 328 334 314 357 426 665 769 928 1160 1072 880 1056 1160 1334 1413 1049 673 628 658 680 782 1269 1026 680 617 603 634 759 824 724 723 754 980 1290 1136 1029 981 972 971 949 954 942 908 869 935 983 998 1026 1049 1056 1098 1137 1129 1138 1117 1082 1051 1047 1045 1044 1055 1016 1012 946 889 874 882 875 910 910 945 990 936 847 806 751
901 709 698 745 823 823 809 922 861 819 410 372 358 363 410 384 352 362 440 846 1199 1334 1516 1383 1026 921 1093 1368 1385 821 732 717 719 844 1004 1437 1105 903 685 604 617 691 998 1004 864 866 1192 1252 1168 1090 1080 978 953 950 963 955 940 915 924 928 945 956 962 999 1108 1089 1100 1093 1089 1065 1060 1052 1070 1087 1074 1081 1037 979 972 975 998 989 965 920 962 1002 816 775 785 754
912 730 732 737 822 829 860 880 927 586 413 379 374 437 420 363 389 412 492 647 1034 1423 1507 1484 1205 1031 1119 1330 1385 1046 908 746 731 803 1077 1455 1383 951 821 663 633 683 1066 1148 1195 1134 1243 1219 1167 1157 1069 998 972 956 936 934 928 939 956 955 932 955 1049 1042 1095 1101 1091 1087 1088 1099 1078 1083 1111 1090 1095 1117 1152 1204 1250 1206 1248 1195 1058 922 880 823 847 1204 1260 1005
702 740 740 764 807 827 902 945 1028 511 434 396 394 417 383 418 446 399 394 649 1224 1617 1705 1713 1345 1016 1150 1214 1485 1447 960 797 771 818 1141 1274 1486 1521 1464 1100 924 899 1027 1091 1109 1107 1129 1154 1136 1243 1073 1010 994 968 931 944 963 943 941 962 968 976 1078 1083 1125 1118 1122 1097 1107 1109 1107 1107 1149 1120 1141 1217 1284 1520 1568 1481 1397 1363 1235 1082 1109 1189 1134 1461 1495 1474
736 794 761 858 811 887 966 1115 688 493 429 404 388 371 388 426 415 439 721 499 739 1045 1280 1449 1213 1181 1245 1127 1175 1328 1281 998 878 987 1358 1977 1883 1745 1763 1334 1116 1108 1089 1082 1073 1078 1086 1087 1096 1262 1127 973 966 946 953 981 977 948 948 983 1079 1061 1075 1128 1130 1116 1125 1129 1134 1132 1086 1098 1157 1199 1202 1229 1282 1319 1434 1421 1420 1373 1345 1278 1306 1445 1480 1499 1543 1493
611 596 701 862 840 1094 1152 1157 563 469 441 434 411 386 379 418 426 498 719 563 551 630 1018 1326 1250 1210 1261 1172 1306 1382 1731 1565 1203 1529 1616 1913 1801 1621 1584 1464 1158 1096 1163 1161 1074 1061 1072 1056 1069 1092 1016 979 951 939 955 971 966 948 970 1024 1092 1094 1091 1113 1099 1095 1160 1151 1110 1080 1076 1107 1156 1173 1197 1230 1257 1295 1321 1385 1396 1407 1401 1388 1407 1460 1588 1490 1412 1403
417 528 715 804 992 1109 1447 1141 1138 652 456 408 396 390 395 415 494 465 822 594 619 583 777 1128 1266 1252 1219 1207 1254 1512 1815 1973 1904 2028 2018 1835 1734 1620 1387 1340 1118 1065 1178 1114 1094 1082 1070 1079 1051 1025 1006 944 949 943 945 962 990 974 955 1010 1066 1073 1042 1063 1074 1089 1138 1134 1082 1065 1084 1136 1149 1171 1197 1212 1250 1300 1346 1365 1393 1429 1432 1412 1438 1531 1613 1488 1348 1327
387 495 635 793 907 1116 1440 1514 1452 1145 489 420 416 420 462 436 678 570 715 679 575 661 708 874 1313 1444 1384 1366 1520 1691 1759 1745 1875 1817 1817 1788 1477 1391 1292 1265 1170 1126 1066 1075 1063 1065 1057 1061 1048 1034 980 954 971 948 967 987 1020 993 988 988 1043 1061 1035 1068 1062 1070 1057 1072 1100 1176 1178 1183 1172 1177 1182 1238 1259 1295 1328 1379 1417 1447 1465 1462 1554 1613 1549 1376 1340 1308
364 440 554 718 828 1045 1423 1615 1449 1139 557 559 529 475 456 507 1083 890 729 777 611 637 749 907 1074 1341 1632 1609 1256 1278 1574 1484 1620 1689 1628 1632 1566 1343 1251 1236 1119 1072 1065 1077 1075 1050 1040 1035 1027 1022 1019 999 968 956 1009 1001 1029 1017 984 1029 1039 1031 1024 1039 1044 1044 1051 1085 1143 1157 1189 1210 1195 1199 1219 1232 1268 1316 1356 1392 1442 1452 1464 1509 1508 1528 1426 1371 1339 1310
305 504 550 600 755 977 1310 1589 1594 1325 1235 1050 722 465 447 520 1069 983 838 892 840 855 1095 1158 1339 1510 1731 1692 1174 1051 1324 1379 1259 1385 1285 1469 1391 1303 1219 1291 1158 1064 1045 1067 1061 1065 1037 1038 1057 1024 1052 1037 1019 978 976 994 1012 1059 1032 1046 1032 1010 1033 1031 1035 1097 1127 1143 1177 1184 1186 1205 1214 1253 1296 1277 1285 1357 1367 1388 1451 1499 1511 1460 1457 1511 1520 1437 1375 1343
345 522 625 505 627 999 1118 1579 1650 1548 1583 1369 872 564 473 562 834 1118 932 842 940 1063 1562 1799 1746 1811 1655 1471 1073 1028 1163 1263 1088 1197 1203 1301 1203 1378 1212 1238 1070 1026 1032 1062 1061 1046 1041 1052 1049 1048 1046 1080 1105 985 975 1016 1069 1091 1083 1058 1047 1017 1003 1046 1064 1077 1118 1152 1186 1200 1218 1227 1228 1201 1263 1327 1382 1387 1415 1400 1418 1467 1443 1371 1382 1400 1413 1443 1427 1403
468 343 370 452 687 1186 1183 1384 1666 1626 1711 1719 1396 776 565 622 1094 1515 1287 899 966 1217 1664 1767 1520 1583 1420 1177 1075 1016 1070 1226 1110 1071 1059 1132 1116 1168 1101 1056 1033 1002 1023 1057 1062 1061 1063 1060 1054 1060 1043 1074 1132 1076 1032 1060 1082 1146 1053 1037 1005 989 993 1038 1124 1131 1122 1162 1175 1191 1228 1215 1206 1172 1218 1303 1407 1378 1392 1360 1332 1314 1258 1288 1295 1310 1309 1287 1309 1289
