Map_Files/Contemporary/elev.asc
NCOLS 312 
NROWS 528 
XLLCORNER 7.000000002 
YLLCORNER -10 
CELLSIZE 0.0416666666666667 
NODATA_value -9999 
[rows 160 to 199 of 528, columns 180 to 269 of 312]
856 842 873 892 898 912 841 803 794 789 743 714 725 710 696 719 701 671 655 689 759 814 700 642 809 814 794 737 654 581 569 597 689 770 783 820 854 882 873 830 799 797 787 738 630 602 556 591 581 665 721 632 615 701 773 780 787 796 779 750 739 733 705 718 707 698 685 667 657 679 685 684 655 641 654 667 653 674 645 607 628 601 592 581 552 539 542 586 578 543
833 861 862 901 936 950 891 846 802 775 724 708 705 689 681 708 725 687 644 682 684 703 676 628 677 707 695 670 708 645 522 571 646 762 793 794 848 858 840 852 853 834 799 747 723 685 685 645 560 641 658 582 692 743 743 732 778 769 754 744 729 721 728 713 699 685 687 690 670 681 699 696 664 651 671 676 687 690 658 622 611 632 610 569 545 542 541 565 547 543
869 871 882 903 930 941 899 838 798 779 734 736 751 705 723 681 680 682 649 645 621 675 670 679 587 584 598 591 654 638 543 528 615 748 790 769 801 837 797 826 847 827 797 751 760 759 720 678 593 596 584 619 689 723 653 739 745 757 749 736 720 715 719 707 708 694 688 678 672 670 696 700 700 680 663 684 691 705 699 653 609 618 597 561 547 562 529 521 542 525
851 870 876 903 896 874 859 837 825 830 788 780 729 718 735 743 671 630 630 595 567 587 599 758 664 616 571 556 623 629 533 522 639 726 749 764 800 807 765 814 794 827 817 788 772 718 699 696 684 593 529 631 680 698 613 742 709 736 765 742 721 708 705 702 696 703 690 699 692 684 702 711 705 698 700 697 687 706 710 683 644 601 607 574 553 579 571 537 507 530
827 834 835 848 849 850 846 813 798 803 781 784 738 712 709 717 692 649 659 645 583 543 544 638 760 761 678 549 568 668 557 511 565 702 752 757 795 789 751 781 753 799 829 806 748 770 729 688 665 649 578 541 637 669 593 661 635 723 745 754 735 711 692 688 683 694 698 703 696 694 695 705 706 690 697 690 694 686 698 680 680 605 623 601 593 601 582 552 506 511
810 805 814 814 817 833 825 814 797 777 770 758 715 720 722 686 670 689 721 711 594 596 545 549 618 712 711 596 536 601 562 505 596 682 753 747 770 756 748 721 755 775 804 791 776 782 755 733 694 651 595 588 563 636 609 615 614 708 734 732 725 717 706 704 691 679 685 692 698 694 683 688 692 683 681 694 701 697 690 670 678 609 642 624 601 579 557 546 521 496
804 785 787 794 804 813 817 800 786 776 737 722 701 737 753 706 713 704 748 690 591 567 571 543 557 569 591 525 527 526 549 500 526 609 737 730 711 723 773 706 750 738 788 764 780 774 754 734 684 679 674 625 570 573 601 547 652 670 688 701 720 729 731 713 698 688 684 675 679 679 680 667 674 670 684 678 695 707 718 706 661 587 613 608 613 599 590 576 541 489
819 768 793 768 785 803 816 802 779 779 754 699 683 712 723 753 755 771 787 733 665 673 648 600 537 512 509 502 502 502 498 517 545 677 694 702 736 693 727 688 727 724 726 720 760 733 751 747 734 690 672 660 644 567 532 599 641 625 617 672 686 747 743 711 695 688 684 688 687 685 686 679 670 658 675 687 717 720 719 709 686 607 586 621 625 615 580 560 547 538
813 761 749 751 746 765 787 771 739 748 746 723 713 676 690 719 791 816 815 798 747 651 594 579 547 597 621 572 563 629 560 490 509 574 645 645 678 697 687 672 687 716 697 752 760 734 705 723 740 690 687 703 639 620 553 580 602 559 615 619 656 713 732 705 683 669 675 689 691 692 711 692 694 680 665 699 713 694 703 705 667 614 583 589 623 634 603 574 570 546
770 772 760 733 728 746 761 750 722 721 735 745 714 694 661 685 741 799 794 794 745 660 660 659 562 681 694 657 654 636 610 572 489 529 596 608 643 645 695 690 660 687 686 722 768 756 722 680 685 694 663 686 669 680 623 541 553 624 613 596 661 710 678 696 685 662 654 660 672 676 711 711 693 680 670 684 660 657 681 701 681 614 603 590 621 666 660 635 608 560
752 767 761 747 717 740 734 749 721 701 706 720 733 727 678 642 694 759 743 790 760 709 711 669 584 645 698 681 668 619 594 533 503 487 550 586 642 606 655 673 661 653 690 728 729 725 736 713 668 670 622 680 708 663 624 571 552 562 580 638 670 667 652 701 681 662 653 656 666 670 699 720 709 699 701 658 624 616 649 683 701 667 661 635 589 548 502 606 619 537
735 746 739 741 715 720 726 752 733 702 689 699 709 693 700 657 664 695 723 749 760 755 706 675 602 663 659 730 672 703 646 562 581 511 496 556 610 595 595 634 680 634 693 713 687 711 710 682 643 651 597 671 688 664 625 594 533 594 619 646 654 611 651 659 688 673 655 644 637 648 667 705 713 709 716 680 643 622 617 685 674 688 680 612 522 414 410 421 452 428
723 721 712 711 706 692 724 720 719 709 708 693 675 673 667 670 633 654 680 702 743 771 736 676 601 644 686 733 718 665 674 652 610 586 497 554 562 595 558 609 659 626 660 671 680 712 698 685 641 614 577 644 655 664 618 565 561 612 618 668 656 580 613 627 674 680 685 675 661 642 636 669 688 701 724 725 700 698 648 619 635 605 524 488 422 396 384 385 406 410
723 713 710 698 682 688 697 706 733 718 715 698 678 666 628 620 620 684 707 732 731 714 748 692 614 685 687 718 705 667 716 692 643 558 497 550 584 586 542 610 619 643 611 660 704 706 677 681 693 658 576 627 651 610 622 577 530 615 640 663 632 579 631 632 659 689 705 695 677 665 651 600 538 678 723 719 710 699 714 645 580 447 450 437 436 415 408 378 390 400
707 700 703 690 685 670 697 722 747 720 693 680 676 672 675 649 612 653 676 711 693 670 731 702 630 681 698 703 654 619 644 659 620 589 547 517 558 550 527 567 597 617 648 670 696 688 672 645 647 659 593 592 645 634 589 555 554 628 641 653 597 594 656 645 672 697 694 686 675 674 651 622 508 679 720 712 695 580 613 554 440 412 442 439 417 431 415 383 375 394
685 685 695 685 669 664 699 717 730 726 707 703 722 701 683 641 611 600 674 681 651 669 699 742 670 659 626 664 611 572 586 590 593 583 573 526 478 506 520 590 567 614 608 671 659 679 668 662 635 614 603 586 603 605 629 578 547 596 622 632 581 616 610 598 659 672 675 658 638 635 638 635 510 663 715 706 641 525 497 457 453 420 406 427 450 411 394 389 376 371
692 677 671 678 669 658 683 692 699 689 709 703 720 725 696 649 618 593 650 666 629 683 684 727 718 673 609 567 556 561 562 547 518 530 515 530 545 491 506 584 555 609 604 660 635 661 697 666 635 607 576 563 600 567 562 557 537 556 607 599 571 594 577 613 657 655 666 623 593 572 593 603 501 626 719 696 533 515 517 519 470 426 404 430 443 450 406 418 406 371
684 693 676 660 655 649 659 676 678 672 691 674 704 718 683 666 647 602 593 610 655 655 687 685 699 677 671 621 647 608 648 580 587 589 601 618 585 548 499 531 556 588 598 632 614 658 696 674 659 635 631 559 566 562 576 610 571 527 577 623 560 582 562 595 630 643 623 616 609 570 553 542 509 577 714 659 484 557 480 506 476 433 402 414 417 438 418 450 435 377
674 683 686 679 679 666 642 663 668 666 671 668 702 684 699 686 661 653 602 603 616 627 649 687 678 655 702 669 690 652 641 586 621 613 632 639 578 544 498 536 567 629 619 587 600 616 648 691 672 654 583 575 543 531 582 622 593 543 562 589 571 548 532 572 595 579 607 635 636 610 558 533 505 477 590 560 472 541 471 521 453 421 429 403 407 412 412 472 469 385
668 663 674 664 672 668 655 641 647 656 646 659 655 665 650 664 666 645 601 580 623 665 675 674 685 629 691 706 680 679 677 625 604 633 660 615 606 556 496 538 573 587 584 650 573 579 613 638 672 632 642 629 633 552 539 624 564 556 514 562 565 575 523 553 591 599 638 619 631 610 581 584 566 454 467 467 455 473 466 447 485 457 437 431 399 387 400 423 429 385
666 647 662 649 658 676 662 654 641 640 645 625 630 638 645 622 626 605 568 567 604 642 629 654 675 643 648 673 637 634 644 665 592 579 605 601 565 551 491 492 524 538 560 628 625 588 574 658 682 677 659 649 633 563 534 567 607 556 528 505 519 535 520 560 589 571 607 606 617 630 646 625 619 484 493 452 474 492 501 449 428 417 412 404 402 397 375 380 387 380
655 637 652 641 657 661 661 651 654 645 621 604 604 627 648 629 606 588 555 582 627 600 601 658 657 639 622 622 601 611 616 603 591 579 563 574 560 580 550 482 522 552 569 649 669 650 562 604 647 669 608 650 622 624 566 531 546 539 572 525 513 525 543 562 542 572 614 610 591 596 608 599 639 508 557 489 484 509 465 492 474 449 495 410 385 385 388 382 370 373
651 627 650 627 641 643 649 638 642 649 636 613 596 618 626 624 597 586 561 559 588 578 621 655 628 605 619 594 570 566 592 597 570 578 578 561 589 595 538 505 474 540 586 642 619 656 568 640 650 621 564 639 674 626 612 605 559 565 524 538 503 517 512 526 567 582 596 611 599 581 577 575 605 540 527 485 504 508 471 504 506 485 477 414 387 392 398 399 387 384
639 624 640 622 631 643 630 624 648 639 649 635 599 589 605 618 591 580 564 544 568 557 611 625 608 592 606 591 570 562 602 594 561 540 591 602 586 544 519 507 467 506 535 585 574 635 578 612 631 616 566 606 635 605 656 629 631 575 563 515 519 487 536 550 573 560 594 562 595 572 550 552 580 541 531 509 517 551 521 560 504 504 433 401 392 407 398 393 384 380
631 617 628 616 622 624 613 619 621 619 633 633 607 583 587 611 608 597 585 554 538 550 609 619 578 610 634 633 611 573 553 557 564 549 565 597 554 543 532 524 487 473 523 528 533 591 623 563 567 564 573 601 597 591 625 644 645 600 614 547 525 510 493 524 558 542 568 545 561 555 526 513 553 525 510 504 563 586 562 552 496 450 417 409 393 407 402 397 389 394
634 630 620 610 610 611 602 617 603 607 626 617 609 594 582 614 624 617 597 575 520 541 598 584 580 600 609 576 571 559 550 559 565 547 545 567 571 537 500 514 494 473 493 479 492 538 602 639 582 572 536 525 531 548 583 654 644 657 599 586 591 543 513 493 512 532 525 553 530 541 529 502 522 514 492 484 536 584 575 491 497 425 420 415 408 408 406 400 401 401
603 607 620 611 596 593 587 591 592 615 631 617 605 590 581 604 619 592 561 545 523 526 575 547 570 607 620 602 582 564 562 557 561 572 535 545 563 523 515 501 484 469 510 505 549 586 619 675 654 587 629 571 562 509 536 616 564 600 626 639 644 604 557 512 489 497 517 555 515 513 516 526 494 488 493 478 480 564 542 460 444 413 409 412 402 401 400 390 396 399
639 613 616 592 613 619 609 611 589 605 616 609 605 594 580 601 620 598 579 552 532 509 535 548 578 621 625 630 600 550 533 534 544 544 509 532 538 505 485 485 453 496 497 505 536 554 569 645 683 661 619 631 653 571 493 515 596 648 672 645 582 554 539 572 506 480 485 511 502 489 516 547 504 476 504 553 543 492 530 473 433 484 444 404 406 405 397 400 395 394
602 598 596 613 638 635 625 622 603 591 595 590 585 601 578 599 617 603 594 568 541 513 527 563 589 654 634 633 621 576 538 544 548 519 514 523 511 514 478 462 455 483 485 510 539 558 580 568 662 688 641 677 671 610 568 476 585 644 652 621 609 587 586 611 528 484 467 508 479 503 517 521 498 483 575 582 581 502 479 477 428 548 537 414 407 401 393 396 395 379
614 611 628 628 641 652 641 631 606 585 578 577 578 574 574 581 604 612 591 558 529 510 506 540 562 610 593 631 637 579 523 509 518 501 511 519 510 495 467 448 469 513 523 506 490 533 602 644 679 681 686 682 668 661 590 495 503 626 600 613 647 625 582 551 536 561 474 462 465 506 494 516 497 481 601 570 561 575 499 437 454 592 633 452 400 399 389 384 381 377
626 635 645 637 651 656 650 628 603 614 602 600 597 594 598 569 561 574 565 544 509 487 482 519 538 550 597 666 649 610 540 513 488 507 512 512 523 492 469 440 446 472 541 577 549 499 538 574 570 640 670 659 655 663 596 552 470 545 549 628 645 583 592 608 582 545 492 452 446 480 475 512 493 482 583 563 563 568 577 555 603 608 626 552 403 395 383 381 374 381
629 644 651 650 661 646 639 625 631 636 612 619 603 588 590 588 556 533 525 503 486 500 490 488 507 537 592 671 630 586 557 522 510 494 508 499 492 496 476 463 486 511 520 572 586 578 523 565 603 631 671 615 583 600 620 542 503 464 529 618 623 561 636 640 609 546 519 485 465 444 497 511 477 485 587 558 536 544 578 569 590 588 621 584 449 390 378 378 376 385
636 656 685 662 666 652 647 647 649 649 645 634 619 615 619 584 576 554 551 524 517 515 530 532 499 485 610 677 597 552 542 496 502 487 495 500 493 495 446 459 485 505 519 565 591 642 581 623 660 685 672 652 645 555 547 584 568 506 463 497 559 535 610 630 606 591 552 574 535 443 489 518 471 504 581 570 542 535 555 561 567 597 625 564 432 408 388 382 380 389
641 639 684 677 672 654 661 664 670 656 664 652 623 635 622 601 575 573 576 552 548 530 553 596 601 524 508 675 581 544 512 485 495 480 485 485 493 480 451 489 480 468 477 504 583 649 605 608 671 675 656 634 649 599 600 632 558 591 521 465 458 455 524 587 611 584 603 593 532 486 460 516 456 525 574 560 557 530 531 551 576 595 584 508 435 402 400 390 391 399
651 650 674 678 670 665 669 675 685 685 677 651 639 649 637 619 593 595 615 562 574 562 581 658 692 602 488 686 554 556 492 491 480 479 485 471 479 443 474 513 520 491 484 492 516 548 624 635 652 673 637 585 613 639 618 628 611 636 607 555 509 483 455 458 515 523 581 610 557 538 466 461 487 543 558 531 543 544 516 550 570 572 544 490 456 402 390 391 402 405
647 654 667 668 663 669 665 666 677 679 684 664 654 650 640 618 615 626 620 595 582 591 592 644 685 565 490 678 585 554 516 512 471 479 546 511 466 446 501 513 541 515 510 519 581 561 593 630 644 671 655 615 564 604 644 646 643 636 596 587 596 563 523 504 468 444 482 535 563 581 496 440 474 531 533 512 516 527 546 495 515 552 511 472 454 407 407 400 399 405
659 673 680 676 673 661 650 655 653 668 679 681 668 652 640 630 636 624 611 606 600 606 592 585 659 519 477 626 550 516 471 482 473 544 658 648 487 449 531 530 550 539 532 563 584 636 631 602 638 655 657 641 550 602 639 651 643 635 621 612 610 596 583 571 556 532 482 445 463 532 521 442 441 492 498 494 488 491 516 503 494 523 456 454 480 411 410 412 407 405
681 677 682 688 693 681 655 644 666 688 729 687 657 648 658 656 643 633 629 614 611 606 634 590 544 489 489 537 458 465 477 457 474 577 649 586 458 479 560 559 557 593 550 619 598 645 645 585 621 614 628 626 607 552 639 644 647 637 621 640 607 622 604 593 588 585 571 562 477 432 442 431 428 445 465 464 475 449 435 459 445 458 477 460 459 431 407 404 400 403
659 670 679 690 697 678 664 647 678 679 720 696 642 625 638 639 652 646 638 624 644 637 661 619 522 512 593 611 494 450 450 450 471 486 549 544 447 452 535 570 587 615 617 579 588 600 638 629 585 584 626 588 564 542 622 619 604 627 615 576 586 596 575 573 543 503 488 477 443 473 489 481 461 462 482 445 444 447 461 489 479 413 464 496 421 422 404 401 405 400
657 681 656 658 666 677 684 652 655 666 663 668 626 603 609 620 630 647 641 686 682 697 691 608 559 561 643 657 551 478 451 440 448 458 540 591 461 434 487 504 591 581 598 627 641 628 591 607 606 564 595 607 596 538 567 593 565 591 597 566 528 533 509 462 457 470 468 471 511 554 541 512 532 526 505 492 483 495 494 485 483 447 484 474 422 392 385 408 406 397
