Map_Files/Distance_to_Refugia/ForestDistance_to_Shp50.asc
NCOLS 312 
NROWS 528 
XLLCORNER 7 
YLLCORNER -10 
CELLSIZE 0.0416666666666667 
NODATA_value -9999 
[rows 475 to 499 of 528, columns 112 to 167 of 312]
314095.947800605 309942.522227908 305815.993970181 301716.364003491 297616.734036801 293517.104070111 289449.167302897 285412.924925832 281376.682548768 277340.440171703 273341.794116818 269380.745844682 265419.697572546 261458.64930041 257542.505820065 253671.268933487 249800.032046909 245928.79516033 242111.5563202 238348.317762515 234585.07920483 230821.840647145 227123.953001174 223491.419056675 219858.885112176 216226.351167678 212673.356238115 209199.903820736 205726.451403357 202252.998985978 198876.766831811 195597.759339978 192318.751848145 189039.744356312 0 0 0 176757.175262044 173861.876996309 171112.162447137 0 0 0 0 0 0 0 0 0 0 0 0 0 0 140392.737704476 139475.189451573
316106.926060029 311979.967807018 307881.188469532 303810.589070146 299739.98967076 295669.390271374 291631.917805702 287627.573518282 283623.229230861 279618.88494344 275653.732589607 271727.773691918 267801.81479423 263875.855896542 259996.561353623 256163.933038057 252331.304722491 248498.676406925 244721.956948877 241001.148663468 237280.340378059 233559.532092651 229906.097794999 226320.040361227 222733.982927455 219147.925493683 215643.459425699 212220.588310993 208797.717196287 205374.846081581 202051.124433499 198826.556738459 195601.989043419 192377.421348378 189273.469122848 0 0 180323.47569117 177486.509328772 174795.914745444 0 0 0 0 0 0 0 0 0 0 0 0 0 0 144859.056830781 143970.421848153
318117.904319454 314017.413386129 309946.382968884 305904.814136801 301863.245304719 297821.676472637 293814.668308508 289842.222110731 285869.775912954 281897.329715177 277965.671062396 274074.801539155 270183.932015914 266293.062492674 262450.61688718 258656.597142626 254862.577398073 251068.557653519 247332.357577553 243653.979564421 239975.601551289 236297.223538157 232688.242588825 229148.661665779 225609.080742733 222069.499819688 218613.562613284 215241.27280125 211868.982989217 208496.693177184 205225.482035187 202055.35413694 198885.226238692 195715.098340445 192667.137916457 0 0 183889.776120296 181111.141661236 0 0 0 0 0 0 0 0 0 0 0 154621.260955442 153230.970349244 151840.679743046 150450.389136848 149325.375957086 148465.654244733
320233.763996403 316160.36394319 312117.671394968 308105.687466072 304093.703537176 300081.719608281 296105.67597762 292165.573995426 288225.472013232 284285.370031038 280387.570860948 276532.076146373 272676.581431798 268821.086717223 265015.660447509 261260.304631842 257504.948816175 253749.593000508 250053.807919928 246417.596041193 242781.384162457 239145.172283722 235580.165365579 232086.366447691 228592.567529803 225098.768611914 221690.386018019 218367.423503785 215044.460989551 211721.498475316 208501.196851836 205383.560764414 202265.924676992 199148.288589569 196153.970190246 193282.975216879 0 187540.985270145 184817.514774932 182241.575810891 0 0 0 0 0 0 0 164171.071767027 0 0 0 0 156250.106110719 154899.228345142 153806.853264574 152972.994551407
322454.521134764 318408.835617477 314395.069977154 310413.225372124 306431.380767095 302449.536162065 298504.957373322 294597.645800895 290690.334228468 286783.02265604 282919.448806235 279099.614378207 275279.779950178 271459.94552215 267691.709012636 263975.072492197 260258.435971759 256541.799451321 252886.324963464 249292.015040841 245697.705118217 242103.395195593 238581.882918185 235133.171393646 231684.459869107 228235.748344568 224873.945965078 221599.056551942 218324.167138806 215049.27772567 211878.284388229 208811.191827678 205744.099267127 202677.006706577 199733.980195588 196915.025506842 0 0 0 0 0 0 0 176506.851784314 174330.300766793 172153.749749272 170178.769747867 168405.370915564 0 0 0 0 0 159366.876844283 158303.491072019 157492.444620343
324675.278273125 320657.307291764 316672.46855934 312720.763278177 308769.057997013 304817.35271585 300904.238769025 297029.717606364 293155.196443704 289280.675281043 285451.326751522 281667.15261004 277882.978468559 274098.804327078 270367.757577763 266689.840352553 263011.923127344 259334.005902134 255718.842007001 252166.434040489 248614.026073976 245061.618107464 241583.600470792 238179.976339602 234776.352208412 231372.728077222 228057.505912137 224830.689600099 221603.873288062 218377.056976025 215255.371924623 212238.822890943 209222.273857264 206205.724823584 203313.990200931 200547.075796805 197780.161392679 0 0 0 0 0 0 180551.124985537 178424.119966788 176297.114948038 0 0 0 0 0 0 0 0 162800.128879464 162011.894689279
326896.035411487 322905.778966052 318949.867141526 315028.301184229 311106.735226932 307185.169269635 303303.520164727 299461.789411833 295620.058658939 291778.327906045 287983.204696809 284234.690841874 280486.17698694 276737.663132005 273043.80614289 269404.608212909 265765.410282928 262126.212352947 258551.359050537 255040.853040137 251530.347029736 248019.841019335 244585.318023398 241226.781285557 237868.244547716 234509.707809876 231241.065859195 228062.322648257 224883.579437318 221704.836226379 218632.459461017 215666.453954208 212700.4484474 209734.442940591 206894.000206274 204179.126086769 201464.251967263 0 0 193761.807385985 0 0 0 184595.398186761 0 0 0 0 0 0 0 0 0 0 0 166531.344758215
329213.387681958 325251.225483944 321324.570507813 317433.424042074 313542.277576335 309651.131110596 305801.157748333 301992.359036367 298183.5603244 294374.761612434 290613.91138012 286901.011490199 283188.111600277 279475.211710355 275818.373628738 272217.59960512 268616.825581502 265016.051557884 261481.052480599 258011.831073313 254542.609666028 251073.388258742 247681.540496737 244367.06968301 241052.598869283 237738.128055555 234514.800796321 231382.621099066 228250.441401812 225118.261704558 222093.404363341 219175.874234395 216258.344105448 213340.813976501 210549.300594743 207883.809823615 205218.319052487 202552.82828136 0 197663.080484786 195291.747887965 0 0 0 0 0 0 0 0 0 0 0 0 0 0 0
331627.349984521 327693.661803995 323796.593667649 319936.146904376 316075.700141103 312215.25337783 308397.166691472 304621.44167344 300845.716655409 297069.991637378 293343.462045977 289666.129792389 285988.7975388 282311.465285212 278691.475232038 275128.829680353 271566.184128668 268003.538576982 264507.937286829 261079.383034434 257650.828782039 254222.274529643 250872.282468372 247600.85595196 244329.429435547 241058.002919135 237878.724633177 234791.598629335 231704.472625494 228617.346621653 225638.219566754 222767.096347645 219895.973128535 217024.849909425 214279.902980022 211661.138211192 209042.373442363 206423.608673534 0 0 199299.783025581 0 0 0 0 0 0 0 183835.457869992 0 0 0 0 0 0 0
334041.312287085 330136.098124046 326268.616827486 322438.869766679 318609.122705872 314779.375645065 310993.17563461 307250.524310514 303507.872986418 299765.221662321 296073.012711834 292431.248094579 288789.483477324 285147.718860069 281564.576835338 278040.059755586 274515.542675833 270991.025596081 267534.822093058 264146.934995554 260759.04789805 257371.160800545 254063.024440008 250834.64222091 247606.260001812 244377.877782714 241242.648470032 238200.576159605 235158.503849177 232116.431538749 229183.034770168 226358.318460895 223533.602151621 220708.885842348 218010.505365301 215438.46659877 212866.427832239 210294.389065708 207868.256588331 0 0 0 0 0 0 0 191315.494413441 189744.633504699 188173.772595957 186602.911687215 0 0 0 0 0 0
336455.274589648 332578.534444097 328740.639987322 324941.592628981 321142.54527064 317343.497912299 313589.184577748 309879.606947587 306170.029317426 302460.451687265 298802.563377691 295196.366396769 291590.169415848 287983.972434926 284437.678438638 280951.289830818 277464.901222998 273978.512615179 270561.706899288 267214.486956674 263867.26701406 260520.047071446 257253.766411643 254068.42848986 250883.090568076 247697.752646293 244606.572306888 241609.553689874 238612.535072859 235615.516455845 232727.849973581 229949.540574144 227171.231174708 224392.921775271 221741.10775058 219215.794986347 216690.482222114 214165.169457881 211785.178341693 0 0 0 0 201107.525195627 199203.305016069 197299.084836511 195579.993531848 194046.040426885 192512.087321922 190978.134216959 189647.733506576 0 0 186267.220099202 0 0
338957.786038372 335109.689226114 331301.491851213 327533.195361568 323764.898871922 319996.602382277 316274.149897536 312597.543139999 308920.936382462 305244.329624925 301620.560688749 298049.631626617 294478.702564484 290907.773502352 287397.904538658 283949.098123672 280500.291708686 277051.485293701 273673.380511999 270365.980291256 267058.580070513 263751.17984977 260525.729335997 257382.232027538 254238.734719079 251095.23741062 248046.700646123 245093.128600904 242139.556555685 239185.984510467 236342.22675621 233608.288261904 230874.349767599 228140.411273293 225532.921333445 223051.88583159 220570.850329735 218089.81482788 215753.350859722 213561.465337102 0 0 0 205284.633154877 203419.890247557 201555.147340237 199872.828908481 198372.944140879 196873.059373276 195373.174605673 0 0 0 190771.846177851 0 0
341548.86040549 337729.576268665 333951.186234875 330213.691788112 326476.197341349 322738.702894587 319048.085429544 315404.346707329 311760.607985113 308116.869262898 304527.018401301 300991.057493797 297455.096586294 293919.13567879 290445.268686054 287033.498099839 283621.727513624 280209.95692741 276869.856118573 273601.428054878 270332.999991182 267064.571927487 263878.925845535 260776.065279199 257673.204712862 254570.344146525 251563.045339982 248651.312494982 245739.579649983 242827.846804983 240026.175937113 237334.572026568 234642.968116024 231951.36420548 229385.955634203 226946.748273948 224507.540913692 222068.333553437 219772.782113556 217620.893462117 0 0 0 0 0 0 204194.00495054 202725.34861225 201256.692273959 199788.035935669 0 0 0 0 0 0
344139.934772607 340349.463311216 336600.880618536 332894.188214656 329187.495810776 325480.803406896 321822.020961552 318211.150274658 314600.279587764 310989.40890087 307433.476113852 303932.483360977 300431.490608103 296930.497855229 293492.632833449 290117.898076006 286743.163318562 283368.428561118 280066.331725146 276836.875818499 273607.419911852 270377.964005204 267232.122355073 264169.898530859 261107.674706645 258045.450882431 255079.39003384 252209.49638906 249339.60274428 246469.709099499 243710.125118015 241060.855791232 238411.586464449 235762.317137666 233238.989934961 230841.610716305 228444.231497649 226046.852278993 223792.21336739 221680.321587131 219568.429806873 217456.538026615 0 0 0 0 0 207077.75308362 205640.325174642 204202.897265664 0 0 0 199801.083287313 0 0
346731.009139725 342969.350353767 339250.575002198 335574.684641201 331898.794280203 328222.903919206 324595.95649356 321017.953841987 317439.951190415 313861.948538843 310339.933826403 306873.909228158 303407.884629913 299941.860031667 296539.996980845 293202.298052172 289864.5991235 286526.900194827 283262.80733172 280072.32358212 276881.839832521 273691.356082921 270585.318864611 267563.731782519 264542.144700428 261520.557618336 258595.734727699 255767.680283138 252939.625838577 250111.571394016 247394.074298918 244787.139555896 242180.204812875 239573.270069853 237092.024235719 234736.473158662 232380.922081606 230025.371004549 227811.644621224 225739.749712147 223667.854803069 221595.959893992 0 0 0 0 0 211430.157554991 210023.958075325 0 0 0 205343.973880325 204315.701842043 203488.016536049 202860.928579277
349402.960748028 345670.108378136 341981.070637005 338335.849114609 334690.627592214 331045.406069818 327450.0815554 323904.655923525 320359.230291651 316813.804659776 313325.320659253 309893.780502193 306462.240345133 303030.700188074 299664.24024098 296362.863115443 293061.485989906 289760.108864369 286533.171993699 283380.678460381 280228.184927063 277075.691393745 274008.326345988 271026.093417835 268043.860489681 265061.627561528 262176.599615109 259388.780924427 256600.962233746 253813.143543064 251135.971009207 248569.449638803 246002.9282684 243436.406897997 240995.182195447 238679.25999069 236363.337785934 234047.415581177 231872.308306474 229838.022694065 227803.737081657 225769.451469248 0 0 0 0 0 215802.333132435 214425.098699776 0 0 0 0 208837.916927261 208028.303935333 207415.181302858
352155.802280062 348451.750065886 344792.380193586 341177.694284623 337563.00837566 333948.322466698 330384.408721776 326871.269048341 323358.129374905 319844.989701469 316389.648989457 312992.109484287 309594.569979117 306197.030473948 302865.374669444 299599.605209439 296333.835749435 293068.06628943 289877.437297796 286761.951886013 283646.466474229 280530.981062446 277501.155746424 274556.994182898 271612.832619373 268668.671055847 265821.994813629 263072.808179047 260323.621544465 257574.434909884 254935.824335765 252407.794825568 249879.765315371 247351.735805174 244948.471674152 242669.978727522 240391.485780893 238112.992834263 235974.210888891 233975.146624237 0 0 0 0 0 0 0 0 218843.74979342 217493.216670535 216325.057447182 215339.281542852 0 0 0 0
354908.643812096 351233.391753636 347603.689750167 344019.539454637 340435.389159108 336851.238863578 333318.735888153 329837.882173156 326357.028458159 322876.174743162 319453.977319661 316090.438466382 312726.899613102 309363.360759822 306066.509097907 302836.347303435 299606.185508963 296376.023714491 293221.702601893 290143.225311644 287064.748021396 283986.270731147 280993.985146859 278087.894947962 275181.804749064 272275.714550167 269467.390012149 266756.835433667 264046.280855185 261335.726276703 258735.677662324 256246.140012333 253756.602362343 251267.064712352 248901.761152857 246660.697464355 244419.633775853 242178.57008735 240076.113471308 238112.27055441 236148.427637513 0 0 0 0 0 0 0 0 0 220793.919111663 219828.460254817 0 0 0 0
357661.48534413 354015.033441387 350414.999306748 346861.384624651 343307.769942555 339754.155260458 336253.06305453 332804.495297972 329355.927541413 325907.359784855 322518.305649866 319188.767448476 315859.229247086 312529.691045696 309267.643526371 306073.089397432 302878.535268492 299683.981139553 296565.96790599 293524.498737276 290483.029568562 287441.560399848 284486.814547295 281618.795713025 278750.776878756 275882.758044486 273112.78521067 270440.862688287 267768.940165905 265097.017643523 262535.530988882 260084.485199098 257633.439409314 255182.39361953 252855.050631562 250651.416201187 248447.781770812 246244.147340437 244178.016053725 242249.394484583 240320.772915441 0 0 0 0 0 0 0 0 0 225262.780776144 224317.638966782 223372.497157421 0 0 0
360487.994359438 356870.194427233 353299.615909889 349776.260521006 346252.905132124 342729.549743241 339259.515340575 335842.803927325 332426.092514075 329009.381100825 325652.950634552 322356.803457095 319060.656279638 315764.509102181 312536.552831768 309376.790204819 306217.027577869 303057.264950919 299974.628473061 296969.121338 293963.614202939 290958.107067877 288039.732003305 285208.492728795 282377.253454285 279546.014179775 276812.977379495 274178.147371305 271543.317363116 268908.487354927 266383.908970294 263969.587197997 261555.2654257 259140.943653403 256849.703807183 254681.551613928 252513.399420673 250345.247227418 248313.447421762 246418.006522595 244522.565623429 0 0 0 0 0 0 0 0 0 229741.954849444 228815.661558025 227889.368266606 226963.074975187 0 0
363388.182504297 359798.886334025 356257.551148883 352764.178689312 349270.80622974 345777.433770169 342338.104148728 338952.819395738 335567.534642748 332182.249889758 328857.923390257 325594.557512398 322331.19163454 319067.825756681 315873.247728799 312747.460311267 309621.672893735 306495.885476203 303447.694483513 300477.103128844 297506.511774176 294535.920419507 291652.747014362 288856.995290518 286061.243566675 283265.491842831 280567.975181615 277968.697902322 275369.420623028 272770.143343734 270280.819277944 267901.453400931 265522.087523919 263142.721646907 260885.72721901 258751.109934058 256616.492649107 254481.875364156 252482.412876069 250618.111646482 248753.810416894 246889.509187307 0 0 0 0 0 0 0 0 0 233322.529426696 232413.615891515 231504.702356333 0 0
366288.370649155 362727.578240817 359215.486387878 355752.096857617 352288.707327357 348825.317797096 345416.692956882 342062.834864151 338708.97677142 335355.11867869 332062.896145962 328832.311567702 325601.726989441 322371.14241118 319209.942625829 316118.130417715 313026.318209601 309934.506001488 306920.760493966 303985.084919689 301049.409345413 298113.733771136 295265.762025418 292505.497852241 289745.233679064 286984.969505887 284322.972983736 281759.248433338 279195.52388294 276631.799332542 274177.729585593 271833.319603866 269488.909622138 267144.499640411 264921.750630837 262820.668254189 260719.585877541 258618.503500893 256651.378330376 254818.216770368 252985.05521036 251151.893650352 0 0 0 0 0 0 0 239779.777073707 0 0 236937.863516423 236046.32973748 235329.810279536 234788.314405994
369188.558794014 365656.270147608 362173.421626872 358740.015025923 355306.608424973 351873.201824024 348495.281765035 345172.850332564 341850.418900093 338527.987467622 335267.868901666 332070.065623004 328872.262344342 325674.45906568 322546.637522859 319488.800524163 316430.963525467 313373.126526771 310393.826504418 307493.066710534 304592.306916649 301691.547122765 298878.777036475 296154.000413964 293429.223791453 290704.447168942 288077.970785856 285549.798964354 283021.627142852 280493.45532135 278074.639893242 275765.1858068 273455.731720357 271146.277633915 268957.774042664 266890.226574319 264822.679105975 262755.131637631 260820.343784682 259018.321894254 257216.300003825 255414.278113396 0 0 0 0 0 0 0 0 243210.419186744 0 0 240587.957118626 239885.538794606 239354.865259139
372155.716841648 368651.672690792 365197.746308698 361793.939514072 358390.132719445 354986.325924819 351638.655858451 348347.124629327 345055.593400203 341764.062171079 338535.439832772 335369.728829214 332204.017825656 329038.306822098 325943.084644439 322918.354121312 319893.623598186 316868.893075059 313923.073786488 311056.169000098 308189.264213707 305322.359427316 302543.632302191 299853.086602538 297162.540902885 294471.995203233 291879.689061251 289385.626796431 286891.564531611 284397.502266792 282012.418490832 279736.318134901 277460.217778971 275184.117423041 273028.202838171 270992.479616496 268956.756394821 266921.033173146 265016.855838191 0 0 0 0 256581.627634539 0 0 0 0 0 0 247708.11931232 246850.168354867 0 0 0 0
375189.855465231 371713.796502224 368288.47101402 364913.880841669 361539.290669318 358164.700496967 354846.825562136 351585.667995543 348324.51042895 345063.352862358 341865.618915717 338731.311052958 335597.003190199 332462.69532744 329399.293513443 326406.800593584 323414.307673725 320421.814753867 317508.511293938 314674.400573084 311840.289852231 309006.179131377 306260.336084487 303602.764479613 300945.192874738 298287.621269863 295728.135255888 293266.739145535 290805.343035182 288343.946924829 285991.07189165 283746.722846118 281502.373800587 279258.024755055 277133.042500639 275127.432591365 273121.822682092 271116.212772819 0 0 0 0 0 0 0 0 0 0 0 0 252214.032759811 251371.107989092 250528.183218374 0 0 248496.841913514
