Map_Files/Distance_to_Refugia/ForestDistance_to_Shp50.asc
NCOLS 312 
NROWS 528 
XLLCORNER 7 
YLLCORNER -10 
CELLSIZE 0.0416666666666667 
NODATA_value -9999 
[rows 350 to 374 of 528, columns 0 to 55 of 312]
264350.994369272 260243.485320294 256135.976271316 252028.467222339 247920.958173361 243813.449124384 239641.430736182 235404.902897284 231168.375058385 226931.847219487 222729.239661137 218560.552485366 214391.865309595 210223.178133825 206086.671895245 201982.346731848 197878.021568451 193773.696405054 189704.474921326 185670.357312723 181636.239704119 177602.122095517 173535.731099696 169437.066495649 165338.401891602 161239.737287555 157051.025833463 152772.266797422 148493.507761381 144214.748725341 139986.381241251 135808.405783199 131630.430325147 127452.454867095 123347.879218167 119316.704162865 115285.529107563 111254.354052261 107334.194052185 103525.050435971 99715.9068197571 95906.7632035429 92271.8870245752 88811.2805915644 85350.6741585536 81890.0677255426 78614.3203424011 75523.4346947807 72432.5490471603 69341.6633995397 65954.8633502824 62272.1442215363 58589.42509279 54906.7059640439 51133.4060193065 47269.5237107196
266374.785721128 262245.880267825 258116.974814522 253988.06936122 249859.163907917 245730.258454615 241565.104118119 237363.700835793 233162.297553467 228960.89427114 224795.797316783 220667.006799604 216538.216282425 212409.425765246 208294.459137534 204193.316458568 200092.173779601 195991.031100634 191889.132567857 187786.478177062 183683.823786266 179581.169395471 175466.544221462 171339.948182263 167213.352143064 163086.756103865 158910.663047725 154685.07257233 150459.482096934 146233.891621539 142064.576330866 137951.536754355 133838.497177843 129725.457601332 125693.254524725 121741.888812007 117790.523099289 113839.157386572 110007.74883941 106296.298893459 102584.848947509 98873.3990015581 95345.4584627524 92001.0297622404 88656.6010617284 85312.1723612163 81966.3945837501 78619.2677097303 75272.1408357104 71925.0139616904 68299.9491469312 64396.941997755 60493.9348485786 56590.9276994024 52645.9210197932 48658.9140920568
268398.577072984 264248.275215356 260097.973357728 255947.671500101 251797.369642473 247647.067784846 243488.777500057 239322.498774302 235156.220048548 230989.941322794 226862.354972429 222773.461113842 218684.567255255 214595.673396667 210502.246379824 206404.286185287 202306.325990751 198208.365796214 194073.790214389 189902.599041401 185731.407868413 181560.216695426 177397.357343228 173242.829868877 169088.302394527 164933.774920176 160770.300261987 156597.878347237 152425.456432488 148253.034517738 144142.771420481 140094.66772551 136046.56403054 131998.460335569 128038.629831282 124167.073461149 120295.517091015 116423.960720882 112681.303626634 109067.547350947 105453.79107526 101840.034799573 98419.0299009297 95190.7789329165 91962.5279649034 88734.2769968901 85318.4688250993 81715.10072468 78111.7326242607 74508.3645238412 70645.0349435802 66521.7397739738 62398.4446043673 58275.1494347609 54158.4360202799 50048.304473394
270422.368424839 266250.670162887 262078.971900934 257907.273638982 253735.575377029 249563.877115077 245412.450881994 241281.296712812 237150.142543629 233018.988374447 228928.912628076 224879.91542808 220830.918228084 216781.921028088 212710.033622114 208615.255912007 204520.4782019 200425.700491793 196258.447860921 192018.719905741 187778.99195056 183539.26399538 179328.170464994 175145.711555492 170963.252645989 166780.793736486 162629.937476249 158510.684122145 154391.430768041 150272.177413936 146220.966510096 142237.798696666 138254.630883236 134271.463069806 130384.00513784 126592.258110291 122800.511082741 119008.764055192 115354.858413858 111838.795808435 108322.733203012 104806.670597589 101492.601339107 98380.5281035926 95268.4548680782 92156.3816325638 88670.5430664483 84810.9337396296 80951.3244128108 77091.7150859919 72990.120740229 68646.5375501926 64302.9543601559 59959.3711701194 55670.9510207665 51437.6948547311
272432.404417283 268266.731016532 264101.057615782 259935.384215031 255769.710814281 251604.03741353 247465.353404352 243353.658833383 239241.964262415 235130.269691447 231045.906886666 226988.875930287 222931.844973909 218874.81401753 214793.813415952 210688.843066394 206583.872716835 202478.902367277 198299.996476873 194047.154633949 189794.312791025 185541.470948101 181329.196562151 177157.489910982 172985.783259813 168814.076608644 164696.392989966 160632.732842881 156569.072695797 152505.412548712 148515.262564978 144598.623436181 140681.984307385 136765.345178588 132950.958102556 129238.824172163 125526.69024177 121814.556311377 118229.873388756 114772.64299925 111315.412609744 107858.182220238 104521.265466488 101304.663942421 98088.0624183532 94871.4608942855 91253.9074079364 87235.3961342333 83216.8848605303 79198.373586827 74989.3349898952 70589.7660578549 66190.1971258143 61790.628193774 57486.341305842 53277.3380902117
274428.683492019 270296.459324454 266164.235156889 262032.010989325 257899.78682176 253767.562654195 249647.499707036 245539.598001297 241431.696295558 237323.794589818 233213.343461982 229100.342904381 224987.34234678 220874.341789178 216753.57171298 212625.032084868 208496.492456756 204367.952828644 200198.419849935 195987.893292378 191777.366734821 187566.840177263 183400.443588876 179278.177271863 175155.910954849 171033.644637836 166969.690232842 162964.048213831 158958.406194819 154952.764175808 151025.684066431 147177.166605804 143328.649145177 139480.13168455 135739.513827169 132106.796726272 128474.079625376 124841.362524479 121306.37137403 117869.10734362 114431.84331321 110994.5792828 107505.017195686 103963.156359019 100421.295522352 96879.4346856842 93068.4747651735 88988.4118513194 84908.3489374654 80828.2860236111 76642.6385100305 72351.4047276289 68060.1709452271 63768.9371628255 59604.641187162 55567.2851873683
276424.962566755 272326.187632376 268227.412697997 264128.637763618 260029.862829239 255931.08789486 251829.64600972 247725.53716921 243621.4283287 239517.31948819 235380.780037299 231211.809878475 227042.839719651 222873.869560827 218713.330010007 214561.221103342 210409.112196677 206257.003290012 202096.843222998 197928.631950807 193760.420678616 189592.209406425 185471.690615601 181398.864632743 177326.038649885 173253.212667027 169242.987475719 165295.36358478 161347.739693842 157400.115802904 153536.105567885 149755.709775427 145975.313982969 142194.918190511 138528.069551782 134974.769280382 131421.469008982 127868.168737581 124382.869359304 120965.57168799 117548.274016676 114130.976345362 110488.768924884 106621.648775617 102754.52862635 98887.4084770828 94883.0421224105 90741.4275684054 86599.8130144004 82458.1984603951 78295.9420301658 74113.0433974029 69930.1447646398 65747.2461318769 61722.941068482 57857.2322845248
278421.241641491 274355.915940298 270290.590239105 266225.264537911 262159.938836718 258094.613135525 254011.792312404 249911.476337123 245811.160361843 241710.844386562 237548.216612615 233323.276852569 229098.337092522 224873.397332476 220673.088307035 216497.410121816 212321.731936598 208146.053751379 203995.266596061 199869.370609236 195743.474622411 191617.578635587 187542.937642325 183519.551993623 179496.166344921 175472.780696219 171516.284718595 167626.67895573 163737.073192864 159847.467429999 156046.527069338 152334.252945049 148621.978820761 144909.704696472 141316.625276395 137842.741834491 134368.858392587 130894.974950683 127459.367344578 124062.03603236 120664.704720142 117267.373407924 113472.520654081 109280.141192215 105087.761730348 100895.382268481 96697.6094796475 92494.4432854914 88291.2770913354 84088.1108971791 79949.2455503011 75874.6820671769 71800.1185840526 67725.5551009284 63841.2409498019 60147.1793816814
280543.842849774 276471.599475211 272399.356100648 268327.112726085 264254.869351522 260182.625976959 256092.122128216 251983.357773739 247874.593419262 243765.829064785 239593.768143964 235358.410466401 231123.052788839 226887.695111277 222686.261589995 218518.752370459 214351.243150924 210183.733931388 206058.978184886 201976.976149468 197894.97411405 193812.972078632 189785.607860416 185812.881833563 181840.155806709 177867.429779856 173965.537280038 170134.478882994 166303.420485949 162472.362088905 158734.418596444 155089.590884596 151444.763172748 147799.9354609 144227.910910046 140728.690298311 137229.469686576 133730.24907484 130235.645757415 126745.659789558 123255.673821701 119765.687853845 115861.05633267 111541.773764918 107222.491197166 102903.208629413 98650.2146216928 94463.5101370513 90276.8056524098 86090.1011677681 82018.0290766781 78060.5911912626 74103.153305847 70145.7154204315 66403.332758508 62876.0089949713
282792.780663898 278673.248084711 274553.715505525 270434.182926338 266314.650347151 262195.117767964 258070.62379239 253941.168411854 249811.713031319 245682.257650783 241517.420667393 237317.201974722 233116.983282051 228916.76458938 224752.855978458 220625.257604984 216497.659231509 212370.060858035 208287.996925975 204251.467688867 200214.93845176 196178.409214652 192199.720909239 188278.873931617 184358.026953994 180437.179976372 176590.765318645 172818.783585802 169046.801852959 165274.820120115 161599.800481333 158021.743848836 154443.687216338 150865.630583841 147261.940513478 143632.616731278 140003.292949079 136373.969166879 132711.670202688 129016.395661856 125321.121121024 121625.846580192 117654.307768795 113406.501026859 109158.694284923 104910.887542988 100740.873363061 96648.6528753206 92556.4323875806 88464.2118998404 84502.3402094127 80670.8193768673 76839.2985443218 73007.7777117764 69409.2673383155 66043.7714056556
285041.718478022 280874.896694211 276708.074910401 272541.253126591 268374.431342781 264207.60955897 260049.125456564 255898.97904997 251748.832643375 247598.686236781 243441.073190823 239275.993483043 235110.913775263 230945.834067483 226819.450366922 222731.762839508 218644.075312095 214556.387784681 210517.015667065 206525.959228267 202534.902789469 198543.846350671 194613.833958061 190744.86602967 186875.898101279 183006.930172888 179215.993357252 175503.08828861 171790.183219968 168077.278151326 164465.182366222 160953.896813075 157442.611259928 153931.325706781 150295.97011691 146536.543164246 142777.116211582 139017.689258918 135187.694647961 131287.131534154 127386.568420347 123486.005306539 119447.559204919 115271.2282888 111094.897372681 106918.566456562 102831.532104428 98833.7956135898 94836.0591227514 90838.3226319127 86986.6513421474 83281.0475624721 79575.4437827966 75869.8400031213 72415.201918123 69211.5338163399
287290.656292145 283076.545303712 278862.434315278 274648.323326844 270434.21233841 266220.101349976 262027.627120739 257856.789688085 253685.952255432 249515.114822779 245364.725714253 241234.784991364 237104.844268475 232974.903545586 228886.044755386 224838.268074033 220790.49139268 216742.714711328 212746.034408155 208800.450767667 204854.867127179 200909.283486691 197027.947006884 193210.858127724 189393.769248564 185576.680369405 181841.221395859 178187.392991418 174533.564586977 170879.736182536 167330.564251111 163886.049777315 160441.535303518 156997.020829722 153329.999720342 149440.469597213 145550.939474085 141661.409350956 137663.719093235 133557.867406452 129452.015719669 125346.164032887 121240.810641043 117135.955550741 113031.100460439 108926.245370136 104922.190845796 101018.938351859 97115.6858579222 93212.4333639851 89470.9624748821 85891.2757480769 82311.5890212716 78731.9022944664 75421.1364979306 72379.2962270243
289355.724463503 285132.989408304 280910.254353106 276687.519297907 272464.784242709 268242.04918751 264048.455128148 259884.002114979 255719.549101809 251555.096088639 247426.022927728 243332.329725497 239238.636523266 235144.943321035 231094.625675342 227087.683772181 223080.741869019 219073.799965858 215120.572258816 211221.059046976 207321.545835137 203422.032623297 199589.70244071 195824.555747446 192059.409054183 188294.262360919 184604.166918979 180989.12333838 177374.079757781 173759.036177182 170196.997650182 166687.964675454 163178.931700726 159669.898725999 155929.587531682 151957.995645863 147986.403760043 144014.811874224 139941.004819158 135764.981371526 131588.957923895 127412.934476264 123310.321115746 119281.118814885 115251.916514024 111222.714213163 107304.53327553 103497.375314053 99690.2173525761 95883.0593910992 92250.1578281873 88791.5154185071 85332.8730088268 81874.2305991466 78631.8728034034 75605.8033175002
291236.901691401 287044.212186525 282851.52268165 278658.833176774 274466.143671899 270273.454167023 266111.614382161 261980.624370618 257849.634359076 253718.644347534 249624.980776932 245568.643759546 241512.306742161 237455.969724775 233445.209575463 229480.026489658 225514.843403852 221549.660318047 217640.64607696 213787.80099334 209934.95590972 206082.1108261 202299.117363423 198585.976000035 194872.834636647 191159.69327326 187504.845880729 183908.29293287 180311.739985012 176715.187037153 173064.48268525 169359.626419842 165654.770154435 161949.913889027 158094.68322228 154089.076546982 150083.469871683 146077.863196385 142019.528802503 137908.466058988 133797.403315473 129686.340571958 125656.122632728 121706.75056882 117757.378504913 113808.006441006 109978.593184224 106269.140477342 102559.687770459 98850.2350635766 95324.2715634299 91981.8001706392 88639.3287778484 85296.8573850577 82047.4345601476 78891.0618931455
293118.078919299 288955.434964746 284792.791010194 280630.147055642 276467.503101089 272304.859146537 268174.773636173 264077.246626258 259979.719616344 255882.19260643 251823.938626136 247804.957793596 243785.976961056 239766.996128515 235795.793475584 231872.369207135 227948.944938686 224025.520670237 220160.719895104 216354.542939703 212548.365984303 208742.189028903 205008.532286136 201347.396252624 197686.260219112 194025.1241856 190405.524842479 186827.462527361 183249.400212243 179671.337897125 175931.967720318 172031.288164231 168130.608608143 164229.929052056 160259.778912877 156220.1574481 152180.535983323 148140.914518547 144098.052785849 140051.95074645 136005.848707051 131959.746667653 128001.924149709 124132.382322756 120262.840495802 116393.298668849 112652.653092919 109040.905640631 105429.158188342 101817.410736054 98398.3852986726 95172.0849227714 91945.7845468701 88719.4841709689 85462.9963168919 82176.320468791
294999.256147197 290866.657742967 286734.059338738 282601.460934509 278468.862530279 274336.26412605 270237.932890185 266173.868881898 262109.804873611 258045.740865325 254022.896475339 250041.271827645 246059.64717995 242078.022532255 238146.377375705 234264.711924612 230383.046473519 226501.381022426 222680.793713248 218921.284886067 215161.776058886 211402.267231706 207717.94720885 204108.816505213 200499.685801576 196890.55509794 193306.203804229 189746.632121851 186187.060439473 182627.488757096 178799.452755385 174702.949908619 170606.447061852 166509.944215085 162424.874603474 158351.238349219 154277.602094963 150203.965840708 146176.576769194 142195.435433912 138214.29409863 134233.152763347 130347.725666691 126558.014076691 122768.302486691 118978.590896691 115326.713001613 111812.670803919 108298.628606226 104784.586408532 101472.499033915 98362.3696749035 95252.2403158917 92142.11095688 88878.5580736361 85461.5790444363
296996.712676502 292894.980694455 288793.248712408 284691.516730362 280589.784748315 276488.052766268 272422.243466913 268392.356912325 264362.470357736 260332.583803148 256345.775161401 252402.044562075 248458.313962748 244514.583363422 240622.896068972 236783.252302562 232943.608536151 229103.964769741 225327.64908395 221614.66183139 217901.67457883 214188.68732627 210519.57681062 206894.343332348 203269.109854077 199643.876375805 196021.57830851 192402.215676051 188782.853043592 185163.490411133 181268.965460395 177099.275602638 172929.585744881 168759.895887124 164644.237379341 160582.61079902 156520.9842187 152459.357638379 148471.248135425 144556.656589693 140642.065043962 136727.47349823 132915.135518394 129205.052459118 125494.969399841 121784.886340565 118219.888084907 114799.976740675 111380.065396443 107960.154052211 104700.480057101 101601.045944164 98501.611831228 95402.1777182918 92138.3196204874 88710.0347281136
299110.462126645 295040.417534786 290970.372942927 286900.328351068 282830.283759209 278760.23916735 274727.71955643 270732.724991293 266737.730426156 262742.735861018 258792.58919878 254887.290574342 250981.991949905 247076.693325468 243225.364305732 239428.005122119 235630.645938506 231833.286754894 228101.300856736 224434.688608032 220768.076359329 217101.464110625 213413.431892263 209703.979557557 205994.527222851 202285.074888146 198551.626651194 194794.182316956 191036.737982719 187279.293648481 183340.459222098 179220.232997042 175100.006771987 170979.780546931 166917.873596609 162914.286544338 158910.699492067 154907.112439797 150982.092201204 147135.639716582 143289.187231961 139442.73474734 135704.179661107 132073.523402699 128442.86714429 124812.210885881 121332.204007071 118002.848696511 114673.49338595 111344.138075389 108082.346390221 104888.119398501 101693.89240678 98499.6654150594 95242.2627090568 91921.6832092159
301224.211576788 297185.854375116 293147.497173445 289109.139971774 285070.782770103 281032.425568432 277033.195645947 273073.093070261 269112.990494575 265152.887918889 261239.403236158 257372.53658661 253505.669937062 249638.803287514 245827.832542491 242072.757941676 238317.683340861 234562.608740046 230874.952629522 227254.715384674 223634.478139827 220014.24089498 216307.286973906 212513.615782766 208719.944591626 204926.273400487 201081.674993878 197186.148957861 193290.622921845 189395.096885829 185411.9529838 181341.190391446 177270.427799092 173199.665206739 169191.509813877 165245.962289656 161300.414765435 157354.867241214 153492.936266983 149714.622843472 145936.30941996 142157.995996449 138493.22380382 134941.994346279 131390.764888739 127839.535431198 124444.519929236 121205.720652346 117966.921375457 114728.122098567 111464.212723341 108175.192852837 104886.172982332 101597.153111827 98346.205797626 95133.3316903181
303337.96102693 299331.291215447 295324.621403964 291317.951592481 287311.281780997 283304.611969514 279338.671735465 275413.461149229 271488.250562994 267563.039976759 263686.217273536 259857.782598877 256029.347924219 252200.91324956 248430.300779251 244717.510761234 241004.720743216 237291.930725199 233648.604402307 230074.742161317 226500.879920326 222927.017679335 219201.142055548 215323.252007975 211445.361960401 207567.471912827 203611.723336562 199578.115598766 195544.507860971 191510.900123176 187483.446745503 183462.14778585 179440.848826198 175419.549866546 171465.146031144 167577.638034973 163690.130038802 159802.622042631 156003.780332762 152293.605970361 148583.431607959 144873.257245558 141282.267946533 137810.46528986 134338.662633187 130866.859976514 127556.8358514 124408.592608182 121260.349364963 118112.106121745 114846.079056462 111462.266307173 108078.453557883 104694.640808594 101450.148886195 98344.9801714203
305558.635254111 301584.113366442 297609.591478774 293635.069591106 289660.547703437 285686.025815769 281753.757219471 277863.741987558 273973.726755645 270083.711523732 266243.741043807 262453.815466406 258663.889889004 254873.964311603 251137.455156907 247454.362653968 243771.270151029 240088.177648089 236436.324805176 232815.711796232 229195.098787289 225574.485778345 221797.575505124 217864.3668973 213931.158289475 209997.94968165 205991.392151134 201911.485101742 197831.578052351 193751.67100296 189726.408132708 185755.78995569 181785.171778672 177814.553601654 173914.773002963 170085.830739713 166256.888476464 162427.946213214 158692.117243108 155049.402680531 151406.688117954 147763.973555378 144245.117022291 140850.120159576 137455.123296861 134060.126434145 130792.655489238 127652.712314847 124512.769140457 121372.825966066 118107.810848704 114717.721811216 111327.632773729 107937.543736241 104741.358011148 101739.078911897
307886.246918972 303944.333543276 300002.42016758 296060.506791884 292118.593416188 288176.680040491 284278.465076488 280423.948599689 276569.432122889 272714.915646089 268911.987655778 265160.648307134 261409.30895849 257657.969609846 253949.308071033 250283.324525055 246617.340979077 242951.357433099 239238.115503953 235477.614928502 231717.114353052 227956.613777601 224096.552105827 220136.928655932 216177.305206037 212217.681756142 208220.663631604 204186.250528477 200151.83742535 196117.424322223 192140.857448384 188222.137348053 184303.417247722 180384.69714739 176540.41156787 172770.561304721 169000.711041571 165230.860778422 161557.968014417 157982.03390995 154406.099805484 150830.165701017 147381.791610815 144060.979224802 140740.16683879 137419.354452777 134151.993466453 130938.084656365 127724.175846277 124510.267036188 121249.393875296 117941.55562118 114633.717367065 111325.879112949 108219.855346095 105315.649515138
310213.858583834 306304.55372011 302395.248856386 298485.943992662 294576.639128938 290667.334265214 286803.172933505 282984.155211819 279165.137490133 275346.119768447 271580.23426775 267867.481147863 264154.728027976 260441.974908089 256761.160985159 253112.286396143 249463.411807126 245814.537218109 242039.906202729 238139.518060772 234239.129918815 230338.741776858 226395.52870653 222409.490414564 218423.452122599 214437.413830634 210449.935112074 206461.015955211 202472.096798349 198483.177641487 194555.30676406 190688.484740416 186821.662716771 182954.840693126 179166.050132777 175455.291869728 171744.533606679 168033.77534363 164423.818785726 160914.66513937 157405.511493013 153896.357846657 150518.466199338 147271.838290029 144025.210380719 140778.582471409 137511.331443669 134223.456997883 130935.582552097 127647.70810631 124390.976901888 121165.389431144 117939.801960401 114714.214489658 111698.352681043 108892.220118379
312541.470248695 308664.773896943 304788.077545192 300911.38119344 297034.684841688 293157.988489936 289327.880790522 285544.36182395 281760.842857377 277977.323890805 274248.480879722 270574.313988592 266900.147097462 263225.980206332 259573.013899286 255941.24826723 252309.482635174 248677.717003119 244841.696901505 240801.421193042 236761.145484578 232720.869776115 228694.505307233 224682.052173197 220669.599039161 216657.145905125 212679.206592544 208735.781381946 204792.356171348 200848.93096075 196969.756079737 193154.832132779 189339.908185821 185524.984238862 181791.688697684 178140.022434735 174488.356171786 170836.689908838 167289.669557035 163847.296368789 160404.923180543 156962.549992296 153655.140787862 150482.697355255 147310.253922648 144137.810490041 140870.669420884 137508.829339401 134146.989257917 130785.149176433 127532.55992848 124389.223241109 121245.886553737 118102.549866366 115176.850015991 112468.79072162
314966.819107593 311122.888817781 307278.958527969 303435.028238157 299591.097948345 295747.167658533 291951.178576977 288203.13078652 284455.082996063 280707.035205606 276990.349972812 273305.02739202 269619.704811228 265934.382230435 262253.748374153 258577.803262485 254901.858150817 251225.913039149 247342.172903461 243250.636586746 239159.10027003 235067.563953315 231019.408926587 227014.635486921 223009.862047256 219005.088607591 215054.033909076 211156.698388341 207259.362867606 203362.02734687 199531.876666916 195768.911459821 192005.946252725 188242.98104563 184564.827149855 180971.485471868 177378.14379388 173784.802115893 170299.345325851 166921.774714927 163544.204104003 160166.633493079 156895.102561134 153729.61271299 150564.122864847 147398.633016704 144132.991137485 140767.195772171 137401.400406856 134035.605041542 130821.516680942 127759.13772326 124696.758765578 121634.379807896 118793.763506234 116174.913650106
