Map_Files/Distance_to_Refugia/ForestDistance_to_Shp50.asc
NCOLS 312 
NROWS 528 
XLLCORNER 7 
YLLCORNER -10 
CELLSIZE 0.0416666666666667 
NODATA_value -9999 
[rows 200 to 224 of 528, columns 224 to 279 of 312]
206578.247757751 210985.124408284 215409.416182577 219851.124336792 224292.832491008 228734.540645224 233189.952440114 237659.068881672 242128.18532323 246597.301764787 251077.379593201 255568.419627184 260059.459661168 264550.499695151 269050.435390624 273559.267423398 278068.099456171 282576.931488945 287093.075952679 291616.533412266 296139.990871852 300663.448331439 305192.985862244 309728.60394174 314264.222021237 318799.840100734 323340.565572145 327886.398843097 332432.232114049 336978.065385001 341528.228643882 346082.722241816 350637.215839751 355191.709437685 359749.904601343 364311.801635629 368873.698669914 373435.595704199 378000.681050277 382568.954974855 0 0 0 0 405424.150881291 409997.955366258 414574.173140338 419152.804411586 423731.435682834 428310.066954082 432890.816593628 437473.68478681 442056.552979993 0 0 0
205146.169786293 209584.234434121 214037.457909652 218505.841306299 222974.224702948 227442.608099596 231922.87700115 236415.032280133 240907.187559117 245399.3428381 249900.977959713 254412.09363201 258923.209304307 263434.324976605 267953.116087353 272479.583219662 277006.050351971 281532.51748428 286065.281950769 290604.344237916 295143.406525063 299682.468812209 304226.75884367 308776.277029988 313325.795216305 317875.313402622 322429.217163988 326987.506850421 331545.796536854 336104.086223287 340666.089759448 345231.807446498 349797.525133549 354363.242820599 358932.13230089 363504.193835687 368076.255370484 372648.316905281 377223.108173315 381800.629402932 386378.150632549 390955.671862166 395535.558837402 400117.811759184 404700.064680966 409282.317602747 413866.633928844 418453.013837147 423039.39374545 427625.773653753 432213.963806655 436803.964362538 441393.964918422 0 0 0
203906.575349896 208372.244011958 212851.016235152 217342.892964643 221834.769694135 226326.646423627 230828.768430529 235341.136466955 239853.50450338 244365.872539805 248886.393877721 253415.069126105 257943.744374487 262472.41962287 267007.684272776 271549.538824806 276091.393376836 280633.247928866 285180.500707641 289733.152130179 294285.803552717 298838.454975254 303395.582192809 307957.185556871 312518.788920932 317080.392284993 321645.746505841 326214.851882836 330783.957259831 335353.062636826 339925.341564636 344500.79430061 349076.247036583 353651.699772555 358229.860822031 362810.730408095 367391.59999416 371972.469580225 376555.668504832 381141.196962834 385726.725420836 390312.253878839 394899.799941642 399489.363780606 404078.92761957 408668.491458533 413259.814188629 417852.895961494 422445.977734359 427039.059507224 431633.683705778 436229.850464968 440826.017224159 445422.18398335 0 0
202859.476891097 207349.165352657 211850.103151258 216362.291098319 220874.479045381 225386.666992444 229907.637909192 234437.392440392 238967.146971591 243496.901502791 248033.637807452 252577.356407049 257121.075006645 261664.793606243 266214.149765217 270769.14391186 275324.138058503 279879.132205146 284438.741467937 289002.9662034 293567.190938862 298131.415674324 302699.464639599 307271.338135007 311843.211630414 316415.085125822 320990.161863988 325568.442100567 330146.722337146 334725.002573724 339305.991906395 343889.690554843 348473.389203291 353057.087851739 357643.097630979 362231.418731384 366819.739831788 371408.060932193 375998.369164068 380590.66469364 385182.960223212 389775.255752784 394369.272025988 398965.00918897 403560.746351952 408156.483514933 412753.72043041 417352.457227679 421951.194024947 426549.930822216 431149.982533654 435751.349274305 440352.716014956 444954.082755608 0 0
201812.378432298 206326.086693356 210849.190067364 215381.689231995 219914.188396628 224446.68756126 228986.507387855 233533.648413829 238080.789439803 242627.930465776 247180.881737182 251739.643687993 256298.405638804 260857.167589615 265420.615257659 269988.748998914 274556.882740169 279125.016481425 283696.982228233 288272.78027662 292848.578325007 297424.376373394 302003.347086389 306585.490713143 311167.634339897 315749.777966652 320334.577222136 324922.032318298 329509.48741446 334096.942510623 338686.642248154 343278.586809077 347870.53137 352462.475930922 357056.334439928 361652.107054673 366247.879669417 370843.652284161 375441.069823304 380040.132424446 384639.195025588 389238.25762673 393838.744110334 398440.654597334 403042.565084333 407644.475571332 412247.626672191 416852.018493863 421456.410315535 426060.802137207 430666.28136153 435272.848083642 439879.414805754 444485.981527866 0 0
200765.279973499 205303.008034055 209848.276983469 214401.087365671 218953.897747874 223506.708130076 228065.376866518 232629.904387266 237194.431908014 241758.959428761 246328.125666913 250901.930968937 255475.736270962 260049.541572987 264627.0807501 269208.354085968 273789.627421836 278370.900757704 282955.222988529 287542.594349841 292129.965711152 296717.337072464 301307.229533178 305899.643291279 310492.05704938 315084.470807481 319678.992580283 324275.622536029 328872.252491775 333468.882447521 338067.292589913 342667.483063311 347267.673536708 351867.864010105 356469.571248877 361072.795377961 365676.019507045 370279.243636129 374883.77048254 379489.600155252 384095.429827963 388701.259500675 393308.21619468 397916.300005697 402524.383816715 407132.467627732 411741.532913971 416351.579760047 420961.626606123 425571.673452199 430182.580189406 434794.346892979 439406.113596551 444017.880300124 0 0
199922.991179658 204480.334358068 0 213613.025289432 218182.371661832 222751.718034232 227325.715894308 231904.365583529 236483.01527275 241061.66496197 245643.990969164 250229.993568917 254815.99616867 259401.998768424 263990.956185336 268582.868643886 273174.781102436 277766.693560987 282361.015855499 286957.748172135 291554.480488771 296151.212805407 300749.935796624 305350.649618752 309951.36344088 314552.077263008 319154.454192386 323758.494361749 328362.534531111 332966.574700474 337572.018344556 342178.865577167 346785.712809779 351392.56004239 356000.602348784 360609.839827402 365219.077306019 369828.314784637 374438.578151184 379049.867491478 383661.156831772 388272.446172066 392884.622637084 397497.686302172 402110.74996726 406723.813632348 411337.649549062 415952.257783981 420566.866018899 425181.474253817 429796.758836019 434412.719824678 439028.680813337 443644.641801997 0 0
199285.525552273 203858.078876528 208435.408809563 213017.515695918 217599.622582273 222181.729468628 226767.536434093 231357.043750294 235946.551066495 240536.058382695 245128.488759822 249723.842416201 254319.19607258 258914.549728959 263512.251940171 268112.302884636 272712.353829103 277312.404773569 281914.370556098 286518.251324615 291122.132093132 295726.012861649 300331.475028295 304938.518717259 309545.562406222 314152.606095186 318760.970697298 323370.656317982 327980.341938665 332590.027559349 337200.827691404 341812.742425208 346424.657159012 351036.571892815 355649.435504906 360263.248073444 364877.060641981 369490.873210519 374105.500219574 378720.941737276 383336.383254978 387951.824772679 392567.970486893 397184.820457427 401801.670427962 406418.520398496 411035.983315395 415654.0592315 420272.135147604 424890.211063709 429508.823753817 434127.973264892 438747.122775966 443366.272287041 0 0
198648.059924889 203235.823394987 0 212422.006102403 217016.873502714 221611.740903024 226209.356973878 230809.721917059 235410.08686024 240010.45180342 244612.986550481 249217.691263485 253822.395976489 258427.100689494 263033.547695005 267641.737125387 272249.926555769 276858.115986151 281467.725256698 286078.754477096 290689.783697493 295300.81291789 299913.014259965 304526.387815765 309139.761371564 313753.134927364 318367.48720221 322982.818274215 327598.149346219 332213.480418224 336829.637038252 341446.619273248 346063.601508245 350680.583743241 355298.268661028 359916.656319486 364535.043977943 369153.431636401 373772.422287964 378392.015983073 383011.609678183 387631.203373292 392251.318336701 396871.954612683 401492.590888664 406113.227164645 410734.317081727 415355.860679018 419977.40427631 424598.947873601 429220.888671616 433843.226705105 438465.564738595 443087.902772085 0 0
198010.594297504 202613.567913447 207218.868594625 211826.496508889 216434.124423154 221041.75233742 225651.177513663 230262.400083824 234873.622653985 239484.845224145 244097.484341139 248711.540110769 253325.595880399 257939.651650029 262554.84344984 267171.171366137 271787.499282435 276403.827198732 281021.079957297 285639.257629576 290257.435301854 294875.612974132 299494.553491636 304114.256914271 308733.960336907 313353.663759542 317974.003707122 322594.980230448 327215.956753773 331836.933277099 336458.4463851 341080.496121289 345702.545857478 350324.595593667 354947.101817149 359570.064565528 364193.027313905 368815.990062283 373439.344356354 378063.090228871 382686.836101388 387310.581973906 391934.66618651 396559.088767938 401183.511349366 405807.933930793 410432.650848059 415057.662126537 419682.673405015 424307.684683493 428932.953589415 433558.480145319 438184.006701224 442809.533257129 0 0
197585.961788047 202199.173375441 0 211430.097600898 216046.309924811 220662.522248725 225279.890905933 229898.415981323 234516.941056713 239135.466132102 243754.901106277 248375.246047198 252995.590988119 257615.93592904 262237.009626381 266858.812135506 271480.614644631 276102.417153756 280724.81230727 285347.800150956 289970.787994642 294593.775838327 299217.252081105 303841.216761331 308465.181441556 313089.146121782 317713.518018202 322338.297163317 326963.076308432 331587.855453548 336212.977654275 340838.442938433 345463.908222592 350089.37350675 354715.130470852 359341.179138923 363967.227806993 368593.276475064 373219.575199998 377846.124002711 382472.672805424 387099.221608138 391725.986388436 396352.967164663 400979.94794089 405606.928717116 410234.097300683 414861.453707782 419488.810114879 424116.166521978 428743.687247711 433371.372306456 437999.057365202 442626.742423947 0 0
197374.176699383 201992.653749693 206612.202410506 211232.822759117 215853.443107729 220474.06345634 225095.509710308 229717.781930264 234340.05415022 238962.326370176 243585.24846644 248208.820487552 252832.392508664 257455.964529776 262080.057035484 266704.670065329 271329.283095174 275953.896125019 280578.932412334 285204.391989816 289829.851567298 294455.31114478 299081.119514602 303707.276704156 308333.43389371 312959.591083264 317586.039073202 322212.777886733 326839.516700264 331466.255513796 336093.239294574 340720.468062464 345347.696830354 349974.925598244 354602.362632342 359230.007949803 363857.653267263 368485.298584724 373113.1224335 377741.124828525 382369.127223551 386997.129618577 391625.286198465 396253.596976311 400881.907754158 405510.218532004 410138.663369005 414767.242276719 419395.821184432 424024.400092145 428653.096277267 433281.909750059 437910.723222851 442539.536695643 0 0
197162.39161072 201786.134123946 206410.519544027 211035.547917336 215660.576290646 220285.604663956 224911.128514684 229537.147879206 234163.167243728 238789.18660825 243415.595826603 248042.394927906 252669.194029209 257295.993130512 261923.104444587 266550.527995152 271177.951545717 275805.375096282 280433.052517398 285060.983828676 289688.915139954 294316.846451232 298944.986948099 303573.336646981 308201.686345863 312830.036044746 317458.560128202 322087.258610149 326715.957092096 331344.655574044 335973.500934872 340602.493186494 345231.485438116 349860.477689738 354489.594793832 359118.836760683 363748.078727533 368377.320694384 373006.669667002 377636.12565434 382265.581641678 386895.037629016 391524.586008494 396154.22678796 400783.867567426 405413.508346892 410043.229437327 414673.030845656 419302.832253984 423932.633662312 428562.505306823 433192.447193661 437822.3890805 0 0 0
196950.606522057 201579.614498198 206208.836677548 210838.273075555 215467.709473563 220097.145871571 224726.74731906 229356.513828148 233986.280337236 238616.046846324 243245.943186766 247875.96936826 252505.995549754 257136.021731248 261766.151853689 266396.385924974 271026.61999626 275656.854067546 280287.172622462 284917.575667536 289547.978712611 294178.381757685 298808.854381596 303439.396589806 308069.938798017 312700.481006228 317331.081183202 321961.739333565 326592.397483928 331223.055634291 335853.762575171 340484.518310525 345115.274045878 349746.029781232 354376.826955322 359007.665571563 363638.504187803 368269.342804043 372900.216900505 377531.126480154 382162.036059804 386792.945639455 391423.885818523 396054.856599608 400685.827380694 405316.798161779 409947.795505649 414578.819414593 419209.843323536 423840.86723248 428471.914336379 433102.984637264 0 0 0 451627.32693019
196954.411799664 201583.510498894 206212.82335489 210842.350383099 215471.877411308 220101.404439517 224731.096481981 229360.953550815 233990.810619649 238620.667688482 243250.654561567 247880.771248597 252510.887935627 257141.004622657 261771.22522957 266401.549764262 271031.874298954 275662.198833646 280292.607835502 284923.101311049 289553.594786595 294184.088262141 298814.65130363 303445.283916525 308075.916529419 312706.549142313 317337.239713906 321967.988248822 326598.736783739 331229.485318656 335860.282636303 340491.128740638 345121.974844974 349752.820949308 354383.70848646 359014.637459841 363645.566433221 368276.495406602 372907.459855831 377538.459783877 382169.459711924 386800.45963997 391431.490164366 396062.551287712 400693.612411057 405324.673534402 409955.761218575 414586.875465866 419217.989713156 423849.103960446 0 0 0 0 447004.904313009 451636.105676787
197173.822207675 201797.836535789 206422.493660788 211047.793629035 215673.093597283 220298.39356553 224924.188928144 229550.479721493 234176.770514841 238803.061308189 243429.741891862 248056.812294973 252683.882698084 257310.953101195 261938.335668148 266566.030422656 271193.725177166 275821.419931675 280449.368518933 285077.57095855 289705.773398167 294333.975837784 298962.387433868 303591.008202843 308219.628971819 312848.249740794 317477.044872121 322106.014379716 326734.98388731 331363.953394905 335993.069764741 340622.333008729 345251.596252717 349880.859496705 354510.247581115 359139.760516232 363769.273451348 368398.786386465 373028.406319132 377658.1332583 382287.860197468 386917.587136637 391547.406462973 396177.318184323 400807.229905674 405437.141627025 410067.133657156 414697.206002992 419327.278348827 423957.350694663 428587.493276911 0 0 0 447108.406346049 451738.742716177
197393.232615686 202012.162572684 206632.163966685 211253.236874971 215874.309783258 220495.382691544 225117.281374308 229740.00589217 234362.730410033 238985.454927895 243608.829222157 248232.853341349 252856.877460541 257480.901579734 262105.446106725 266730.511081051 271355.576055377 275980.641029703 280606.129202364 285232.040606051 289857.952009739 294483.863413426 299110.123564105 303736.732489162 308363.341414218 312989.950339275 317616.850030337 322244.040510609 326871.230990881 331498.421471154 336125.856893179 340753.537276819 345381.21766046 350008.898044101 354636.786675771 359264.883572623 363892.980469475 368521.077366328 373149.352782432 377777.806732722 382406.260683013 387034.714633303 391663.322761579 396292.085080935 400920.847400291 405549.609719647 410178.506095737 414807.536540118 419436.566984498 424065.597428879 0 0 0 442582.540189243 447211.908379088 451841.379755567
197612.643023697 202226.48860958 206841.834272583 211458.680120907 216075.525969232 220692.371817557 225310.373820471 229929.532062848 234548.690305225 239167.848547602 243787.916552451 248408.894387725 253029.872222998 257650.850058272 262272.556545302 266894.991739445 271517.426933589 276139.862127732 280762.889885794 285386.510253553 290010.130621311 294633.750989069 299257.859694342 303882.45677548 308507.053856618 313131.650937757 317756.655188553 322382.066641502 327007.478094452 0 336258.644021616 340884.74154491 345510.839068204 350136.936591497 354763.325770426 359390.006629014 364016.687487602 368643.368346191 373270.299245733 377897.480207145 382524.661168558 387151.84212997 391779.239060185 396406.851977547 401034.464894908 405662.077812269 410289.878534317 414917.867077244 419545.85562017 424173.844163096 0 0 0 442686.948627161 447315.410412128 451944.016794958
198044.784650236 202648.575986781 207254.693886028 211863.138515793 216471.583145557 221080.027775322 225690.269280657 230302.307793473 234914.346306289 239526.384819105 244139.839577618 248754.71068761 253369.5817976 257984.452907591 262600.459810694 267217.602593195 271834.745375696 276451.888158197 281069.955595028 285688.94775762 290307.939920213 294926.932082805 299546.686941072 304167.20455491 0 313408.239782584 318029.393802318 322651.184278742 327272.974755166 331894.76523159 336517.092198263 341139.95569869 345762.819199118 350385.682699544 355009.002612999 359632.778977076 364256.555341152 368880.331705229 373504.499557464 378129.058930604 382753.618303745 387378.177676886 392003.075346639 396628.311341738 401253.547336837 405878.783331935 410504.313631355 415130.138260469 419755.962889582 424381.787518696 0 0 0 442886.889346229 447513.455961732 452140.249348799
198689.67233595 203278.439198227 207870.756982003 212466.625943408 217062.494904814 221658.36386622 226256.980786699 230858.345867981 235459.710949264 240061.076030546 244664.610355096 249270.314084937 253876.017814778 258481.721544619 263089.167120199 267698.354673846 272307.542227493 276916.729781141 281527.336815708 286139.363440852 290751.390065996 295363.41669114 299976.615147155 304590.985526067 309205.355904978 313819.726283889 318435.075145396 323051.402567591 327667.729989786 332284.057411982 336901.21018954 341519.188389392 346137.166589244 350755.144789096 355373.825514828 359993.208824308 364612.592133787 369231.975443267 373851.961618489 378472.550709882 383093.139801276 387713.72889267 392334.839149702 396956.470616636 401578.102083569 406199.733550503 410821.818576753 415444.357201422 420066.89582609 424689.434450758 0 0 438559.03607807 443182.369011011 447806.051623487 452430.083946541
199334.560021663 203908.302409672 208486.820077978 213070.113371024 217653.406664071 222236.699957118 226823.692292741 231414.383942489 236005.075592238 240595.767241986 245189.381132574 249785.917482265 254382.453831956 258978.990181647 263577.874429704 268179.106754497 272780.339079291 277381.571404085 281984.718036389 286589.779124084 291194.84021178 295799.901299475 300406.543353238 305014.766497224 309622.989641209 314231.212785194 318840.756488473 323451.620856439 328062.485224406 332673.349592373 337285.328180817 341898.421080094 346511.513979371 351124.606878647 355738.648416657 360353.63867154 364968.628926423 369583.619181306 374199.423679514 378816.042489161 0 388049.280108454 392666.602952764 397284.629891533 401902.656830302 406520.683769071 411139.323522151 415758.576142374 420377.828762597 0 0 0 438857.522673982 443477.848675793 0 0
199979.447707377 204538.165621117 209102.883173953 213673.60079864 218244.318423328 222815.036048016 227390.403798782 231970.422016997 236550.440235212 241130.458453427 245714.151910052 250301.520879593 254888.889849134 259476.258818675 264066.581739209 268659.858835149 273253.135931089 277846.41302703 282442.099257069 287040.194807316 291638.290357564 296236.385907811 300836.471559322 305438.547468381 310040.62337744 314642.6992865 319246.43783155 323851.839145288 328457.240459026 333062.641772764 337669.446172094 342277.653770796 346885.861369498 351494.068968199 356103.471318486 360714.068518772 365324.665719058 369935.262919344 374546.88574054 379159.534268439 383772.182796338 388384.831324238 392998.366755826 397612.78916643 402227.211577034 406841.633987638 411456.828467549 416072.795083327 420688.761699105 0 0 0 439156.009269894 443773.328340575 0 0
200828.95372493 205368.246218905 209915.077198655 214469.447207933 219023.817217212 223578.187226491 228138.413690584 232704.497039416 237270.580388249 241836.663737081 246407.384283308 250982.742373286 255558.100463263 260133.45855324 264712.549288569 269295.372952821 273878.196617073 278461.020281326 283046.891836197 287635.811517139 292224.731198082 296813.650879024 301405.090832531 305999.051256523 310593.011680514 315186.972104505 319783.039857989 324381.215109152 328979.390360315 333577.565611479 338177.520478481 342779.255105633 347380.989732785 351982.724359937 356585.975275125 361190.742603247 365795.509931369 370400.277259492 375006.346904792 379613.71897621 384221.091047629 388828.463119048 393436.961875997 398046.58741417 402656.212952342 407265.838490515 411876.445222363 416488.033232478 0 0 0 434936.964315088 439550.271711707 444163.579108327 448777.643850876 0
201883.092610924 206398.558426984 210923.416085721 215457.666264572 219991.916443423 224526.166622275 229067.734848039 233616.62165794 238165.508467841 242714.395277742 247269.090220281 251829.593729272 256390.097238262 260950.600747252 265515.788249949 270085.6601022 274655.531954451 279225.403806702 283799.106246246 288376.639569 292954.172891754 297531.706214508 302112.411025831 306696.287574783 311280.164123734 315864.040672686 320450.571868724 325039.757923719 329628.943978713 334218.130033708 338809.559906146 343403.233777982 347996.907649818 352590.581521653 357186.168646931 361783.669183249 366381.169719565 370978.670255883 375577.815128971 380178.60447638 384779.393823791 389380.183171201 393982.395902844 398586.032139611 403189.668376378 407793.304613145 412398.181040875 417004.297766488 0 0 430823.734987089 435432.025895334 440040.31680358 444648.607711826 449257.856661041 453868.063736275
202937.231496919 207428.870635063 211931.754972786 216445.88532121 220960.015669634 225474.146018058 229997.056005495 234528.746276464 239060.436547434 243592.126818403 248130.796157254 252676.445085257 257222.09401326 261767.742941264 266319.027211329 270875.947251578 275432.867291828 279989.787332078 284551.320656294 289117.46762086 293683.614585426 298249.761549992 302819.73121913 307393.523893043 311967.316566955 316541.109240867 321118.10387946 325698.300738286 330278.497597111 334858.694455937 339441.599333811 344027.212450331 348612.825566851 353198.43868337 357786.362018738 362376.59576325 366966.829507761 371557.063252273 376149.283353149 380743.489976551 385337.696599952 389931.903223354 394527.82992969 399125.476865052 403723.123800414 408320.770735775 412919.916859388 0 0 0 431323.813055709 435927.087475581 440530.361895453 0 0 0
