Map_Files/Distance_to_Refugia/ForestDistance_to_Shp50.asc
NCOLS 312 
NROWS 528 
XLLCORNER 7 
YLLCORNER -10 
CELLSIZE 0.0416666666666667 
NODATA_value -9999 
[rows 100 to 124 of 528, columns 224 to 279 of 312]
0 0 0 0 0 0 423680.336277869 426954.876653168 0 433503.957403766 0 0 0 446515.51305299 449777.570253561 453051.889872066 456326.209490571 459600.529109075 462917.869575275 0 0 0 476400.08222414 479841.958261252 483283.834298365 486725.710335478 490204.991181002 493721.679820261 497238.368459519 500755.057098778 504306.096979983 507891.490888724 511476.884797464 515062.278706204 518679.243391938 522327.781455196 525976.319518454 529624.857581712 533302.436651776 537009.05915797 540715.681664165 544422.304170359 548155.666964159 551915.772316661 555675.877669164 559435.983021665 563220.736464343 567030.140122151 570839.543779959 574648.947437767 578481.096301554 582335.99236134 586190.888421125 590045.784480911 593921.694388156 597818.620008299
0 0 0 0 0 417140.166467096 420401.400512422 0 0 430293.601345942 0 436783.78928023 440011.446942318 443239.104604407 446500.9015946 449796.84050649 453092.779418382 456388.718330273 459728.26731843 463111.429751776 466494.592185121 0 0 476765.25440971 480229.201183395 483693.147957081 487194.124728586 490732.134453319 494270.144178051 497808.153902784 501380.135127489 504986.090606962 508592.046086435 512198.001565907 515835.148182276 519503.488504799 523171.828827322 526840.169149844 530537.174852475 534262.848333115 537988.521813756 541714.195294397 545466.240428305 549244.659455267 553023.07848223 556801.497509193 560604.205197442 564431.203640946 568258.202084449 572085.200527953 575934.59554503 579806.389095197 583678.182645365 587549.976195533 0 0
0 0 0 0 0 0 417157.841916804 0 0 427048.230506171 0 433539.105303848 436767.422251051 439995.739198254 0 446588.107372082 449906.914984632 453225.722597182 456588.229614982 459994.439413855 463400.649212728 0 470253.06612098 473739.273681899 477225.481242817 480711.688803736 484234.525108252 487793.99307975 491353.461051248 494912.929022746 498505.965464781 502132.573099464 505759.180734146 509385.788368829 513043.187154995 516731.379628956 520419.572102915 524107.764576875 527824.229157492 531568.968209769 535313.707262045 539058.446314322 542829.173182791 546625.89007464 550422.606966489 554219.323858338 558039.956971163 561884.508366824 565729.059762484 569573.611158145 573440.199432389 577328.826513265 581217.453594141 0 0 0
0 0 0 0 0 0 0 0 0 0 0 430281.869285844 433533.643599459 436785.417913075 440082.766219365 443425.691980627 446768.617741889 450111.543503151 0 456927.264824769 460356.771566795 463786.278308821 467255.359328436 470764.01773345 474272.676138464 477781.334543478 481326.193993377 484907.257377409 488488.320761441 492069.384145473 495683.589682382 499330.94005971 502978.290437037 506625.640814364 510303.362011783 0 517719.55105018 521427.645569379 525163.601274453 528927.420496032 532691.239717611 536455.05893919 540244.466936654 544059.465883298 547874.464829943 551689.463776588 555527.993492053 559390.056004966 563252.11851788 567114.181030794 570997.909664357 574903.306314178 578808.702964 0 0 0
0 0 0 0 0 0 0 0 0 420487.45697693 423749.401587811 427024.633267839 430299.864947867 433575.096627895 0 0 0 0 0 0 457312.893920863 460765.697606042 464257.652535892 467788.761785001 471319.87103411 474850.98028322 478417.862878501 482020.521675067 485623.180471634 489225.8392682 0 496529.307019956 0 0 507563.536868572 511291.533433009 515019.529997445 518747.526561882 522502.973391414 526285.872782295 530068.772173176 533851.671564058 537659.760690516 541493.041691957 545326.322693397 549159.603694837 553016.030012942 556895.603643109 560775.177273276 564654.750903443 568555.619896325 572477.786115092 576399.952333859 0 0 0
0 0 0 0 0 0 0 0 0 417207.07021231 420468.708203394 423767.397249835 427066.086296275 430364.775342715 0 0 0 0 0 0 454269.016274931 457745.116903263 461259.945743347 464813.505836552 468367.065929757 471920.626022962 475509.531763626 479133.785972726 482758.040181826 486382.294390927 490038.838117586 493727.673980202 497416.509842818 0 0 508571.610335035 512319.50894471 516067.407554385 519842.345508374 523644.325068558 527446.304628742 531248.284188926 535075.054444379 538926.617500615 542778.180556851 546629.743613087 550504.066533832 554401.151281252 558298.236028672 562195.320776092 566113.330128292 570052.265916005 573991.201703718 577930.137491431 581888.338014963 585865.804984485
0 0 0 0 0 0 0 0 0 413962.605179942 417236.857913548 420560.076945707 423883.295977866 427206.515010026 0 0 0 440822.565854822 444280.142911124 447779.745103573 451279.347296021 454778.94948847 458316.825889282 461892.979504173 465469.133119064 469045.286733955 0 476302.269579977 479948.207867257 483594.146154537 487271.924299952 490981.544885437 494691.165470923 0 0 505907.299055704 0 0 517237.31825465 521058.345863164 524879.373471678 528700.401080193 532545.805954077 536415.590163731 540285.374373386 544155.158583041 548047.305141275 551961.815975986 555876.326810697 559790.837645408 563725.892295047 567681.492557029 0 575592.693080995 579567.194384975 583560.598408834
0 0 387918.870810148 0 0 0 0 0 0 410754.063098314 414053.852375058 417402.674048627 420751.495722196 424100.317395765 427494.838117856 430935.061360266 434375.284602677 437815.507845087 441297.272053987 444820.580438456 0 0 455428.294825316 459027.184644323 462626.07446333 0 0 0 477193.685404003 480861.396438117 0 0 0 0 0 0 0 0 0 0 522367.980585812 526208.024120595 530072.017100769 533959.9615604 0 541735.85047966 545645.74770776 549577.599596915 553509.45148607 557441.303375225 561393.308257198 565365.46789521 569337.627533222 573309.787171235 577300.475890303 581309.695335289
378174.182881039 0 384712.860034558 0 0 0 0 0 0 0 410870.846836569 414245.271151547 417619.695466525 420994.119781504 424413.775880059 427878.667198491 431343.558516922 434808.449835353 438314.401196849 441861.415773338 445408.430349828 448955.444926317 452539.763761351 456161.389784474 0 0 0 0 474439.16294075 0 0 0 0 0 0 0 0 0 0 0 519856.587699945 0 0 0 535410.437666673 539316.542376279 543244.190274244 547193.383217843 551142.576161442 555091.769105042 559060.724219348 563049.44323339 567038.162247432 571026.881261474 575033.75739563 579058.792261744
374940.589347165 0 0 0 0 0 0 0 0 404336.978935057 407687.841298079 411087.868254467 414487.895210855 417887.922167243 421332.713642263 424822.273036715 428311.832431167 431801.391825619 435331.530339711 0 442472.971876731 446043.69264524 449651.232697385 453295.594924624 456939.957151863 0 0 467973.383949716 0 0 0 0 486681.775783326 490453.876482363 494253.685904717 498081.206332792 501908.726760868 505736.247188943 509589.044039437 0 0 521223.2702014 525124.439394154 529048.704353736 532972.969313317 536897.234272898 540842.632840728 544809.166838772 548775.700836815 552742.234834858 556728.140181499 560733.41857157 564738.696961642 568743.975351714 572767.038900958 576807.889188199
0 0 0 0 0 0 0 0 0 401184.169082396 404561.173407356 407987.107199917 411413.040992478 414838.974785039 418309.163868886 421823.611606132 425338.059343377 428852.507080623 432407.016441364 436001.590520401 439596.164599437 443190.738678473 446821.615539403 0 454155.980526845 457823.163020566 461523.282705512 465256.342210439 0 472722.461220295 476485.445800745 480278.357883381 484071.269966018 487864.182048654 491684.323383569 495531.696213674 499379.069043779 503226.441873884 507098.630240323 510995.636218954 514892.642197585 518789.648176216 522709.307032691 526651.620690957 530593.934349222 534536.248007488 538499.274992226 542483.01708917 0 0 554453.215268151 558474.902801281 562496.590334412 566518.277867542 570557.371721501 574613.873441481
368433.0130349 0 0 0 0 0 0 0 0 0 401490.84514752 404942.989981726 408395.134815931 411847.279650137 415343.128584403 0 0 425961.797648101 429540.861556009 433159.436069257 436778.010582505 440396.585095753 444050.914361211 0 0 455121.174837793 0 0 466353.448741185 470108.34145464 473892.640691449 477706.348836227 481520.056981004 485333.765125782 489174.203942559 493041.375633176 496908.547323794 500775.719014412 504667.229457723 508583.0806897 512498.931921677 516414.783153654 520352.833227817 524313.084029549 528273.334831281 532233.585633013 0 0 0 0 552235.951508942 556273.897946872 560311.844384802 564349.790822732 568404.7578655 572476.747024059
365172.493180047 0 0 0 0 0 0 0 0 0 398420.516887684 401898.872763535 405377.228639385 408855.584515235 412377.093299921 415941.758271807 0 423071.088215579 426674.706670654 430317.281618114 433959.856565574 437602.431513033 441280.213183019 444993.204340353 0 452419.186655021 0 0 463717.495767004 467494.221688985 471299.835582153 475134.339789072 478968.843995991 482803.34820291 486664.084501548 490551.055052679 494438.025603809 498324.99615494 502235.828675122 506170.525160446 510105.221645769 514039.918131093 517996.359422943 521974.547368141 525952.73531334 0 0 0 0 545982.639685458 550018.687749733 554072.893092462 558127.098435192 562181.303777922 566252.1440095 570339.620606637
361911.973325194 0 0 0 0 0 0 0 0 0 0 0 402359.322462838 405863.889380333 409411.058015438 0 416590.60519385 420180.378783056 423808.551785299 427475.12716697 431141.702548642 434808.277930313 438509.512004827 442245.407493968 445981.302983108 0 0 0 461081.542792823 464880.10192333 468707.030472857 472562.330741917 476417.631010978 480272.931280038 484153.965060537 488060.734472181 491967.503883824 495874.273295468 499804.427892522 503757.969631192 507711.511369861 511665.053108531 515639.885618069 519636.010706734 523632.135795398 0 0 0 539713.741373688 543748.708886658 547801.423990523 551871.888238053 555942.352485583 560012.816733112 564099.530153499 568202.494189215
0 0 0 0 0 0 378544.694083582 381982.245487691 385419.796891801 0 0 0 0 402934.673828105 0 0 413737.759145787 417352.790963961 421005.631055081 424696.282339872 428386.933624663 432077.584909454 0 439561.128567041 443319.941469267 0 0 0 458509.043208267 462329.396653673 466177.579525614 0 0 477805.623191211 481706.855163168 485633.306629078 489559.758094988 493486.209560897 497435.555274896 501407.797152121 505380.039029346 0 0 0 0 525387.031788339 0 0 537523.621167014 541575.478341323 545644.66815365 549731.192120458 553817.716087267 557904.240054075 562006.622322784 566124.864301167
0 0 0 0 0 372072.608967469 0 378952.216309852 382417.727454436 385883.23859902 0 0 0 0 0 407307.447732513 410947.887396762 414588.327061011 418265.946786823 421980.749446395 425695.552105967 429410.354765538 433158.626479679 0 0 0 0 0 0 0 0 0 0 475401.426238681 479322.757108071 483268.773817739 487214.790527406 491160.807237074 495129.213103313 499120.009999008 503110.806894704 0 0 0 519175.741972958 523207.238212493 0 0 535394.388912294 539462.950263839 543548.422446481 547650.806939781 551753.191433081 555855.575926381 559973.42269547 564106.733112964
0 0 0 362202.262700258 365594.150687625 368986.038674993 372428.716246955 375922.187132013 379415.658017072 382909.128902129 386448.054618624 0 0 0 0 0 408158.015647738 411823.863158061 415526.262518566 419265.216552918 423004.170587271 426743.124621623 0 0 0 0 0 0 453490.95544805 0 461245.390577635 465162.670147141 469079.949716646 472997.229286152 476938.659052974 480904.2410064 484869.822959825 488835.404913251 492822.87093173 496832.222845896 500841.574760062 0 0 0 516978.346679726 521027.444636646 525094.625600013 529179.891128794 533265.156657574 537350.422186354 541452.176739313 545570.421759104 549688.666778895 553806.911798687 557940.223068155 562088.601924761
0 0 0 0 362478.377432926 365899.468382516 369370.727328642 372892.157954175 376413.588579707 379935.019205239 383501.267117578 387112.335664163 0 0 0 0 405368.143898713 0 412786.578250309 416549.683659442 420312.789068575 424075.894477708 427871.248109408 0 435526.456882919 0 443210.672158013 447096.291862977 450981.911567941 454867.531272906 458779.296103646 462717.208180305 466655.120256963 470593.032333622 474554.560997878 478539.708195061 482524.855392244 486510.002589428 490516.528760147 494544.435692783 498572.34262542 0 0 0 514780.951386494 0 0 527033.954696838 531135.924402854 535237.89410887 539355.931032144 543490.036578427 547624.14212471 551758.247670993 555907.023440841 560070.470736558
0 0 352527.265964332 355977.937112628 359428.608260924 362879.279409221 366379.435181856 369929.079211532 373478.723241207 377028.367270883 380622.138592581 384260.040502206 0 391535.844321454 395213.155841244 398929.879965183 402646.604089122 0 410115.311437134 413902.556485142 417689.80153315 421477.046581158 425295.899726933 429146.363452693 432996.827178452 0 0 0 0 452447.917358944 456380.73777907 460339.124770958 464297.511762847 468255.898754736 472237.353596065 0 0 484250.927368768 488276.314110222 492322.56474738 0 0 0 508564.298923005 0 0 0 0 0 533188.989393961 537323.061733812 541472.776190941 545622.49064807 549772.205105199 553936.190667485 558114.448601802
0 0 349483.588468514 352964.217066247 356444.845663981 359925.474261714 363454.842325115 367032.953432182 370611.064539248 374189.175646315 377810.671598485 381475.555636209 385140.439673932 388805.323711655 0 396251.14498398 399993.398799227 0 0 0 415135.210563602 0 0 0 430535.398540191 0 0 0 0 0 454049.71815412 458028.422463365 462007.126772609 465985.831081854 469987.039373376 0 478034.467628345 482058.181755829 486102.229478978 0 0 498295.378538228 502378.177114505 506479.392811372 510580.60850824 514681.824205107 518799.756920247 0 0 531203.710444092 535353.571237456 539518.642980284 543683.714723113 547848.786465942 552027.727103106 556220.537865776
339581.045106025 342983.428302158 0 349950.497019867 353461.083067037 356971.669114208 360530.249468374 364136.827652831 367743.405837289 0 0 0 382382.936936034 386074.803101857 0 0 397340.193509332 0 0 0 412580.619594055 0 0 0 0 431970.009988647 435893.173918881 0 0 0 451718.69852917 455717.720155771 459716.741782372 463715.763408972 0 471779.628814755 475822.532478822 479865.43614289 483928.144847734 0 0 496175.69105476 500276.127563178 504394.48669974 508512.845836303 512631.204972865 0 0 0 529218.431494223 533384.080741099 537564.509769627 541744.938798156 545925.367826684 550119.263538727 554326.627129749
336475.267129529 339909.06481212 343396.233476879 0 0 354017.863966701 357605.656611632 0 0 368510.792397178 372187.737610293 375906.585904215 379625.434198136 383344.282492058 0 0 394686.988219437 398480.301417299 402306.771113336 406166.399868921 410026.028624507 413885.657380091 0 0 0 429531.369530864 0 0 0 0 449387.67890422 453407.017848177 457426.356792134 461445.69573609 0 469548.504128649 473610.5973293 477672.690529951 481754.06021649 485854.708001424 489955.355786358 494056.003571293 498174.078011851 502309.580588108 506445.083164366 510580.585740622 0 0 0 527233.152544354 531414.590244742 535610.37655897 539806.162873198 544001.949187427 548210.799974348 552432.716393722
333441.184142665 336906.819170481 340425.020229143 0 0 0 0 0 362081.853203305 365745.50784123 369450.267545669 373196.135386791 376942.003227913 380687.871069035 0 0 392107.791900399 0 0 0 0 411428.727549296 0 0 0 427165.612494961 431132.891674831 0 0 0 0 451167.907133221 455207.320761242 459246.734389263 463306.948533748 467387.964908066 471468.981282383 475549.997656701 479649.753385093 483768.250035135 487886.746685177 492005.243335219 496140.666274126 0 0 508597.718270178 0 0 521131.410505472 525314.417530802 529511.338724572 533722.175304157 537933.011883743 542143.848463328 546367.346609167 550603.507445252
330478.798944462 333976.694192776 337526.274058548 341127.542269822 0 0 0 355669.320602806 359361.726921049 363054.133239292 366786.797299415 370559.722108298 374332.646917181 378105.571726065 0 0 389602.607441585 393446.837307706 397322.719990641 0 0 0 0 0 0 0 0 0 0 0 444941.145136575 0 0 457118.882144534 461198.340734045 465298.013908714 469397.687083382 473497.360258051 0 0 485887.351050914 490023.413037511 494175.895029676 0 502513.7018143 506682.605206612 0 515064.987457668 519263.60825458 523462.229051493 527674.328766608 531899.908579222 536125.488391836 540351.06820445 544588.905981232 548839.002810346
327516.413746258 331046.569215071 334627.527887954 338259.293429373 341891.058970792 0 0 352920.442640232 356641.600638793 360362.758637354 364123.32705316 367923.308829805 371723.29060645 375523.272383095 0 0 0 390967.087396676 394867.635795152 0 0 0 0 0 0 0 0 0 0 438696.60688603 0 0 0 454991.029899806 459089.732934343 463208.062909362 467326.392884382 0 0 0 483887.955416651 488041.582739803 492211.123785226 496396.5799045 500582.036023773 504767.492143047 508967.336866698 513181.571435193 517395.806003688 521610.040572183 525837.318808645 0 534317.96489993 538558.287945572 542810.465353297 547074.49817544
