Map_Files/Distance_to_Refugia/Ref95_distance_RAW.asc
NCOLS 312 
NROWS 451 
XLLCORNER 7 
YLLCORNER -10 
CELLSIZE 0.0416666666666667 
NODATA_value -9999 
[rows 180 to 199 of 451, columns 184 to 229 of 312]
187564.643226654 190466.626763643 193436.288294134 196470.558973964 199566.491812218 202721.261738914 205932.164714023 209196.616039821 212512.148022312 215876.407111451 219287.150634268 222742.243220284 226239.653004897 229777.447683867 233353.790480699 236966.936078566 240615.226559469 244297.087385428 248011.023449694 251755.615220066 255529.514991304 259331.443259423 263160.185226947 267014.587445259 270893.554597607 274796.046424332 278721.074790151 282667.700892035 286635.032605119 290622.22196329 294628.462770434 298652.988337898 302695.069343373 306754.011806226 310829.155174145 314919.870515984 319025.558815665 323145.649362072 327279.598230015 331426.886847417 335587.020644083 339759.527777559 343943.957931758 348139.881184259 352346.886938321 356564.58291589
183965.57459022 186923.47203334 189948.56618794 193037.697960292 196187.84240567 199396.107832453 202659.733954605 205976.089270512 209342.66782603 212757.085500117 216217.075933061 219720.48620019 223265.272318443 226849.494659105 230471.313327582 234128.983560084 237820.851177526 241545.348128694 245300.988147621 249086.362544111 252900.136141266 256741.043369641 260607.88452409 264499.522186566 268414.877815688 272352.92850209 276312.703887023 280293.283240538 284293.792694708 288313.402626669 292351.325185813 296406.811959178 300479.151768858 304567.668595247 308671.719619877 312790.693381734 316924.008041036 321071.109744623 325231.471087309 329404.589663761 333589.986705667 337787.205799243 341995.811678304 346215.389088416 350445.541717843 354685.891191252
180412.360140447 183427.594190447 186509.428695954 189654.616968243 192860.059486327 196122.801875557 199440.031961113 202809.076089778 206227.3948889 209692.578608286 213202.342169356 216754.520026461 220347.060927788 223978.022647875 227645.56675021 231347.95342674 235083.536450997 238850.758273085 242648.145277484 246474.303218679 250327.912844561 254207.725713521 258112.56020776 262041.297742729 265992.879170474 269966.301372972 273960.614040389 277974.916628162 282008.355486179 286060.121152912 290129.44580705 294215.600869075 298317.894745223 302435.670706325 306568.304894199 310715.204448442 314875.80574672 319049.572751926 323235.995459837 327434.588441224 331644.889472642 335866.45825045 340098.875182877 344341.740255278 348594.671963969 352857.306314318
176907.76271057 179981.747958849 183121.613041824 186324.027439704 189585.821498334 192903.983106925 196275.653500993 199698.12239805 203168.822644228 206685.324522994 210245.329852612 213846.665977146 217487.279736583 221165.23148494 224878.689210789 228625.922802426 232405.298489503 236215.273484328 240054.39083885 243921.274527477 247814.624761073 251733.213533697 255675.880400556 259641.528483333 263629.12069721 267637.676192572 271666.267003431 275714.014893932 279780.088393909 283863.700014248 287964.103632798 292080.592041594 296212.494646392 300359.175309708 304520.030328892 308694.486541069 312881.999547163 317082.052047583 321294.152282522 325517.832570211 329752.647936839 333998.174832212 338254.009925587 342519.768976451 346795.085775343 351079.611150129
173454.72905244 176588.862076273 179788.020339001 183048.794518494 186367.950466562 189742.424398599 193169.317287368 196645.888680321 200169.550125414 203737.858359249 207348.508383865 210999.326534331 214688.263618492 218413.388192403 222172.880019933 225965.023752445 229788.202854018 233640.893789118 237521.66048269 241429.149057071 245362.082845723 249319.257680334 253299.537445242 257301.849891131 261325.182698587 265368.579781085 269431.137816396 273512.002995061 277610.367974473 281725.469027184 285856.583372248 290003.026678714 294164.150730766 298339.341244423 302528.015826148 306729.622064259 310943.635744433 315169.559181137 319406.919657286 323655.267964866 327914.177039758 332183.240684391 336462.072372268 340750.304128841 345047.585483534 348959.385428129
170056.400092264 173252.047879432 176511.7226315 179831.942679988 183209.416350585 186641.035468291 190123.868179315 193655.151317576 197232.282503955 200852.812131333 204514.435358005 208214.984205923 211952.419838051 215724.825070581 219530.397160357 223367.440895237 227234.362004887 231129.660901301 235051.926751847 238999.831882587 242972.126505729 246967.633762209 250985.245068283 255023.915753548 259082.660976908 263160.551906441 267256.712148939 271370.314414927 275500.577405187 279646.762905218 283808.173074497 287984.147917968 292174.06292778 296377.326883893 300593.37980281 304821.69102431 309061.757426669 313313.101761455 317575.271099588 321847.83538082 326130.38605946 330422.534839523 334723.912493036 338833.59304277 342464.698140632 346119.862073161
166716.121010595 169974.607532728 173295.969434729 176676.660750724 180113.340707925 183602.865345565 187142.278602065 190728.803102022 194359.83082962 198032.913836268 201745.755097262 205496.199604529 209282.225759477 213101.937111118 216953.554469268 220835.408410406 224745.932184024 228683.655019778 232647.195829945 236635.257297359 240646.62033588 244680.138908213 248734.735184477 252809.395024096 256903.163763183 261015.142289595 265144.483388094 269290.388338482 273452.103750221 277628.918617715 281820.161581211 286025.198379059 290243.429477925 294474.287868303 298717.237013518 302971.768941177 307237.402466736 311513.681539623 315800.173702971 320096.468658702 324402.176930262 328716.928615914 332334.256472459 335971.594830271 339633.318467992 343318.647130374
163437.450917463 166760.041671157 170144.193552644 173586.306104186 177082.999465711 180631.103905901 184227.649016982 187869.852802156 191555.110834855 195280.985626922 199045.196307914 202845.608688976 206680.225761444 210547.178661692 214444.718118992 218371.206391654 222325.109687981 226304.991061951 230309.503768759 234337.38506199 238387.45041197 242458.588123468 246549.754330314 250659.968344336 254788.308336326 258933.907327276 263095.949468928 267273.66659356 271466.335013967 275673.272555616 279893.83580405 284127.417551655 288373.44442899 292631.374706844 296900.696256195 301180.924654162 305471.601424895 309772.292405213 314082.586225519 318402.092897299 322218.132919146 325836.374637944 329480.174020996 333148.692461786 336841.122319487 340556.685828136
160224.171838024 163612.05617958 167060.015906036 170564.407784236 174121.824571353 177729.08226369 181383.207253191 185081.423609974 188821.140655303 192599.940945039 196415.568747578 200265.919071435 204149.027274823 208063.059271876 212006.302336557 215977.156495179 219974.126491016 223995.81429926 228040.912167077 232108.196151355 236196.520125627 240304.81022732 244432.059716739 248577.324219903 252739.717328315 256918.406529987 261112.60944732 265321.590358883 269544.656983526 273781.15750671 278030.477830274 282292.03902827 286565.294992705 290849.730254308 295144.857964521 299450.218026057 303765.375360301 308089.918300817 312117.731558146 315715.469901845 319340.041163518 322990.541994508 326666.103105433 330365.88805572 334089.092064004 337834.940842396
157080.296660886 160534.56777668 164047.249061884 167614.668271058 171233.404263725 174900.271792575 178612.306495648 182366.750290288 186161.037309934 189992.780479322 193859.758787778 197759.905292354 201691.295861207 205652.138651668 209640.76430572 213655.616837395 217695.245180957 221758.295365295 225843.503278013 229949.687982036 234075.745547703 238220.643364214 242383.414895526 246563.15484744 250759.014714358 254970.198676103 259195.959817096 263435.596642087 267688.449864508 271953.899445311 276231.361861834 280520.287587887 284820.158767739 289130.4870681 293450.81169352 297780.697551823 302034.641371017 305610.314563267 309214.211666562 312845.35728606 316502.813579987 320185.678915174 323893.086543063 327624.2033002 331378.228336516 335154.391874017
154010.075630709 157531.708013597 161109.899106584 164740.963567362 168421.481677831 172148.281520495 175918.421709549 179729.174842254 183578.011778421 187462.586810976 191380.723756263 195330.402967133 199309.749253054 203317.020678215 207350.598199548 211408.976100833 215490.753175852 219594.624612132 223719.374526871 227863.86910763 232027.050312042 236207.930082934 240405.585037697 244619.15159327 248847.821490745 253090.837686186 257347.490576788 261617.114533918 265899.084716898 270192.814143531 274497.750995413 278813.37613794 283139.200836665 287474.764653247 291819.633505716 295522.535711697 299104.149690555 302714.453441785 306352.4326569 310017.113041874 313707.558841978 317422.871391001 321162.187689249 324924.679013896 328709.549564515 332516.035145966
151018.000889959 154607.825235742 158252.165457926 161947.34124635 165689.951469647 169476.853628598 173305.144269395 177172.140476829 181075.362511117 185012.517609957 188981.484946626 192980.301713071 197007.150282026 201060.346392628 205138.328298406 209239.646813951 213362.95619617 217507.005797161 221670.63242797 225852.753375363 230052.360017126 234268.511984901 238500.331827222 242747.000128993 247007.751047129 251281.868225403 255568.681054697 259867.561247788 264177.919700532 268499.203613837 272830.893853148 277172.50252428 281523.570746392 285453.986822803 289011.521218592 292599.325118699 296216.298642592 299861.386246821 303533.575080167 307231.893361912 310955.408789175 314703.226978089 318474.489942707 322268.374614634 326084.091405694 329920.882815269
148108.808493776 151767.483994064 155478.438164434 159238.016070004 163042.854125654 166889.856769698 170776.174554285 174699.183712364 178656.467209258 182645.797250152 186665.119189653 190712.536773257 194786.298630887 198884.785937846 203006.50115728 207150.057779422 211314.170975817 215497.649090702 219699.385896379 223918.353544403 228153.596149499 232404.223948149 236669.407978663 240948.375234183 245240.404244411 249544.821045905 253860.995504544 258188.337957177 262526.29614265 266874.352395233 271232.021076104 275406.787980205 278938.229634124 282501.677920568 286095.936872774 289719.859783422 293372.347369973 297052.345960136 300758.845705439 304490.87882939 308247.517915524 312027.874239488 315831.096148358 319656.367489595 323502.906091282 327369.96229471
145287.477240198 149015.4613323 152793.292199082 156617.362759262 160484.36760617 164391.276915375 168335.312271036 172313.924395232 176324.772721068 180365.70672196 184434.74889235 188530.079266212 192650.021356608 196793.029400652 200957.676797991 205142.645636513 209346.717205597 213568.763404313 217807.738959329 222062.674374392 226332.669540232 230616.887940234 234914.551393397 239224.935281706 243547.364214283 247881.208085415 252225.878487865 256580.825446784 260945.534443062 265319.52369812 268886.458965191 272423.46651275 275993.093222052 279594.089732212 283225.259515339 286885.456845242 290573.58479133 294288.593246594 298029.476996843 301795.27383696 305585.062738649 309397.962073072 313233.12789082 317089.752260865 320967.061669451 324864.315479314
142559.223580346 146356.739324173 150201.478221693 154089.905480356 158018.795965774 161985.205443414 165986.444275244 170020.053464972 174083.782914437 178175.571737041 182293.530467401 186435.925006738 190601.162148456 194787.776536192 198994.418916223 203219.845556453 207462.908714869 211722.548050772 215997.782882117 220287.705201718 224591.473373823 228908.306440625 233237.478975563 237578.31642697 241930.190901573 246292.517342762 250664.750063358 255046.379596942 258858.72675441 262366.941165657 265909.774971768 269485.862789941 273093.898267457 276732.631807951 280400.86831702 284097.464979279 287821.329076706 291571.415856234 295346.726452857 299146.305873053 302969.241042087 306814.658917683 310681.724671638 314569.639940203 318477.641143381 322404.997872792
139929.491806346 143796.493194986 147707.909265578 151660.303607975 155650.554601395 159675.824191913 163733.529679715 167821.318305323 171937.044409927 176078.748943226 180244.641098385 184433.081864998 188642.569305009 192871.72537203 197119.284110314 201384.081085143 205665.04391119 209961.183759261 214271.587734527 218595.412031039 222931.87577777 227280.25550094 231639.88013579 236010.126528537 240390.415375949 244780.207555894 248857.949093639 252334.704940184 255848.300958342 259397.240126298 262980.091571292 266595.48802703 270242.123300016 273918.749761352 277624.175877602 281357.263791735 285116.926962903 288902.127871866 292711.875797214 296545.224666065 300401.27098174 304279.151829859 308178.042963463 312097.156967027 316035.741498667 319993.077609351
137403.938667646 141340.074343067 145317.642805088 149333.333341011 153384.151802652 157467.387235758 161580.58207171 165721.505555346 169888.130090165 174078.610198442 178291.263815076 182524.555657535 186777.082438431 191047.559710801 195334.810158553 199637.75316525 203955.395513342 208286.823083118 212631.193435982 216987.729180327 221355.712030452 225734.477479641 230123.410017979 234521.938833814 238887.521136486 242329.784402415 245811.363508191 249330.611474857 252885.95566879 256475.894964836 260098.996900991 263753.894847384 267439.285208415 271153.924673338 274896.6275276 278666.263034571 282461.75289506 286282.068790071 290126.230010584 293993.301176787 297882.390048012 301792.645423658 305723.255134584 309673.444123846 313642.47261509 317629.634366525
134988.411549801 138992.987586781 143035.857688735 147113.864785359 151224.166323655 155364.199188027 159531.648707172 163724.421299769 167940.620343827 172178.524891428 176436.570888477 180713.334595824 185007.517942769 189317.935575773 193643.503394019 197983.228389268 202336.199630309 206701.580252516 211078.600330708 215466.550528999 219864.776434862 224272.673496367 228689.682491825 232355.71766194 235802.105451163 239288.76230228 242813.953505655 246376.02499808 249973.400174032 253604.576692075 257268.123302592 260962.67671827 264686.938544631 268439.672284325 272219.700425786 276025.90162425 279857.207980823 283712.602423494 287591.116192297 291491.826429593 295413.853875335 299356.360666289 303318.548237495 307299.655323701 311298.956058056 315315.758165033
132688.919376715 136760.862012028 140867.825484379 145006.83418592 149175.220764168 153370.589895626 157590.786612965 161833.868615651 166098.082055044 170381.84034412 174683.705597142 179002.372354809 183336.653295345 187685.466671762 192047.825250414 196422.826556313 200809.644257078 205207.520540175 209615.759357762 214033.720430428 218460.813915695 222416.664757832 225824.216570715 229274.957819095 232766.96767689 236298.416552888 239867.562531188 243472.747775258 247112.394932201 250785.003567431 254489.146654198 258223.467137492 261986.674587611 265777.541955042 269594.902435223 273437.646449121 277304.718743436 281195.115612382 285107.882241563 289042.110173204 292996.934891081 296971.533522688 300965.122655601 304976.956264564 309006.323745461 313052.548052141
130511.595481617 134649.414893411 138818.875885731 143017.211091074 147241.950643834 151490.885486769 155762.035608013 160053.622523673 164364.045411854 168691.860385557 173035.762464034 177394.569865164 181767.210295861 186152.708964377 190550.178078488 194958.807627738 199377.85727713 203806.649224459 208244.561894569 212517.547095891 215882.055307158 219293.048853345 222748.392225167 226246.053433273 229784.100061519 233360.695233223 236974.093542028 240622.636990088 244304.750968348 248018.940306942 251763.785417718 255537.938545978 259340.120144121 263169.115376319 267023.770760338 270902.990950066 274805.735660298 278731.016733636 282677.895348001 286645.479362227 290632.920796353 294639.413442612 298664.190602654 302706.522946219 306765.716486271 310841.11066548
