Map_Files/Distance_to_Refugia/Ref95_distance_RAW.asc
NCOLS 312 
NROWS 451 
XLLCORNER 7 
YLLCORNER -10 
CELLSIZE 0.0416666666666667 
NODATA_value -9999 
[rows 0 to 19 of 451, columns 184 to 229 of 312]
570960.347520664 574418.959136211 577893.528196852 581383.76857177 584889.39968448 588410.146422169 591945.739044813 595495.913094218 599060.409303124 602638.973504493 606231.356541086 609837.314175457 613456.607000443 617089.000350242 620734.264212168 624392.173139144 628062.506163017 631745.046708736 635439.58250946 639145.90552265 642863.811847162 646593.101641417 650278.303418952 653934.107649176 657601.811666313 661281.21744022 664972.130698656 668674.360857607 672387.720952414 676112.027569716 679847.100780254 683592.764072535 687348.844287402 691115.171553508 694891.57922372 698677.903812465 702473.984934021 706279.665241762 710094.790368385 713919.20886708 717752.772153694 721595.334449851 725446.752727056 729306.886651756 733175.598531383 737052.753261347
567936.764060443 571414.0131188 574907.081243172 578415.68181061 581939.53385108 585478.361951961 589031.896162492 592599.871898308 596182.029846193 599778.115869191 603387.88091216 607011.080907887 610647.47668386 614296.833869767 617958.922805818 621633.518451946 625320.400297956 629019.352274676 632730.162666166 636452.624023023 640186.533076821 643840.24342538 647500.022500979 651171.777384508 654855.306603465 658550.412553938 662256.901427862 665974.58314113 669703.271262582 673442.782943908 677192.938850495 680953.563093208 684724.483161168 688505.52985551 692296.537224131 696097.342497473 699907.786025302 703727.711214524 707556.96446803 711395.395124566 715242.855399634 719099.200327434 722964.287703814 726837.978030264 730720.134458913 734610.622738547
564934.53925214 568430.490824872 571942.119027067 575469.136845294 579011.263016614 582568.221928141 586139.743516728 589725.563168918 593325.421621296 596939.064861346 600566.244028925 604206.715318472 607860.239882005 611526.583733016 615205.517651333 618896.817088999 622600.262077246 626315.6371346 630042.731176182 633751.385444112 637402.945561098 641066.767236517 644742.641409138 648430.363078142 652129.731226255 655840.548743764 659562.622353454 663295.762536484 667039.783459245 670794.502901225 674559.742183886 678335.326100589 682121.082847571 685916.843955989 689722.444225043 693537.721656183 697362.517388407 701196.675634647 705040.043619255 708892.471516579 712753.812390636 716623.92213586 720502.659418955 724389.885621803 728285.464785459 732189.263555198
561954.015143659 565468.731087074 568998.977136364 572544.465993179 576104.916206047 579680.052064902 583269.603495936 586873.305956893 590490.900332946 594122.13283325 597766.754888308 601424.523048193 605095.198881773 608778.548876958 612474.344342074 616182.361308413 619902.380434015 623634.18690872 627310.855312924 630966.446561673 634634.380461275 638314.444210645 642006.429192009 645710.130890555 649425.348815038 653151.886419357 656889.551025167 660638.15374553 664397.509409637 668167.436488632 671947.757022536 675738.296548314 679538.88402906 683349.351784348 687169.53542173 690999.273769389 694838.408809961 698686.785615517 702544.252283704 706410.659875038 710285.862351369 714169.716515471 718062.081951785 721962.820968291 725871.798539501 729788.882250572
558995.538578534 562529.077375698 566077.995641881 569642.00590331 573220.826628087 576814.182115606 580421.802386492 584043.423073171 587678.785311216 591327.635631557 594989.725853667 598664.812979805 602352.659090401 606053.031240654 609765.701358397 613490.446143304 617224.043756144 620871.091414119 624530.784602124 628202.902286848 631887.227831064 635583.548908632 639291.657420463 643011.34941152 646742.424988877 650484.688240865 654237.947157357 658002.013551186 661776.702980745 665561.834673774 669357.231452341 673162.719659054 676978.129084481 680803.292895805 684638.047566718 688482.232808546 692335.6915026 696198.269633772 700069.816225359 703950.183275094 707839.225692409 711736.801236896 715642.770457972 719556.996635719 723479.345722914 727409.686288213
556059.461188 559611.877786763 563179.519081766 566762.097537244 570359.331652721 573970.945847235 577596.670344295 581236.241057666 584889.399478139 588555.89256134 592235.472616721 595927.897197775 599632.928993577 603350.335721694 607079.890022556 610780.995678416 614432.131426211 618095.999371396 621772.374408298 625461.035964166 629161.7679102 632874.358473647 636598.60015099 640334.289622288 644081.227666686 647839.219079138 651608.072588353 655387.600776004 659177.6199972 662977.950302251 666788.415359719 670608.842380788 674439.062044928 678278.908426891 682128.218924995 685986.834190745 689854.598059752 693731.357483945 697616.962465102 701511.265989642 705414.123964722 709325.395155577 713244.941124131 717172.626168843 721108.317265782 725051.884010914
553146.139377738 556717.485024827 560303.896440606 563905.086144696 567520.772783621 571150.681009781 574794.541361352 578452.090143249 582123.069309257 585807.226345423 589504.314154807 593214.090943653 596936.320109066 600670.770128239 604338.716658789 607994.014546881 611662.132151459 615342.8401863 619035.914040513 622741.133685383 626458.283582365 630187.152592261 633927.533885629 637679.224854457 641442.027025139 645215.745972754 649000.191236708 652795.176237724 656600.518196206 660416.038051997 664241.560385513 668076.913340285 671921.928546898 675776.441048324 679640.289226648 683513.314731188 687395.362408001 691286.280230751 695185.919232958 699094.13344159 703010.779812 706935.718164186 710868.811120372 714809.924043879 718758.92497928 722715.684593815
550255.934309002 553846.256380213 557451.481123026 561071.321233746 564705.495625196 568353.729300357 572015.753227166 575691.304214605 579380.124790162 583081.963078773 586796.572683309 590523.712566694 594250.85567123 597897.245330062 601556.781573769 605229.225901413 608914.344734416 612611.909317799 616321.6956226 620043.484249532 623777.060333924 627522.213451981 631278.737528409 635046.430745434 638825.095453228 642614.538081786 646414.569054247 650225.002701694 654045.65717942 657876.354384695 661716.919876007 665567.1827938 669426.975782699 673296.134915214 677174.499616925 681061.912593134 684958.219756974 688863.270158971 692776.915918033 696699.012153863 700629.416920774 704567.991142896 708514.598550751 712469.105619179 716431.381506602 720401.297995599
547389.211873829 550998.553700408 554622.630921511 558261.156535348 561913.849844021 565580.436321781 569260.647484686 572954.220761767 576660.899367798 580380.43217776 584112.57360306 587806.009230418 591456.621928924 595120.474990445 598797.32534693 602486.935011889 606189.070976847 609903.505109087 613630.014050717 617368.379119132 621118.386208899 624879.825695105 628652.492338199 632436.185190359 636230.707503394 640035.866638214 643851.473975858 647677.344830116 651513.298361723 655359.157494151 659214.748830982 663079.902574867 666954.452448062 670838.235614532 674731.092603621 678632.867235263 682543.406546732 686462.560720913 690390.183016069 694326.12969711 698270.25996831 702222.435907495 706182.522401636 710150.387083872 714125.900271908 718108.934907775
544546.34266401 548174.743355281 551817.707978169 555474.949961873 559146.189124402 562831.1515354 566529.569380609 570241.180828103 573965.729896334 577702.966324115 581361.972814054 585016.888383699 588685.139057954 592366.477075457 596060.659922354 599767.450223692 603486.615636195 607217.928742498 610961.166946861 614716.112372429 618482.551760061 622260.276368779 626049.08187783 629848.768290422 633659.139839109 637480.004892878 641311.175865899 645152.469127999 649003.704916799 652864.707251568 656735.303848747 660615.326039156 664504.608686881 668402.990109798 672310.312001763 676226.419356416 680151.160392598 684084.386481368 688025.952074591 691975.714635071 695933.534568231 699899.275155288 703872.802487928 707853.985404434 711842.695427257 715838.806702005
541727.701933514 545375.19619588 549037.078740138 552713.063559405 556402.87111782 560106.228207897 563822.867809786 567552.528952528 571273.175938306 574918.78770947 578578.088407896 582250.819912361 585936.729637606 589635.570418919 593347.100398172 597071.082911348 600807.286377629 604555.484190113 608315.454608173 612086.980651521 615869.849996 619663.854871128 623468.791959408 627284.462297444 631110.671178836 634947.228058897 638793.946461168 642650.643885753 646517.141719438 650393.265147631 654278.843068072 658173.708006326 662077.696033039 665990.646682935 669912.402875546 673842.810837648 677781.720027388 681728.983060075 685684.455635617 689647.996467579 693619.467213833 697598.732408784 701585.659397133 705580.118269167 709581.981797534 713591.125375484
538933.669554049 542600.287506448 546281.113908369 549975.86345354 553684.257385981 557406.023351858 561140.895253511 564826.517115098 568476.496993249 572140.267600002 575817.565668755 579508.133655196 583211.71961608 586928.07708957 590656.9649772 594398.147427536 598151.393721577 601916.478159947 605693.179951915 609481.283106269 613280.576324083 617090.852893377 620911.910585698 624743.551554633 628585.582236248 632437.81325146 636300.059310345 640172.139118365 644053.87528451 647945.094231352 651845.626106981 655755.304698812 659673.96734926 663601.454873237 667537.611477465 671482.284681585 675435.325241025 679396.587071612 683365.927175896 687343.205571164 691328.285219108 695321.031957132 699321.314431251 703329.004030572 707343.974823314 711366.103494345
536164.629963414 539850.396949389 543550.188379463 547263.719788374 550990.713337224 554730.897659817 558380.711341684 562035.145633132 565703.473550005 569385.426532205 573080.741936476 576789.162909014 580510.438259762 584244.322338485 587990.574912663 591748.961047281 595519.250986539 599301.22003754 603094.648455975 606899.32133383 610715.028489143 614541.564357813 618378.727887467 622226.322433414 626084.155656644 629952.039423901 633829.789709811 637717.226501047 641614.173702524 645520.459045609 649435.91399832 653360.3736775 657293.676762935 661235.665413401 665186.185184605 669145.084949006 673112.216817464 677087.436062717 681070.601044636 685061.57313723 689060.216657386 693066.398795281 697079.989546471 701100.861645599 705128.8905017 709163.954135066
533420.972106334 537125.908502846 540844.681180296 544577.00665844 548291.10298898 551935.80285459 555594.780596944 559267.755953185 562954.454916233 566654.609599072 570367.958100801 574094.244374528 577833.218097181 581584.634541296 585348.254448856 589123.843907205 592911.174227086 596710.021822839 600520.168094769 604341.399313713 608173.506507813 612016.285351501 615869.536056702 619733.063266235 623606.675949438 627490.187299967 631383.414635786 635286.179301313 639198.306571712 643119.625559302 647049.969122067 650989.17377423 654937.079598875 658893.530162584 662858.372432049 666831.456692647 670812.636468926 674801.768446984 678798.712398702 682803.331107793 686815.490297632 690835.058560857 694861.907290656 698895.910613758 702936.945325066 706984.89082389
530703.089367429 534427.210390594 538164.975395115 541842.613596515 545491.837894543 549155.450969091 552833.166731752 556524.705569381 560229.794201264 563948.165538202 567679.558543592 571423.718096594 575180.394857456 578949.345135025 582730.330756529 586523.118939636 590327.482166845 594143.198062203 597970.049270399 601807.823338216 605656.312598357 609515.314055641 613384.629275571 617264.064275255 621153.429416662 625052.53930222 628961.212672702 632879.272307404 636806.544926577 640742.861096091 644688.055134301 648641.965021072 652604.432308953 656575.302036451 660554.422643366 664541.645888175 668536.826767396 672539.823436919 676550.497135266 680568.712108729 684594.335538352 688627.237468733 692667.290738592 696714.370913072 700768.35621774 704829.127474241
528011.379495983 531754.695003907 535395.022504669 539048.864825503 542717.208075259 546399.760164971 550096.235710533 553806.355882282 557529.848256668 561266.446670105 565015.891075083 568777.927398612 572552.30740305 576338.788549363 580137.133862865 583947.111801448 587768.49612634 591601.065775398 595444.604738943 599298.90193814 603163.751105922 607038.950670447 610924.303641068 614819.617496821 618724.704077378 622639.379476467 626563.463937733 630496.781752985 634439.161162829 638390.434259637 642350.436892815 646319.00857635 650295.992398577 654281.234934145 658274.586158138 662275.899362304 666285.031073358 670301.840973327 674326.19182187 678357.949380564 682396.982339085 686443.162243273 690496.363425006 694556.462933874 698623.340470591 702696.878322117
525304.739921584 528948.377238476 532606.934262258 536280.105615973 539967.593028463 543669.105173702 547384.357512305 551113.072135305 554854.977610318 558609.808830147 562377.306863935 566157.218810884 569949.297656617 573753.302132199 577568.996575863 581396.150797446 585234.539945555 589083.944377464 592944.149531747 596814.945803629 600696.128423058 604587.497335465 608488.857085207 612400.016701658 616320.789587928 620250.993412162 624190.450001423 628138.985238076 632096.428958678 636062.614855303 640037.380379288 644020.566647341 648012.018349968 652011.583662193 656019.11415651 660034.464718024 664057.493461752 668088.061652013 672126.033623897 676171.276706724 680223.661149493 684283.060048251 688349.349275329 692422.407410438 696502.11567354 700588.357859478
522502.727577821 526166.099207277 529844.199809782 533536.72474344 537243.376563047 540963.864852987 544697.906062615 548445.22334423 552205.546393717 555978.611293926 559764.160360864 563561.941992718 567371.710521774 571193.226069232 575026.254402958 578870.566798166 582725.939901039 586592.155595279 590469.000871592 594356.267700062 598253.752905429 602161.258045215 606078.589290694 610005.557310657 613941.977157943 617887.668158701 621842.453804341 625806.161646132 629778.623192397 633759.673808277 637749.152618004 641746.902409633 645752.769542204 649766.603855264 653788.258580714 657817.59025693 661854.458645107 665898.726647772 669950.260229434 674008.928339298 678074.602836019 682147.158414431 686226.472534211 690312.425350434 694404.899645959 698503.780765621
519726.415197612 523409.549546861 527107.217536721 530819.115418987 534544.946729357 538284.422113865 542037.259158136 545803.182219543 549581.92226234 553373.21669584 557176.809215659 560992.449648086 564819.893797591 568658.903297478 572509.245463716 576370.693151911 580243.024617443 584126.023378731 588019.478083618 591923.182378846 595836.934782601 599760.538560069 603693.801602 607636.536306218 611588.559462038 615549.692137548 619519.759569709 623498.591057227 627486.019856136 631481.883078053 635486.021591053 639498.279923102 643518.506168002 647546.551893796 651582.27205357 655625.524898615 659676.171893879 663734.077635664 667799.109771518 671871.138922263 675950.038606107 680035.685164804 684127.957691782 688226.73796222 692331.910365005 696443.361836534
516976.216553937 520679.136612416 524396.390396322 528127.675214039 531872.69574107 535631.163840003 539402.798383639 543187.325081353 546984.47630874 550793.990940609 554615.614187339 558449.097434624 562294.198086624 566150.679412517 570018.310396455 573896.865590902 577786.124973343 581685.873806337 585595.902500874 589516.006483023 593445.986063802 597385.646312265 601334.796931717 605293.252139049 609260.830547118 613237.355050122 617222.652711932 621216.554657302 625218.895965921 629229.515569236 633248.256149998 637274.964044462 641309.4891472 645351.684818443 649401.407793921 653458.518097124 657522.878953929 661594.356709553 665672.820747742 669758.143412174 673850.199930001 677948.868337485 682054.029407652 686165.566579956 690283.365891853 694407.315912262
