Map_Files/Distance_to_Refugia/Ref95_distance_RAW.asc
NCOLS 312 
NROWS 451 
XLLCORNER 7 
YLLCORNER -10 
CELLSIZE 0.0416666666666667 
NODATA_value -9999 
[rows 240 to 259 of 451, columns 230 to 275 of 312]
281325.192719496 285912.900401542 290502.19062848 295092.989564251 299685.22787354 304278.84038561 308873.765787691 313469.946344933 318067.3276443 322665.85836006 327265.490038779 331866.176901964 336467.875664695 341070.545368761 345674.147228966 350278.644491417 354884.002302719 359490.187589118 364097.168944714 368704.916527975 373313.401965832 377922.598264725 382532.47972802 387143.021879265 391754.201390821 396365.996017434 400978.384534339 405591.346679562 410204.863100083 414818.915301554 419433.485601322 424048.557084481 428664.113562756 433280.139535984 437896.620156022 442513.541192893 447130.889003016 451748.650499376 456366.813123483 460985.364819016 465604.294007021 470223.589562556 474843.240792706 479463.237415846 484083.569542091 488704.22765485
282039.156793566 286615.372620966 291193.527847131 295773.532413825 300355.301720556 304938.756219741 309523.82104716 314110.425684197 318698.50364873 323287.992211899 327878.832138267 332470.967447163 337064.345193233 341658.915264426 346254.630195824 350851.444997899 355449.316997909 360048.205693283 364648.072615953 369248.881206706 373850.596698679 378453.18600927 383056.617639743 387660.861581894 392265.88923123 396871.673306117 401478.187772439 406085.407773327 410693.309563574 415301.870448364 419911.068726007 424520.883634366 429131.295300697 433742.28469467 438353.833584322 442965.924494734 447578.540669254 452191.666033062 456805.285158925 461419.383234994 466033.946034504 470648.959887227 475264.411652594 479880.288694342 484496.57885661 489113.270441372
282826.333680004 287389.949840715 291955.893712614 296524.05776702 301094.340950145 305666.648206445 310240.89004316 314816.982131996 319394.844944302 323974.403416556 328555.586643255 333138.327594662 337722.56285709 342308.232393685 346895.279323831 351483.649719544 356073.29241733 360664.15884418 365256.202856482 369849.380590734 374443.650325094 379038.972350842 383635.308852944 388232.623798992 392830.882835828 397430.053193253 402030.103594253 406631.004171249 411232.726387898 415835.242966019 420438.527817259 425042.555979169 429647.30355531 434252.747659157 438858.866361482 443465.638640986 448073.044337943 452681.064110648 457289.679394471 461898.872363337 466508.625893474 471118.923529259 475729.749451043 480341.088444808 484952.925873531 489565.247650172
283686.114005082 288236.050838367 292788.733469809 297344.035774476 301901.839169229 306462.032062122 311024.509348945 315589.171952284 320155.926399012 324724.684432556 329295.36265667 333867.882207788 338442.168453343 343018.150713699 347595.762005567 352174.938805037 356755.620828485 361337.750829811 365921.274412639 370506.139856183 375092.297953661 379679.701862216 384268.306963398 388858.07073336 393448.952621993 398040.913940296 402633.917755324 407227.928792146 411822.913342268 416418.839178025 421015.675472506 425613.3927246 430211.962688772 434811.358309252 439411.553658291 444012.523878212 448614.245126984 453216.69452707 457819.850117325 462423.69080773 467028.196336782 471633.34723134 476239.124768784 480845.510941328 485452.48842233 490060.0405345
284617.839887819 289153.047833301 293691.447659457 298232.893646771 302777.248723537 307324.383840188 311874.177396636 316426.514717476 320981.287570518 325538.393724561 330097.73654278 334659.224608425 339222.771379932 343788.294872799 348355.717365837 352924.965129692 357495.968175688 362068.660023257 366642.977484379 371218.860463627 375796.251772488 380375.096956836 384955.344136459 389536.943855679 394119.848944205 398704.014387398 403289.397205217 407875.956339191 412463.652546807 417052.448302733 421642.307706405 426233.19639547 430825.081464689 435417.931389882 440011.715956574 444606.40619299 449201.974307104 453798.393627467 458395.638547535 462993.684473274 467592.507773817 472192.085734961 476792.396515325 481393.41910499 485995.133286464 490597.519597802
285620.80733424 290140.268705825 294663.394177076 299190.017566595 303719.982475226 308253.141585174 312789.356017822 317328.494744634 321870.43404618 326415.05701479 330962.253096854 335511.917671151 340063.951659985 344618.261170221 349174.75716159 353733.355139912 358293.974873087 362856.540127935 367420.978426134 371987.220817668 376555.201670357 381124.85847415 385696.131659017 390268.964425335 394843.302585807 399419.094418002 403996.290526706 408574.843715335 413154.708865723 417735.842825664 422318.204303628 426901.753770141 431486.45336532 436072.266812146 440659.159335057 445247.09758348 449836.04955997 454425.984552627 459016.873071507 463608.686788744 468201.398482153 472794.981982056 477389.41212114 481984.664687147 486580.716378191 491177.544760563
286694.268744137 291196.999323417 295703.890433744 300214.754697733 304729.415672454 309247.707074142 313769.472067035 318294.562610309 322822.838857741 327354.168605248 331888.426781992 336425.494981116 340965.261026624 345507.618573226 350052.466736297 354599.709749357 359149.256646762 363701.020969464 368254.920491943 372810.876968575 377368.815897838 381928.666302949 386490.360527597 391053.83404561 395619.025283445 400185.87545454 404754.328404586 409324.330466936 413895.830327353 418468.778897432 423043.129196044 427618.83623823 432195.856931001 436774.149975547 441353.675775426 445934.396350279 450516.275254722 455099.277502036 459683.36949234 464268.518944942 468854.694834589 473441.867331358 478030.007743948 482619.088466149 487209.082926298 491799.965539503
287837.435510882 292322.485956448 296812.215602795 301306.415276415 305804.887897813 310307.447633515 314813.91911729 319324.136734187 323837.943961651 328355.192762582 332875.743025666 337399.462048823 341926.224062002 346455.909785898 350988.406023549 355523.605281992 360061.405421499 364601.709330068 369144.424621121 373689.463352525 378236.741765198 382786.180039772 387337.702069874 391891.235250726 396446.710281895 401004.060983103 405563.224122108 410124.139253752 414686.748569358 419250.996755693 423816.830862826 428384.200180219 432953.056120478 437523.352110211 442095.043487503 446668.087405545 451242.442741985 455818.070013639 460394.931296153 464972.99014834 469552.21154083 474132.561788787 478714.008488408 483296.520456965 487880.067676165 492464.621238611
289049.48069482 293515.937765758 297987.612936428 302464.27477048 306945.705082385 311431.698019283 315922.059216716 320416.605021531 324915.161775928 329417.565157208 333923.659568328 338433.297574828 342946.33938415 347462.652363712 351982.11059448 356504.594457066 361029.990247657 365558.18982134 370089.09026059 374622.593566917 379158.606373813 383697.039679336 388237.8085968 392780.832122165 397326.032916859 401873.337104866 406422.674082999 410973.976343393 415527.179307314 420082.221169455 424639.042751968 429197.587367537 433757.800690847 438319.630637865 442883.027252379 447447.942599313 452014.33066434 456582.147259371 461151.349933525 465721.897889225 470293.751903063 474866.874251146 479441.228638607 484016.780133039 488593.495101583 493171.34115145
290329.541751022 294776.529344603 299229.292136312 303687.576091871 308151.141572221 312619.762348529 317093.224695259 321571.326554368 326053.87676432 330540.694348284 335031.607856368 339526.454757273 344025.08087516 348527.339867939 353033.092743532 357542.20741097 362054.558263494 366570.025791063 371088.496219921 375609.861177077 380134.017377731 384660.866333883 389190.314082477 393722.270931582 398256.651223277 402793.373111955 407332.358356925 411873.532128246 416416.822824853 420962.161904053 425509.483721607 430058.725381647 434609.826595708 439162.729550285 443717.378782291 448273.721061893 452831.705282221 457391.282355497 461952.405115137 466515.028223462 471079.108084619 475644.602762394 480211.471902601 484779.676659748 489349.179627712 493919.944774175
291676.723292659 296103.403297875 300536.43176259 304975.531848196 309420.442234192 313870.916070341 318326.720010563 322787.633321404 327253.447058635 331723.963306126 336198.994471699 340678.362635159 345161.898944146 349649.443053853 354140.842607012 358635.952750878 363134.635688244 367636.760259761 372142.201555092 376650.840550666 381162.563771933 385677.262978272 390194.834868813 394715.180807593 399238.206566608 403763.822085437 408291.94124622 412822.481662864 417355.364483473 421890.514205041 426427.858499536 430967.328050605 435508.856400114 440052.379803899 444597.83709605 449145.169561188 453694.320814167 458245.236686738 462797.865120682 467352.156067021 471908.061390888 476465.5347817 481024.531668304 485585.009138768 490146.925864531 494710.242028641
293090.099871874 297495.672841999 301908.181666076 306327.326619449 310752.824588477 315184.407964438 319621.823622263 324064.831976815 328513.20611014 332966.73096372 337425.202590289 341888.427460293 346356.221818512 350828.411086757 355304.829308928 359785.318635055 364269.72884123 368757.916882608 373249.746476906 377745.087716058 382243.816703852 386745.815217596 391250.97039201 395759.174423674 400270.324294527 404784.321513028 409301.071871675 413820.485219738 418342.475250099 422866.959299202 427393.858159217 431923.095901542 436454.599710883 440988.299729175 445524.128908699 450062.022873748 454601.919790298 459143.760243153 463687.487120054 468233.045502333 472780.382561657 477329.447462502 481880.191269973 486432.56686265 490986.52885013 495542.033494996
294568.718760907 298952.424409683 303343.66542909 307742.119246474 312147.480955341 316559.462156127 320977.789884275 325402.205618298 329832.464361196 334268.333789167 338709.593462119 343156.034090954 347607.456857068 352063.672779883 356524.502128607 360989.773874765 365459.325182298 369933.000932344 374410.653280044 378892.141240927 383377.330304664 387866.092074121 392358.30392787 396853.848704396 401352.614406459 405854.493924122 410359.384775127 414867.188861386 419377.812240444 423891.164910872 428407.160610629 432925.716627496 437446.75362077 441970.195453439 446495.96903416 451024.004168365 455554.233417915 460086.591968724 464621.017505851 469157.450095568 473695.832073976 478236.107941729 482778.224264507 487322.12957887 491867.774303154 496415.110653114
296111.602717183 300472.720244449 304841.982801047 309219.04511838 313603.580604388 317995.280136703 322393.850944969 326799.015575055 331210.510928493 335628.087371093 340051.507905193 344480.54740047 348914.991878717 353354.637848334 357799.291684682 362248.769052758 366702.89436895 371161.500298899 375624.427288762 380091.523127358 384562.642536915 389037.646790326 393516.403352952 397998.785547215 402484.672238342 406973.947539739 411466.500536629 415962.225026645 420461.019276233 424962.785791746 429467.431104228 433974.865566985 438485.003165038 442997.761335702 447513.060799534 452030.825400977 456550.981958057 461073.460120565 465598.192236155 470125.11322388 474654.160454679 479185.273638373 483718.394716797 488253.467762645 492790.438883718 497329.256132214
297717.752717175 302055.600970898 306402.212115745 310757.218446805 315120.271895087 319491.042778896 323869.218645633 328254.503196799 332646.61528964 337045.288009374 341450.267806501 345861.31369411 350278.196500581 354700.698173395 359128.611130185 363561.737653444 367999.889325602 372442.886501469 376890.557815281 381342.739719788 385799.276055062 390260.017644867 394724.821918611 399193.552557049 403666.079160065 408142.276934978 412622.026403936 417105.213129088 421591.727454307 426081.464262336 430574.322746315 435070.206194734 439569.021788901 444070.680412114 448575.096469762 453082.187719647 457591.875111871 462104.082637665 466618.737186598 471135.768411658 475655.108601652 480176.692560558 484700.457493316 489226.342897735 493754.290462073 498284.243968009
299386.150645079 303700.088127661 308023.412678222 312355.734515723 316696.684398026 321045.912337569 325403.086408083 329767.891635306 334140.028965215 338519.214303826 342905.177623102 347297.662127944 351696.423479667 356101.229071699 360511.857353626 364928.097199989 369349.747320543 373776.615708936 378208.519127018 382645.282622213 387086.739075574 391532.728778344 395983.099035001 400437.703790936 404896.403283034 409359.063711594 413825.556932091 418295.760165473 422769.555725681 427246.830763273 431727.477024099 436211.390621953 440698.471824364 445188.624850628 449681.757681298 454177.781878388 458676.612415624 463178.167518089 467682.368510679 472189.139674824 476698.408112956 481210.103620244 485724.158563169 490240.507764506 494759.088394334 499279.839866728
301115.76192359 305405.186651127 309704.627110003 314013.671896336 318331.930987144 322659.034426525 326994.631102908 331338.38761053 335689.987188825 340049.128733918 344415.525876852 348788.906123616 353169.010052416 357555.590563995 361948.412181129 366347.250393733 370751.891046296 375162.129764604 379577.771418921 383998.629621134 388424.526253342 392855.291025812 397290.761062185 401730.780510079 406175.200175347 410623.877178377 415076.674630938 419533.461332196 423994.111482631 428458.504414645 432926.524338793 437398.06010459 441873.004974969 446351.256413496 450832.715883537 455317.288658609 459804.883643223 464295.413203547 468788.793007292 473284.941872237 477783.781622887 482285.236954746 486789.235305753 491295.706734463 495804.58380455 500315.801475277
302905.538075378 307169.887299184 311444.883642605 315730.094617513 320025.109893932 324329.539962997 328643.014890413 332965.18315386 337295.710558214 341634.279222973 345980.586636645 350334.344773296 354695.279266767 359063.12863847 363437.643574926 367818.586251527 372205.729699262 376598.857211396 380997.761787304 385402.245610893 389812.119561219 394227.202753084 398647.322105587 403072.311936702 407502.013582171 411936.275037039 416374.950618367 420817.900647684 425264.991151916 429716.093581564 434171.084545015 438629.845557963 443092.262806953 447558.22692617 452027.632786614 456500.379296917 460976.36921504 465455.508970216 469937.708494472 474422.881063177 478910.943144056 483401.814254151 487895.41682428 492391.676070528 496890.519872355 501391.878656956
302610.230144193 307154.648873031 311701.727407558 316251.351015684 320803.411411335 325357.806312068 329914.439032293 334473.218108846 338956.406660954 343273.900680782 347599.620982472 351933.26422946 356274.541301709 360623.176503914 364978.906823769 369341.48123682 373710.660054716 378086.214313853 382467.925201681 386855.583518109 391248.989169618 395647.950693916 400052.284813056 404461.816013148 408876.376148898 413295.804071343 417719.945277254 422148.651578816 426581.78079227 431019.196444282 435460.767494934 439906.368076268 444355.877245399 448809.178751296 453266.16081438 457726.715918126 462190.740611969 466658.135324784 471128.804188331 475602.654870044 480079.598414615 484559.549093854 489042.424264318 493528.144232275 498016.632125569 502507.813771968
301728.110470301 306285.493602345 310845.162361471 315407.017617757 319970.965848236 324536.918748993 329104.792878791 333674.509331285 338245.993433205 342819.174466163 347393.985409966 351970.36270553 356548.246035689 361127.578122346 365708.30453858 370290.373534433 374873.735875249 379458.344691518 383987.68547136 388358.085222144 392734.594323295 397117.010785381 401505.141171002 405898.800160815 410297.810144839 414702.000837371 419111.208914018 423525.277669424 427944.056694383 432367.401571103 436795.173585499 441227.239455436 445663.471073937 450103.745266438 454547.943561224 458995.95197224 463447.660793536 467902.964404634 472361.761086177 476823.952845238 481289.44524972 485758.147271325 490229.971136566 494704.832185391 499182.648736948 503663.341962103
