Map_Files/Distance_to_Refugia/Ref95_distance_RAW.asc
NCOLS 312 
NROWS 451 
XLLCORNER 7 
YLLCORNER -10 
CELLSIZE 0.0416666666666667 
NODATA_value -9999 
[rows 60 to 79 of 451, columns 138 to 183 of 312]
235774.505931374 239761.011543602 243769.702945755 247799.503410534 251849.399631397 255918.437546315 260005.71844473 264110.395340674 268231.669595396 272368.78777342 276521.038716567 280687.750821237 284868.28950499 289062.054849213 293268.479405528 297487.026154279 301717.186604197 305958.479023144 310210.446790439 314472.656861967 318744.698339913 323026.18113951 327316.734745779 331616.007053728 335923.663285986 340239.384982268 344562.869055497 348893.82690981 353231.983616016 357577.077140393 361928.857623078 366287.086702505 370651.536882678 375021.990940274 379398.241368806 383780.089857277 388167.346800954 392559.830842063 396957.368438371 401359.793457754 405766.946797031 410178.676023417 414594.835037109 419015.283753602 423439.887804448 427868.518255254
233473.530680631 237498.960176871 241545.495160391 245612.092454497 249697.771831292 253801.611725739 257922.745255757 262060.356527867 266213.67720884 270381.983344656 274564.592409157 278760.860565755 282970.180126611 287191.977194693 291425.70947512 295670.86424315 299926.956457035 304193.527004862 308470.141075313 312756.386642926 317051.873059369 321356.229742612 325669.104956763 329990.16467568 334319.091524203 338655.583791151 342999.354508793 347350.130593936 351707.652045993 356071.671197977 360441.952016519 364818.269447354 369200.408803037 373588.165189847 377981.342971097 382379.755264275 386783.223469659 391191.57682817 395604.652006486 400022.292707491 404444.349304364 408870.678496678 413301.142987027 417735.611176822 422173.956879947 426616.059053128
231241.45900335 235305.375630122 239389.293821635 243492.207144054 247613.171338915 251751.29995254 255905.760292677 260075.769688535 264260.592031689 268459.534576673 272671.944981522 276897.208569771 281134.745796781 285384.009904505 289644.484749965 293915.682793844 298197.143236659 302488.430290955 306789.13157885 311098.856645169 315417.235577116 319743.917722236 324078.570497033 328420.878279218 332770.541377245 337127.275071104 341490.808719058 345860.884925253 350237.258763668 354619.69705414 359007.977686634 363401.888990167 367801.229143096 372205.805621776 376615.434684782 381029.940890135 385449.156643182 389872.921772951 394301.083134951 398733.49423859 403170.014897485 407610.510901078 412054.853706118 416502.920146626 420954.592161119 425409.756535931
229080.30455962 233182.189696867 237302.952270092 241441.625698528 245597.304490782 249769.1398176 253956.335430989 258158.14390251 262373.863155368 266602.833266746 270844.433518567 275098.079676529 279363.221478827 283639.340317463 287925.94709643 292222.580252329 296528.803924192 300844.206260374 305168.397851389 309501.010278525 313841.694768895 318190.120948413 322545.97568485 326908.962013856 331278.798141362 335655.216516384 340037.962968735 344426.795906604 348821.485569377 353221.813331513 357627.571053541 362038.560476651 366454.592657612 370875.487440973 375301.072965876 379731.185204833 384165.667532228 388604.370320354 393047.150561012 397493.871510858 401944.402358822 406398.61791404 410856.398312883 415317.628743757 419782.199188459 424250.004178957
226992.092472432 231131.341990709 235288.328445084 239462.128093872 243651.876878807 247856.765971938 252076.037685387 256308.981713566 260554.931679832 264813.261961763 269083.384771379 273364.747468609 277656.830088133 281959.143061441 286271.225117531 290592.641347095 294922.981416392 299261.857918196 303608.904848356 307963.776197466 312326.144648108 316695.700368967 321072.149897856 325455.215106416 329844.632239874 334240.151025828 338641.533846524 343048.554969624 347460.999832825 351878.664378134 356301.354431951 360728.885127426 365161.080365852 369597.772314152 374038.800935727 378484.013552197 382933.264433705 387386.414415737 391843.330540488 396303.885721025 400767.958426583 405235.4323875 409706.196318452 414180.143658607 418657.172327625 423137.184496346
224978.853403048 229154.774266524 233347.27945378 237555.490878877 241778.58841042 246015.805425742 250266.424741346 254529.774886207 258805.226687468 263092.190140712 267390.111539483 271698.470840995 276016.779247088 280344.576981373 284681.431245304 289026.934337437 293380.701921665 297742.371431457 302111.600598381 306488.066094223 310871.462277029 315261.500032257 319657.905701051 324060.420088341 328468.797544175 332882.805112243 337302.221740108 341726.837546149 346156.453138667 350590.878982972 355029.934812682 359473.449081753 363921.258454067 368373.207327704 372829.14739121 377288.937209466 381752.441836908 386219.53245607 390690.086039578 395163.985033852 399641.117062988 404121.374651282 408604.654963161 413090.859559205 417579.894167165 422071.668466936
223042.61707663 227254.424253157 231481.655706814 235723.481607167 239979.128028541 244247.87254662 248529.040221063 252821.999928105 257126.161010532 261440.970215501 265765.908893475 270100.490434132 274444.257917421 278796.781960063 283157.658739664 287526.508180362 291902.972285462 296286.713603914 300677.413818748 305074.77244672 309478.505639433 313888.345077126 318304.036947152 322725.340999907 327152.029675652 331583.887296257 336020.709316486 340462.301629866 344908.479924707 349359.069086171 353813.902640706 358272.822239446 362735.677177506 367202.323946357 371672.625816709 376146.452449545 380623.679533169 385104.188444291 389587.865931346 394074.603818394 398564.298728095 403056.851822333 407552.168559262 412050.158465542 416139.346805825 419995.092830279
221185.40526659 225432.219008995 229693.294633889 233967.852899884 238255.168107266 242554.563773482 246865.408700352 251187.113394759 255519.126808457 259860.933366071 264212.050253513 268572.024941851 272940.432924195 277316.875645444 281700.978606762 286092.389628478 290490.777256747 294895.829300759 299307.251488613 303724.766231113 308148.11148384 312577.039698757 317011.316857465 321450.721578997 325895.044295688 330344.086491298 334797.6599961 339255.586334132 343717.696118278 348183.828489213 352653.830594628 357127.557105473 361604.869766233 366085.636976541 370569.733401643 375057.039609471 379547.44173226 384040.831150824 388537.104199773 393036.16189209 397537.909661625 402042.257122177 405903.951839248 409752.059264393 413615.98802382 417495.29882218
219409.224255442 223690.067820123 227984.014000259 232290.336160649 236608.358545052 240937.452067688 245277.030497767 249626.546997085 253985.490975014 258353.385228985 262729.783341989 267114.267311634 271506.445388002 275905.950099941 280312.436451577 284725.580272722 289145.076708567 293570.638835517 298001.996391436 302438.894609674 306881.093147425 311328.365099815 315780.496092043 320237.283442611 324698.535391395 329164.070386883 333633.716427464 338107.310452162 342584.697776601 347065.731570408 351550.272372622 356038.187641966 360529.351339151 365023.643538612 369520.950067334 374021.162168625 378524.176188859 383029.893285431 387538.219154276 391849.028141701 395672.192186403 399512.218719244 403368.626138322 407240.949067802 411128.737779787 415031.557634437
217716.056800138 222029.854669858 226355.604853084 230692.634971489 235040.320583474 239398.081128674 243765.376262114 248141.702536919 252526.590399104 256919.601462013 261320.326031635 265728.380857179 270143.407084134 274565.068389508 278993.049281197 283427.053545312 287866.802827088 292312.035332509 296762.504639106 301217.978605637 305678.23837141 310143.07743694 314612.300818493 319085.724269841 323563.173565171 328044.483837727 332529.498969296 337018.071026114 341510.059737176 346005.332011363 350503.761490099 355005.228132563 359509.617830786 364016.82205217 368526.73750721 373039.265840415 377554.313342555 381630.434609307 385444.410147668 389275.875568296 393124.319477499 396989.248088518 400870.184582579 404766.668490278 408678.255093148 412604.5148452
216107.853640956 220453.430318167 224809.824135136 229176.418205863 233552.640386122 237937.959406924 242331.881389437 246733.946699739 251143.727106689 255560.823210472 259984.862113141 264415.495305754 268852.396749635 273295.261131809 277743.802276889 282197.751699709 286656.857284668 291120.882079331 295589.603191156 300062.810777419 304540.307119447 309021.905773237 313507.43078931 317996.715995451 322489.604336573 326985.94726656 331485.604187462 335988.44193184 340494.334284506 345003.161540258 349514.810094512 354029.172064076 358546.144935509 363065.631238815 367587.538244368 371416.764888885 375220.984739179 379043.366491298 382883.366192142 386740.459034263 390614.138648096 394503.916416889 398409.320814195 402329.896763725 406265.205021256 410214.821578255
214586.524604672 218962.604039598 223348.387012124 227743.312902548 232146.8624188 236558.553952856 240977.940305524 245404.605738179 249838.163315077 254278.252504291 258724.537009113 263176.702805153 267634.456361229 272097.523024759 276565.645554525 281038.582785699 285516.10841367 289998.009884775 294484.087383306 298974.152905359 303468.029411111 307965.550048002 312466.557438094 316970.903023628 321478.446465351 325989.055088814 330502.60337427 335018.9724863 339538.049839617 344059.728697908 348583.907802843 353110.491030649 357434.13144043 361208.491865642 365002.336793685 368815.064924154 372646.096632711 376494.873159947 380360.85582554 384243.525267786 388142.380708387 392056.939242333 395986.735152553 399931.319248987 403890.258231607 407863.134076925
213153.92936474 217559.135078684 221972.958968785 226394.896951733 230824.482678726 235261.284145804 239704.900654741 244154.960083994 248611.11643427 253073.047617745 257540.453463785 262013.053917321 266490.587408945 270972.809378286 275459.490934407 279950.417638866 284445.388398759 288944.214458484 293446.718480295 297952.733704747 302462.103183189 306974.6790753 311490.32200537 316008.900471794 320530.290304742 325054.374167557 329581.041097863 334110.186084766 338641.709678958 343175.517632738 347243.652012908 351006.142681833 354788.934931199 358591.386261326 362412.877866785 366252.813733544 370110.619764338 373985.742932401 377877.650463547 381785.829046429 385709.784070705 389649.038892698 393603.134128092 397571.626971109 401554.090539569 405550.113245172
211811.867933329 216244.723892074 220685.147737587 225132.6916521 229586.941826707 234047.515352595 238514.057440574 242986.23893002 247463.754053368 251946.318426634 256433.667240247 260925.553627659 265421.747192009 269922.032673552 274426.208742624 278934.086904771 283445.490506228 287960.253829329 292478.2212686 296999.246579401 301523.192191819 306049.928583412 310579.333705021 315111.292454573 319645.696194293 324182.442307249 328721.433789568 333262.578875068 337060.494479985 340810.306774823 344581.302576475 348372.793962746 352184.118975256 356014.640612073 359863.745851796 363730.844709412 367615.369323982 371516.773078063 375434.529748586 379368.132688811 383317.094040832 387280.943978047 391259.22997693 395251.516117363 399257.382410761 403276.424155192
210562.070971858 215021.003256533 219486.495132286 223958.154204674 228435.618282158 232918.552570185 237406.647167365 241899.614827099 246397.188952925 250899.121800027 255405.182858966 259915.157400738 264428.845164939 268946.059175092 273466.624667148 277990.378118918 282517.166369624 287046.845820067 291579.281705021 296114.347430438 300651.92396888 305191.899307386 309734.167942539 314278.630418182 318825.19290166 323172.064851301 326885.402303543 330621.645377452 334380.026242466 338159.806753067 341960.277287694 345780.755621933 349620.585836777 353479.137262487 357355.803458241 361250.001227564 365161.169669325 369088.769263892 373032.280993934 376991.205499205 380965.062264588 384953.388840565 388955.740095262 392971.687497128 397000.818427323 401042.73552083
209406.190017776 213889.529331212 218378.468866163 222872.670215571 227371.821346095 231875.634111139 236383.842036361 240896.198343954 245412.474186582 249932.457065791 254455.949413058 258982.767314525 263512.739362912 268045.705622205 272581.516692537 277120.032864229 281661.123351338 286204.665596205 290750.544637477 295298.652535068 299848.887846149 304401.155147033 308955.364596369 313021.523516673 316719.213330078 320440.902798316 324185.765352599 327953.007146814 331741.865755996 335551.608912681 339381.533282361 343230.963278796 347099.249919633 350985.769722427 354889.923640925 358811.136041259 362748.85371749 366702.544945822 370671.698576662 374655.823163619 378654.446128457 382667.112960954 386693.386452577 390732.845962874 394785.086717437 398849.71913631
208345.787735322 212851.77277074 217362.454441506 221877.546285191 226396.784421665 230919.925394397 235446.744252089 239977.03284034 244510.598277269 249047.261590633 253586.856496997 258129.22830616 262674.232936215 267221.736026536 271771.612137606 276323.744028019 280878.02200016 285434.343307135 289992.6116144 294552.736510353 299114.633060783 302882.021959682 306562.87522134 310268.919880263 313999.263943515 317753.051591393 321529.461714913 325327.70649505 329147.030025442 332986.706979764 336846.041324481 340724.365077291 344621.037111242 348535.442004238 352466.988933357 356415.110613294 360379.262277997 364358.920704514 368353.583277906 372362.767096058 376386.008113131 380422.860320363 384472.894962938 388535.699791581 392610.878347566 396698.049279846
207382.328306508 211909.109992492 216439.747202274 220974.002765798 225511.658405203 230052.512906409 234596.380497225 239143.089405476 243692.480574474 248244.406516305 252798.730286113 257355.324562865 261914.070823995 266474.858603006 271037.584820539 275602.153180595 280168.473624694 284736.461837596 289119.579073499 292754.771326327 296417.46398464 300106.650139672 303821.364678717 307560.682595276 311323.717341683 315109.619227474 318917.573865984 322746.800670908 326596.551403978 330466.108774357 334354.78508994 338261.920960358 342186.884051185 346129.067888594 350087.890713494 354062.794384019 358053.243325115 362058.723523859 366078.741569081 370112.823733803 374160.51509899 378221.378717064 382294.994813659 386380.960026091 390478.886677027 394588.402081877
206517.168085014 211062.81470639 215611.5446458 220163.166772291 224717.505323042 229274.398399461 233833.696635326 238395.262014583 242958.966819686 247524.692694043 252092.329804487 256661.7760916 261232.936597374 265805.722861121 270380.052375709 274955.848097268 279027.116457231 282641.15421146 286284.206346452 289955.179224757 293653.025718944 297376.743306414 301125.372209387 304897.993584645 308693.727766515 312511.732565648 316351.201625309 320211.362836276 324091.476810775 327990.835415466 331908.760363049 335844.601861736 339797.737321566 343767.570116305 347753.528399527 351755.063973317 355771.651207948 359802.786010814 363847.984842862 367906.783780723 371978.737622762 376063.419037253 380160.417750913 384269.339776061 388389.806674687 392521.45485779
205751.546639758 210314.049818597 214878.939091443 219446.06553245 224015.292290183 228586.493394406 233159.552700927 237734.362956302 242310.824966874 246888.846858898 251468.343418342 256049.235500594 260631.449501598 265214.916883148 268951.686690061 272542.755851978 276164.506921442 279815.748508989 283495.341146177 287202.195133641 290935.268436251 294693.564631721 298476.130917616 302282.056180407 306110.469129196 309960.536495781 313831.461301999 317722.481194602 321632.866847421 325561.920430082 329508.97414223 333473.388811874 337454.552556284 341451.879503653 345464.808573643 349492.802314795 353535.345796775 357591.945555345 361662.128587955 365745.441397869 369841.449084731 373949.734479535 378069.897321989 382201.553478334 386344.334197696 390497.88540516
